0.000000	13163.679680	13494.232230	10390.713900	10868.278090
60.000000	13330.456130	13444.370660	10519.521960	10805.088800
120.000000	13257.052430	13414.247950	10481.168720	10819.372170
180.000000	13325.933180	13489.497550	10467.137800	10740.580690
240.000000	13118.213720	13605.663900	10265.641000	10655.208420
300.000000	13310.283810	13762.277550	10422.451600	10658.105550
731.500000	12740.172550	12519.683750	10007.281010	9964.383980
775.600000	12606.828730	12363.968390	9995.214238	10138.899430
819.600000	12611.041870	12506.235670	10090.903860	9814.947452
863.600000	12476.560600	12448.249870	9845.788484	9987.923133
907.600000	12720.329790	12475.410230	10018.697810	9952.049356
951.600000	12490.657110	12431.548060	9853.917037	10018.648280
995.600000	12621.242350	12471.389720	10005.168720	9900.903793
1039.600000	12597.057760	12303.602750	9903.281848	9917.100918
1083.600000	12566.305920	12383.959730	10037.934200	10025.607130
1127.600000	12740.967230	12229.043810	10009.066000	9915.202643
1171.600000	12498.009220	12312.777960	9888.506397	10008.483860
1215.600000	12588.570820	12409.406600	9968.812825	9970.119926
1259.600000	12610.259530	12227.066160	9944.145448	9955.069313
1303.600000	12527.425750	12612.686740	9857.742909	9978.668565
1347.600000	12640.569320	12397.724560	9960.038612	9863.439134
1391.600000	12446.797830	12542.551790	10028.336270	9808.281426
1435.600000	12584.118160	12392.178710	9907.272588	10089.220500
1479.600000	12607.814160	12360.220930	9855.874173	10038.432970
1523.600000	12525.765430	12333.156620	9965.409028	9985.267554
1567.600000	12613.691450	12336.005690	9900.214802	10027.127050
1611.600000	12553.505670	12442.801800	9997.261724	10083.406910
1655.600000	12599.047760	12339.420160	9836.337984	10061.406830
1699.600000	12430.149060	12333.172250	9937.899558	9979.788993
1743.600000	12493.353520	12426.253460	9944.281465	9954.002759
1800.000000	12583.417440	12435.274270	9917.891571	10019.131420
1860.000000	12526.884130	12322.907640	9881.227200	9863.776008
1920.000000	12489.202470	12298.208610	9922.534864	9921.211958
1980.000000	12562.545170	12457.715360	9859.855139	9963.973062
2040.000000	12348.909720	12241.451880	9987.035670	9836.357943
2100.000000	12556.410800	12374.988090	9944.121093	9921.137593
2160.000000	12563.838630	12307.184230	9858.403940	9871.784767
2220.000000	12469.652990	12349.990270	9884.208043	9938.874852
2280.000000	12529.632090	12315.313520	9906.866303	9873.755924
2340.000000	12435.218950	12303.428930	9769.896875	9767.994940
2400.000000	12543.376010	12196.247460	9863.292793	9749.160841
2460.000000	12300.989500	12257.169640	9734.807447	9758.633193
2520.000000	12502.677480	12308.556280	9866.910495	9809.159685
2580.000000	12411.135830	12131.385580	9851.496533	9813.846811
2640.000000	12355.403740	12171.963560	9763.198895	9884.804805
2700.000000	12372.840750	12284.256380	9816.634591	9878.250625
2760.000000	12493.726210	12292.854030	9861.850675	9761.920626
2820.000000	12491.925950	12481.387360	9847.865737	9842.263665
2880.000000	12507.644380	12243.079560	9838.286618	9889.518429
2940.000000	12360.748090	12330.513760	9689.884148	9897.267520
3000.000000	12426.325330	12271.269590	9922.497156	9811.661388
3060.000000	12518.775880	12314.629200	9887.927344	9834.924651
3120.000000	12470.846890	12349.971260	9827.700063	9772.960141
3180.000000	12511.218290	12343.748970	9699.006844	9823.745664
3240.000000	12433.401560	12310.111870	9907.908921	9826.810101
3300.000000	12321.942390	12261.547840	9782.695977	9841.442856
3360.000000	12538.428190	12134.317790	9706.711994	9938.250378
3420.000000	12413.066040	12433.885340	9919.554063	9940.426412
3480.000000	12359.809830	12305.326780	9887.435120	9789.830619
3540.000000	12380.295780	12239.806300	9802.691307	9812.430637
3600.000000	12434.753880	12179.103990	9829.746193	9936.445397
3660.000000	12488.975990	12237.011920	9766.245203	9838.743366
3720.000000	12355.675510	12276.984300	9804.589127	9886.015039
3780.000000	12448.160030	12104.948350	9807.732363	9810.405197
3840.000000	12419.428920	12320.601270	9793.472675	9821.375135
3900.000000	12362.912990	12260.323270	9881.072727	9888.582642
3960.000000	12269.185970	12124.451190	9778.669721	9715.945033
4020.000000	12430.592690	12334.861220	9786.025243	9813.866542
4080.000000	12334.299140	12361.681630	9841.069094	9872.787077
4140.000000	12388.795050	12300.593080	9792.599791	9841.313083
4200.000000	12483.905020	12270.163260	9763.960067	9886.249131
4260.000000	12397.574910	12200.845150	9846.040944	9787.575912
4320.000000	12343.962630	12217.854270	9814.024141	9751.441675
4380.000000	12299.380490	12371.292530	9836.510551	9738.214983
4440.000000	12393.351310	12135.065090	9846.315783	9739.425425
4500.000000	12338.377380	12233.554980	9714.102139	9917.661950
4560.000000	12384.990260	12244.560640	9857.191277	9810.700774
4620.000000	12360.513560	12188.171360	9831.896565	9859.096885
4680.000000	12306.033610	12243.365920	9783.448351	9743.652145
4740.000000	12318.052230	12356.280900	9893.335199	9706.498994
4800.000000	12316.910450	12230.730230	9781.746171	9731.930422
4860.000000	12319.135190	12115.136850	9783.465410	9816.059115
4920.000000	12416.017310	12268.300890	9863.183866	9650.994908
4980.000000	12249.824160	12343.023450	9696.563858	9922.603090
5040.000000	12343.938040	12284.765130	9893.366217	10033.914970
5100.000000	12275.699390	12213.222000	9833.800334	9830.927052
5160.000000	12291.389200	12244.410640	9843.106359	9889.129397
5220.000000	12222.122650	12058.594190	9745.733741	10048.219910
5280.000000	12431.376780	12109.601680	9761.327889	9845.533909
5340.000000	12316.699870	12240.122170	9894.634074	9825.906618
5400.000000	12300.313840	12292.498370	9709.951132	9672.941723
5460.000000	12285.762150	12126.252320	9736.456327	9799.847021
5520.000000	12293.900760	12228.439070	9694.767530	9882.126714
5580.000000	12459.175340	12132.021910	9783.781814	9784.914215
5640.000000	12330.521830	12412.332270	9750.431522	9724.869227
5700.000000	12165.673440	12130.994670	9724.268831	9919.171119
5760.000000	12439.006580	12239.725820	9779.693190	9849.460271
5820.000000	12388.455320	12194.862700	9695.067782	9879.678508
5880.000000	12429.566610	12190.947940	9796.482054	9716.442542
5940.000000	12493.706630	12223.437950	9811.988326	9803.554948
6000.000000	12253.531160	12304.938870	9736.789888	9778.171451
6060.000000	12292.972270	12214.163180	9909.917506	9695.324598
6120.000000	12162.814240	12176.621420	9793.618329	9832.687092
6180.000000	12270.318040	12168.599550	9753.035077	9783.389601
6240.000000	12338.093130	12053.622780	9735.758638	9763.729606
6300.000000	12219.352520	12247.993060	9670.503962	9717.448569
6360.000000	12313.020710	12146.136480	9792.837105	9785.882235
6420.000000	12313.349930	12315.158590	9818.366735	9747.319224
6480.000000	12364.985600	12150.841710	9793.112394	9879.165793
6540.000000	12218.378990	12197.845420	9843.194282	9691.358832
6600.000000	12221.954680	12305.406270	9910.046803	9609.406112
6660.000000	12297.241850	12143.758590	9721.080955	9881.124333
6720.000000	12199.203590	12122.535160	9785.941976	9761.859471
6780.000000	12258.261160	12238.802510	9864.285923	9933.224692
6840.000000	12323.662600	12261.349090	9808.292240	9812.829090
6900.000000	12304.743090	12220.818380	9755.591749	9643.523559
6960.000000	12142.209120	12143.030280	9785.612341	9762.315227
7020.000000	12180.545450	12343.059900	9889.941302	9935.485178
7080.000000	12283.500950	11975.784250	9623.191162	9823.036532
7140.000000	12155.394560	12076.986360	9779.438252	9791.883207
7200.000000	12307.599190	12190.514050	9594.746480	9819.637049
7260.000000	12198.912590	12191.663730	9785.242268	9835.944293
7320.000000	12101.448580	12096.187820	9667.706788	9772.374983
7380.000000	12214.575430	11981.816990	9741.297589	9757.032433
7440.000000	12352.434240	12128.763500	9689.154539	9798.525605
7500.000000	12233.506510	12159.131630	9635.707286	9659.640526
7560.000000	12145.573040	12086.029350	9753.998603	9798.585199
7620.000000	12295.734400	12235.135460	9735.549410	9727.348139
7680.000000	12307.918050	12088.004440	9670.685188	9715.629612
7740.000000	12177.388380	12240.109260	9711.725450	9704.171195
7800.000000	12175.007880	12197.174220	9586.591544	9798.783047
7860.000000	12330.822640	12170.305150	9705.517309	9693.459806
7920.000000	12088.009110	12170.998880	9683.930302	9786.834425
7980.000000	12021.247980	12285.778240	9655.234541	9804.060232
8040.000000	12159.791040	12186.079660	9680.978981	9791.344023
8100.000000	12158.431450	12097.259950	9775.285906	9703.967198
8160.000000	12137.201830	12111.904690	9802.922524	9623.702970
8220.000000	12071.264610	12138.762350	9725.401909	9736.451421
8280.000000	12282.739000	12299.662850	9717.018923	9762.244966
8340.000000	12190.128200	12298.657880	9823.554167	9866.302427
8400.000000	12214.464020	12268.571970	9756.804663	9847.001277
8460.000000	12121.757720	12065.739690	9657.857418	9797.577441
8520.000000	12118.356970	12124.770660	9792.597417	9893.261071
8580.000000	12065.661870	12048.045650	9636.546924	9830.646643
8640.000000	12156.580540	12094.865520	9739.694612	9809.382507
8700.000000	12269.851190	12202.876250	9674.333744	9741.230270
8760.000000	12061.428070	12145.095640	9743.859837	9764.074669
8820.000000	12113.468660	12195.320540	9604.846202	9735.692397
8880.000000	12164.866190	12083.183210	9718.112270	9729.459437
8940.000000	12205.275810	12090.089920	9737.494890	9746.487767
9000.000000	12099.159140	12131.590680	9640.382219	9770.570385
9060.000000	12302.945970	12070.635680	9682.003322	9833.706997
9120.000000	12121.079600	12111.245310	9593.863178	9608.795247
9180.000000	12125.325310	11893.448500	9601.127959	9683.882240
9240.000000	12108.977850	12065.047200	9685.850711	9678.544454
9300.000000	11980.490840	12064.803880	9669.360387	9773.636402
9360.000000	12174.963210	12196.049910	9600.597371	9748.767507
9420.000000	12124.391570	12013.765810	9646.675276	9649.601680
9480.000000	11996.475380	12127.251120	9704.968753	9775.287773
9540.000000	12318.105910	12086.477900	9525.814379	9780.800859
9600.000000	12206.836780	11995.712920	9668.738044	9650.795348
9660.000000	12162.030170	12108.999850	9622.626718	9662.007898
9720.000000	12105.549310	11976.923490	9597.055476	9746.233780
9780.000000	11937.464370	12020.769050	9693.355845	9754.600316
9840.000000	12191.012210	12195.667520	9735.491806	9793.904725
9900.000000	12086.500440	12047.977690	9666.254868	9616.191468
9960.000000	12043.081690	12094.461350	9489.855107	9703.637734
10020.000000	12042.039140	11971.478560	9655.384906	9749.336866
10080.000000	12095.226350	12093.495990	9656.250217	9904.826135
10140.000000	12077.490760	12107.032800	9683.720875	9701.100162
10200.000000	12134.376910	12221.163930	9719.637904	9785.680241
10260.000000	12122.053020	12097.271450	9647.179717	9661.575832
10320.000000	11973.438630	12131.882810	9567.537550	9630.117416
10380.000000	12106.359950	12226.529890	9721.259000	9734.092238
10440.000000	12037.341380	12105.253690	9593.096929	9672.873110
10500.000000	12193.188600	12157.431280	9610.341252	9720.939661
10560.000000	12084.401540	12103.067670	9659.402696	9851.705641
10620.000000	11972.144230	12063.922290	9685.636943	9634.528158
10680.000000	11984.894260	12051.380660	9676.551110	9776.036959
10740.000000	12020.130330	11859.634280	9648.902787	9661.913469
10800.000000	12040.007300	12100.792320	9601.938189	9725.641777
10860.000000	11876.993670	12068.265200	9633.599127	9724.606197
10920.000000	12164.205700	12089.510910	9571.808449	9815.346589
10980.000000	12059.740840	12067.373690	9532.723658	9792.811984
11040.000000	12098.994250	12067.141530	9647.474592	9888.120586
11100.000000	12201.839860	12103.304130	9638.837507	9767.531045
11160.000000	12071.774190	12159.263940	9606.182996	9749.795011
11220.000000	11948.957710	12166.102820	9749.307048	9651.263854
11280.000000	12009.958610	12037.141240	9632.964839	9813.550039
11340.000000	12058.178760	12104.228520	9514.757849	9769.149648
11400.000000	12048.579250	12180.986400	9615.582164	9599.311713
11460.000000	12185.563570	12157.019970	9638.598893	9656.435509
11520.000000	12146.533470	12199.695650	9743.339322	9873.359822
11580.000000	12110.786650	12059.522600	9609.185720	9820.203913
11640.000000	11967.674620	12165.160190	9793.562499	9715.328200
11700.000000	12124.346610	12122.185930	9699.260133	9714.412652
11760.000000	12072.988280	12102.547070	9585.743654	9786.684711
11820.000000	12166.687910	12187.620750	9598.743606	9809.038307
11880.000000	12098.233230	12177.469270	9644.452579	9718.902306
11940.000000	11932.016900	12164.877540	9633.927848	9658.173072
12000.000000	12074.625570	12061.446550	9566.640399	9649.818528
12060.000000	12198.224810	12004.290050	9777.706527	9741.014471
12120.000000	12109.740360	12107.023750	9766.031926	9846.954121
12180.000000	12123.465670	12207.248980	9648.267166	9726.399267
12240.000000	12115.897390	12162.569130	9636.697069	9696.265363
12300.000000	12023.631830	12046.039160	9665.648243	9684.154011
12360.000000	12074.332040	12039.127160	9745.199565	9779.268233
12420.000000	12043.382320	12145.960810	9620.275582	9848.828318
12480.000000	11963.346560	12181.895630	9627.076095	9845.466183
12540.000000	12046.955280	12055.544080	9641.482416	9784.045525
12600.000000	12026.961100	12048.805800	9794.587348	9726.307406
12660.000000	11916.767170	12001.150030	9613.011931	9751.089805
12720.000000	12126.099720	12038.712560	9761.460066	9768.499595
12780.000000	11998.333970	11919.275100	9681.615122	9706.901859
12840.000000	12072.620220	12057.311920	9736.431481	9747.747820
12900.000000	12019.325250	11971.950310	9680.049732	9748.332124
12960.000000	12174.486660	12275.156900	9751.434996	9800.235657
13020.000000	11936.856160	12176.216430	9642.551301	9676.095741
13080.000000	12078.658430	12290.626220	9746.102610	9715.087579
13140.000000	11982.238210	12030.642260	9726.008943	9785.571538
13200.000000	11925.995590	12096.469190	9634.690505	9911.272095
13260.000000	12043.799660	12111.790000	9640.262575	9868.480671
13320.000000	12267.280380	12203.657570	9665.861053	9797.130926
13380.000000	11929.186920	12012.108560	9726.820465	9698.283980
13440.000000	12160.426470	12148.129360	9628.231544	9898.428743
13500.000000	11933.858510	12156.089130	9618.228013	9761.168885
13560.000000	12020.194290	12169.911300	9644.959084	9872.191236
13620.000000	12081.588030	12077.488150	9652.388975	9851.471442
13680.000000	11941.462370	12005.039990	9728.541496	9699.464518
13740.000000	12114.151300	12221.928020	9623.698870	9807.825642
13800.000000	12012.828780	11987.797330	9696.543104	9850.816619
13860.000000	12029.560250	12189.214680	9746.461621	9845.288326
13920.000000	12016.353530	12166.650910	9605.066035	9843.520914
13980.000000	11876.245380	12293.470360	9586.394993	9823.278193
14040.000000	11985.455780	12223.148050	9758.400802	9827.605250
14100.000000	11939.342950	12098.056810	9662.579483	9855.443034
14160.000000	12178.953740	12245.055170	9735.737745	9893.745481
14220.000000	11978.804160	12114.427500	9766.859375	9673.042546
14280.000000	11966.304010	12101.255840	9767.297499	9723.418712
14340.000000	12068.786510	12135.279420	9633.765985	9993.895968
14400.000000	11912.465250	12053.712610	9618.274722	9961.212663
14460.000000	12046.293930	12158.085520	9685.649817	9873.933606
14520.000000	12009.084670	12191.158090	9595.390319	9836.932641
14580.000000	12122.996500	12185.383320	9732.610559	9743.933881
14640.000000	12033.647930	12138.903390	9785.008869	9862.810718
14700.000000	11952.021350	12240.645890	9798.093281	10066.616570
14760.000000	12023.993140	12152.634940	9683.139718	9939.214928
14820.000000	11928.446590	12086.555030	9623.132914	9874.973856
14880.000000	12036.591240	12189.013450	9858.937606	9883.523771
14940.000000	12075.958840	12145.352110	9764.095313	9729.652832
15000.000000	12188.317230	12314.134190	9689.490450	10013.137640
15060.000000	12010.938850	12133.018410	9750.522821	9937.242740
15120.000000	12274.394560	12258.223010	9826.247611	9882.762079
15180.000000	12126.507910	12056.063450	9795.862551	9950.281515
15240.000000	11967.191750	12028.258950	9656.104315	9840.147070
15300.000000	12019.100540	12215.884040	9662.039020	9784.868836
15360.000000	12121.153680	12184.479990	9664.655142	9763.563196
15420.000000	12074.813190	12067.344400	9787.761718	9764.817608
15480.000000	12021.452070	12262.719730	9814.185100	9900.186066
15540.000000	12007.614660	12079.252990	9671.113062	9844.921780
15600.000000	11970.299140	12255.523510	9723.018938	9894.942647
15660.000000	12049.157040	12247.014140	9801.237197	9915.637708
15720.000000	12018.077630	12105.344940	9769.402103	9751.175159
15780.000000	11952.231700	12215.762190	9651.561413	9870.113234
15840.000000	12106.914160	12259.721460	9757.662758	9812.825577
15900.000000	12008.076250	12109.284190	9833.173788	9774.104498
15960.000000	11881.274600	12175.857120	9658.690687	9796.405968
16020.000000	12061.055440	12299.671180	9750.678719	9778.725706
16080.000000	11942.585650	12069.504270	9736.655498	9795.990910
16140.000000	12075.768930	12325.538140	9749.233528	9941.436328
16200.000000	12078.199900	12070.271240	9630.441472	9791.492817
16260.000000	12094.813330	12376.733170	9694.704539	9822.117742
16320.000000	12082.272070	12170.526740	9770.875867	9723.468983
16380.000000	11996.495290	12191.173300	9698.854614	9893.094505
16440.000000	12164.771140	12199.779750	9689.225196	9770.336029
16500.000000	12173.871590	12115.350070	9649.846121	9901.346620
16560.000000	11972.629350	12286.200990	9680.030244	9911.496524
16620.000000	12102.330260	12401.058220	9985.977915	9890.869522
16680.000000	11946.200960	12216.312720	9692.825278	9878.703310
16740.000000	12065.865810	12233.718130	9620.521348	9843.202443
16800.000000	12100.181360	12182.627600	9738.526809	9960.974023
16860.000000	11961.789220	12173.827460	9658.548960	9872.487349
16920.000000	12007.554970	12170.556330	9768.214358	10042.393320
16980.000000	11954.725890	12228.311940	9710.098563	9936.326686
17040.000000	12079.022270	12173.213550	9639.489396	9826.619804
17100.000000	12039.857270	12164.503000	9565.447157	9828.897069
17160.000000	11884.650830	12313.232730	9654.824417	9879.222356
17220.000000	12010.607240	12318.097380	9724.782014	9991.093172
17280.000000	12019.227150	12178.662770	9796.543817	9891.433023
17340.000000	12162.452480	12167.275390	9723.852312	9880.310939
17400.000000	11970.734820	12134.680350	9784.232382	9992.481668
17460.000000	12078.609720	12410.499260	9662.352516	10002.677390
17520.000000	12060.289780	12211.622100	9649.585837	9945.227124
17580.000000	12009.019080	12188.873200	9583.416712	9936.281398
17640.000000	12024.421700	12108.941350	9639.920324	9870.404317
17700.000000	11976.406690	12265.326070	9783.758717	9893.953441
17760.000000	11954.405180	12258.059600	9700.475650	9778.484238
17820.000000	12063.698590	12195.781980	9680.518589	9968.458029
17880.000000	11982.191980	12225.640780	9730.496425	9878.231806
17940.000000	12052.899530	12163.789820	9832.634086	9922.008912
18000.000000	12019.038900	12172.131400	9691.546020	9809.375726
18060.000000	12013.707710	12148.663040	9699.780948	10004.305320
18120.000000	12040.199450	12250.172930	9659.276083	9907.404689
18180.000000	12040.762700	12155.067120	9754.885288	9961.270153
18240.000000	12014.639230	12307.453750	9832.361479	9882.284993
18300.000000	11985.600460	12102.822300	9734.389647	9804.853195
18360.000000	12026.322110	12224.715960	9741.669449	9922.402375
18420.000000	11958.777520	12192.216350	9673.039166	10078.486390
18480.000000	11694.241180	12110.304170	9707.635796	9839.497240
18540.000000	11942.701750	12250.893520	9624.890103	10015.490270
18600.000000	12025.847860	12146.084310	9723.202780	9823.304027
18660.000000	12108.063140	12216.422560	9703.255318	9797.644675
18720.000000	11955.280180	12260.025360	9769.716008	9886.330758
18780.000000	11892.851760	12135.292100	9750.467544	9880.428708
18840.000000	11966.881680	12305.189720	9687.180478	9964.099897
18900.000000	11997.962280	12261.280160	9766.186075	9971.855799
18960.000000	11966.239850	12187.577960	9754.396423	9985.831497
19020.000000	12045.050430	12078.364220	9734.102453	9895.539208
19080.000000	11992.199900	12176.251340	9695.517821	9921.049979
19140.000000	11986.965730	12208.143060	9763.913602	9970.836989
19200.000000	12000.225380	12307.420450	9801.636568	9948.280721
19260.000000	11942.035690	12268.682940	9862.268925	9822.067520
19320.000000	12060.949850	12110.363000	9776.257487	9962.633173
19380.000000	11976.434970	12262.456520	9825.108026	10012.230260
19440.000000	12060.142750	12213.206960	9706.763629	10025.106890
19500.000000	11932.504230	12192.140510	9727.802206	9992.490229
19560.000000	12016.940340	12150.235060	9820.641047	9896.853520
19620.000000	11921.313180	12254.828950	9829.168824	9952.647839
19680.000000	12103.857740	12286.485020	9438.701852	9931.666545
19740.000000	12019.319010	12274.500540	9815.308007	9967.181294
19800.000000	11976.574810	12165.762540	9633.067562	9976.508423
19860.000000	11971.005600	12125.132780	9681.312949	9944.167433
19920.000000	12080.582090	12300.377250	9777.388381	10041.846060
19980.000000	11880.246550	12217.400140	9713.771827	9707.723583
20040.000000	11849.196440	12267.408790	9592.799260	9893.250298
20100.000000	11862.843410	12207.264260	9650.506601	9853.976893
20160.000000	11897.310610	12329.383440	9672.563421	9824.136633
20220.000000	11729.679330	12120.912380	9640.304346	9810.953674
20280.000000	11968.809840	12103.462550	9608.072816	9875.882612
20340.000000	11875.752990	12185.165890	9562.484941	9778.747602
20400.000000	11827.002870	12101.698620	9698.280209	9971.844145
20460.000000	11952.870080	12033.606470	9584.584004	9759.000898
20520.000000	11759.465300	12153.695940	9466.336720	9834.584095
20580.000000	11874.382830	12187.073450	9719.903524	9914.323644
20640.000000	11672.598220	12121.175530	9537.401793	9791.484816
20700.000000	11849.750880	12147.136020	9549.903098	9624.849667
20760.000000	11711.989120	12081.805900	9525.323476	9845.206561
20820.000000	11934.211190	11865.787030	9491.183113	9793.909486
20880.000000	11791.401130	11894.811800	9643.418705	9784.463143
20940.000000	11778.047640	12273.576310	9635.015941	9840.845219
21000.000000	11831.316690	12001.861100	9596.724778	9698.900262
21060.000000	11798.732990	12056.647170	9548.617635	9766.064379
21120.000000	11839.714030	12005.496170	9613.906747	9965.125818
21180.000000	11780.790140	11994.225970	9430.041137	9889.585468
21240.000000	11813.744540	12057.076090	9470.477398	9772.696626
21300.000000	11770.660220	12181.414870	9605.481937	9775.992871
21360.000000	11779.388590	12121.887640	9586.171378	9671.029595
21420.000000	11805.842460	12191.021740	9650.139532	9825.198578
21480.000000	11687.598270	11917.921950	9475.615411	9762.085401
21540.000000	11763.417870	11989.300460	9543.629607	9784.640956
21600.000000	11717.116200	12122.124570	9397.440121	9591.364033
21660.000000	11720.309780	11985.475700	9454.197532	9626.550991
21720.000000	11668.386220	11867.014240	9459.322839	9781.158894
21780.000000	11785.793220	11967.115850	9583.230889	9739.077117
21840.000000	11779.482740	11985.420670	9476.751270	9802.864853
21900.000000	11726.093760	12136.031690	9457.373756	9727.007901
21960.000000	11834.844390	11835.753070	9541.532736	9685.873645
22020.000000	11662.359620	12085.080500	9321.164972	9732.690169
22080.000000	11606.128500	11965.023920	9537.793931	9691.171894
22140.000000	11680.735970	11987.814720	9448.163197	9538.167076
22200.000000	11650.059140	12082.675090	9424.120834	9656.618165
22260.000000	11719.552800	11946.471470	9361.840450	9596.182394
22320.000000	11557.592410	11828.586830	9444.302281	9645.392946
22380.000000	11709.836430	11945.959020	9471.318466	9634.114347
22440.000000	11695.011450	11847.632370	9373.148237	9613.311957
22500.000000	11519.381740	11808.193910	9417.943843	9645.532743
22560.000000	11543.639790	11788.337410	9270.055882	9697.877516
22620.000000	11669.279030	11846.159050	9450.837891	9655.788008
22680.000000	11414.358450	11791.220610	9406.082832	9620.441320
22740.000000	11608.481880	11888.190740	9545.289001	9620.124480
22800.000000	11546.351020	11862.617010	9375.484271	9655.409282
22860.000000	11646.033700	11939.633250	9393.347947	9491.949630
22920.000000	11414.444480	12064.823610	9306.720741	9722.815356
22980.000000	11526.754250	12038.078820	9376.546375	9594.539162
23040.000000	11540.136600	11906.118810	9497.464964	9660.327501
23100.000000	11508.181440	11943.914830	9348.530870	9505.056509
23160.000000	11463.287920	11780.368270	9412.575738	9670.751253
23220.000000	11559.260740	11921.231640	9436.119000	9530.899692
23280.000000	11525.429210	12063.561960	9328.120803	9548.566831
23340.000000	11526.183520	11946.427290	9263.597569	9634.523955
23400.000000	11427.236570	11758.268490	9457.397442	9687.943679
23460.000000	11613.363040	12068.018360	9347.781516	9568.706951
23520.000000	11575.240840	11985.476390	9309.157212	9648.824714
23580.000000	11536.636180	11931.572050	9434.287301	9507.262063
23640.000000	11387.717100	11847.373320	9381.363107	9587.535142
23700.000000	11598.550730	11755.746220	9370.321105	9586.386431
23760.000000	11561.401910	11926.495390	9304.113491	9619.846366
23820.000000	11445.112790	11934.700120	9344.856172	9636.987861
23880.000000	11609.543640	11839.832820	9414.299692	9522.905818
23940.000000	11542.098940	11809.135140	9309.636016	9632.970475
24000.000000	11480.810810	11883.498220	9255.921645	9630.139537
24060.000000	11476.224490	11876.296450	9228.680697	9634.058109
24120.000000	11503.845370	11978.970890	9410.684103	9469.289963
24180.000000	11503.277940	11848.661590	9126.573451	9641.480478
24240.000000	11606.647730	11929.038760	9260.370252	9527.778766
24300.000000	11497.323890	11841.614470	9265.153302	9730.749045
24360.000000	11489.989570	11907.916720	9389.504365	9602.455006
24420.000000	11542.959790	11912.775560	9380.856362	9514.058223
24480.000000	11455.396000	11853.003020	9421.432933	9620.316806
24540.000000	11528.503940	11901.786590	9174.573398	9575.724261
24600.000000	11708.443020	11839.811970	9416.085597	9608.576250
24660.000000	11390.481930	11842.612330	9407.113538	9567.273103
24720.000000	11695.754570	11956.537790	9376.999818	9512.331488
24780.000000	11578.647220	11983.522210	9351.520297	9731.195540
24840.000000	11573.655360	11934.962430	9393.312651	9557.208057
24900.000000	11508.881920	12060.446510	9383.651864	9615.614306
24960.000000	11581.358360	11832.538160	9390.889017	9775.332957
25020.000000	11615.662130	11996.319620	9265.886066	9664.809471
25080.000000	11580.615480	11725.051720	9417.087035	9622.702531
25140.000000	11609.958240	11992.902410	9397.799062	9640.989371
25200.000000	11575.021560	11999.217540	9341.299418	9576.263280
25260.000000	11569.359300	11934.982840	9374.623804	9685.364130
25320.000000	11551.758230	11800.114660	9472.183466	9723.390669
25380.000000	11532.480890	11867.804630	9415.378265	9568.803808
25440.000000	11395.662300	11996.363290	9322.988902	9625.541294
25500.000000	11534.370160	12036.512750	9428.062063	9522.439761
25560.000000	11453.574350	12022.538450	9362.201009	9618.137612
25620.000000	11692.119890	11851.184890	9528.571981	9683.047975
25680.000000	11661.739400	11878.546600	9440.641964	9664.738026
25740.000000	11507.824370	12016.691830	9358.353904	9797.587410
25800.000000	11574.676510	11915.981200	9346.820627	9748.581976
25860.000000	11489.277950	11902.272760	9447.795701	9593.097203
25920.000000	11731.082500	11986.507960	9449.093604	9696.418274
25980.000000	11497.060490	11848.418100	9381.994986	9626.996368
26040.000000	11560.893120	11971.381990	9300.745603	9667.743540
26100.000000	11459.227270	11882.566110	9319.375593	9712.600767
26160.000000	11642.531790	11936.178110	9437.804886	9774.135215
26220.000000	11409.890660	12076.406150	9441.946682	9764.048974
26280.000000	11597.804750	12091.557580	9440.542663	9807.267673
26340.000000	11734.026700	11979.172470	9542.361904	9757.981776
26400.000000	11604.984340	11938.409170	9309.649690	9691.585713
26460.000000	11598.941070	12023.536600	9466.912744	9789.308344
26520.000000	11592.185370	12189.149780	9497.483947	9756.941064
26580.000000	11524.437530	11970.065700	9445.552899	9843.240479
26640.000000	11652.748600	12009.761840	9473.644649	9807.422691
26700.000000	11634.793950	12033.127160	9456.756996	9877.170217
26760.000000	11399.939550	11951.309850	9438.827042	9602.034922
26820.000000	11670.383540	11945.848730	9241.859962	9605.438905
26880.000000	11470.909920	11958.449250	9293.406257	9684.574494
26940.000000	11516.901960	11844.147880	9391.540825	9759.736236
27000.000000	11507.449530	11825.892910	9369.218743	9657.038383
27060.000000	11701.218560	11874.004740	9288.416377	9783.848168
27120.000000	11449.858580	11984.644780	9451.218738	9636.382297
27180.000000	11571.264450	11870.501770	9264.462302	9756.052973
27240.000000	11547.999480	12074.128780	9407.989739	9688.381099
27300.000000	11527.472680	12040.392460	9333.117856	9721.820521
27360.000000	11470.769740	12036.078750	9355.682709	9644.918898
27420.000000	11498.564780	12124.203820	9400.481031	9723.813989
27480.000000	11553.583870	11906.950100	9319.302724	9710.247752
27540.000000	11410.269240	11888.009180	9375.860818	9691.317340
27600.000000	11390.425700	11986.747780	9476.070537	9667.458915
27660.000000	11513.679950	11838.164250	9424.611738	9801.879710
27720.000000	11597.654550	11951.907750	9299.156771	9627.879264
27780.000000	11320.791140	12064.791400	9356.843549	9742.879825
27840.000000	11468.445410	12009.191750	9449.356550	9786.948256
27900.000000	11503.542020	11930.813940	9392.959888	9655.312457
27960.000000	11518.304310	11921.977890	9192.283832	9737.224021
28020.000000	11428.813110	12028.898040	9351.959913	9627.827374
28080.000000	11350.602360	11958.733760	9324.119885	9606.234452
28140.000000	11441.652130	12005.862040	9270.487111	9562.231045
28200.000000	11613.059050	11936.426880	9307.201954	9652.892496
28260.000000	11354.586700	11848.367000	9334.268444	9693.578239
28320.000000	11513.840910	11981.007340	9255.011083	9590.348941
28380.000000	11430.694340	11822.392450	9307.582785	9810.853897
28440.000000	11518.970800	11806.292360	9225.770006	9468.746385
28500.000000	11304.740550	11893.367540	9252.581417	9713.281456
28560.000000	11507.134430	11970.018740	9192.167746	9531.819317
28620.000000	11511.226760	12026.407160	9164.048899	9602.483557
28680.000000	11436.936120	11755.841140	9207.470008	9589.308064
28740.000000	11414.512840	11812.690690	9397.777024	9610.425862
28800.000000	11382.199350	11928.091580	9215.668626	9490.082801
28860.000000	11278.085200	11838.036940	9288.462516	9597.750153
28920.000000	11503.756070	11953.331970	9322.919912	9457.230134
28980.000000	11482.943040	11943.304210	9342.138533	9775.839640
29040.000000	11358.903850	11827.869170	9381.265970	9578.218220
29100.000000	11459.729290	11924.017960	9287.099710	9492.176040
29160.000000	11380.881630	11971.374290	9112.516453	9604.439915
29220.000000	11376.800100	11808.980210	9220.688204	9617.558055
29280.000000	11617.231760	11854.395760	9189.969347	9529.863079
29340.000000	11539.719920	11890.747820	9195.137985	9449.592410
29400.000000	11286.828600	11847.644280	9130.358479	9694.669208
29460.000000	11441.484570	11752.724280	9298.522838	9426.544791
29520.000000	11390.557860	12012.870610	9338.050036	9640.807975
29580.000000	11369.038900	11839.748770	9155.642408	9571.023542
29640.000000	11394.180260	11905.643130	9157.466996	9673.083337
29700.000000	11384.937560	11925.234880	9179.997501	9527.973300
29760.000000	11342.774260	11708.703970	9170.941095	9655.745138
29820.000000	11456.202080	11852.526260	9245.597664	9554.551908
29880.000000	11422.713920	11828.501080	9230.783176	9567.067170
29940.000000	11174.416130	11767.371720	9173.360087	9548.895612
30000.000000	11351.091650	11821.016900	9136.227690	9626.521399
30060.000000	11311.026510	11746.236130	9171.573768	9468.939669
30120.000000	11256.300370	11870.197920	9237.118144	9703.610633
30180.000000	11288.822360	11965.308180	9364.732592	9590.168979
30240.000000	11351.381920	11842.301290	9178.579040	9596.456817
30300.000000	11252.159510	11864.257820	9416.540402	9569.871384
30360.000000	11308.933880	11692.946000	9237.794685	9430.993998
30420.000000	11387.838400	11824.377310	9280.494771	9601.090502
30480.000000	11304.116310	11829.167980	9216.708808	9520.241777
30540.000000	11503.578190	11999.054050	9241.702684	9633.087632
30600.000000	11192.403100	11829.681710	9297.097197	9467.370022
30660.000000	11437.798490	11764.670130	9176.221749	9598.468620
30720.000000	11517.639190	11820.478200	9175.176080	9503.672875
30780.000000	11319.536250	11865.246330	9362.305451	9484.756207
30840.000000	11323.428560	11837.738370	9276.581647	9551.107573
30900.000000	11257.821450	11736.121150	9396.825461	9480.759798
30960.000000	11417.821900	11800.632150	9112.661670	9481.493055
31020.000000	11264.402750	11824.357700	9125.493400	9593.549274
31080.000000	11283.494310	11731.543810	9211.632190	9591.558089
31140.000000	11424.922480	11942.671160	9321.671678	9405.901930
31200.000000	11150.254020	11732.195980	9184.522371	9458.975712
31260.000000	11163.131510	11816.892830	9151.087878	9507.336083
31320.000000	11343.478880	11704.056520	9266.452311	9524.128044
31380.000000	11435.530670	12008.898210	9144.320337	9529.618283
31440.000000	11420.119590	11855.284770	9276.461651	9602.217670
31500.000000	11431.752370	11739.057770	9170.556656	9434.798722
31560.000000	11311.992020	11691.560720	9337.214611	9626.783848
31620.000000	11244.657610	11755.003300	9210.480864	9434.737800
31680.000000	11229.920290	11697.240230	9052.081022	9587.116776
31740.000000	11303.169500	11870.658440	9026.703538	9553.283504
31800.000000	11234.446290	11724.860620	9266.816560	9575.272560
31860.000000	11074.163830	11773.084340	9131.348977	9502.720403
31920.000000	11221.327810	11802.176400	9334.941401	9479.736673
31980.000000	11293.883230	11912.554260	9285.889590	9557.259585
32040.000000	11103.573640	11763.307690	9141.173063	9518.610262
32100.000000	11332.086150	11948.267540	9311.200172	9529.479430
32160.000000	11195.894330	11722.790720	9159.529180	9501.367315
32220.000000	11240.572760	11819.574940	9210.538932	9337.773353
32280.000000	11306.284530	11611.333640	9133.196528	9466.450646
32340.000000	11270.493360	11590.848210	9184.634351	9592.626844
32400.000000	11349.331940	11865.385010	9168.254533	9545.502536
32460.000000	11200.061480	11753.180680	9127.514063	9628.323923
32520.000000	11330.438040	11612.121810	9125.463731	9419.521244
32580.000000	11305.955390	11836.679060	9186.318460	9390.506512
32640.000000	11254.679310	11837.755060	9150.544870	9528.860908
32700.000000	11348.768620	11843.893930	9050.180075	9528.626977
32760.000000	11239.170850	11701.934370	8986.350432	9526.115352
32820.000000	11278.365320	11681.136300	9145.860042	9663.964744
32880.000000	11235.413080	11858.277560	8943.701703	9421.764769
32940.000000	11210.213800	11786.676990	9071.236464	9463.572716
33000.000000	11256.527540	11608.330400	9089.365756	9570.690097
33060.000000	11130.584760	11778.249280	9029.479385	9496.923957
33120.000000	11154.428240	11821.582740	9215.787146	9616.551805
33180.000000	11233.752250	11810.565660	9216.758445	9548.019757
33240.000000	11256.782070	11793.360090	9100.427816	9511.533643
33300.000000	11158.786950	11882.593290	9032.851906	9456.334061
33360.000000	11239.992800	11883.867320	9093.662287	9565.383755
33420.000000	11306.546060	11816.843500	9231.825748	9442.904209
33480.000000	11207.051570	11780.669240	9267.962552	9503.321386
33540.000000	11138.173000	11752.904940	9057.858699	9452.527762
33600.000000	11237.559050	11831.902450	9089.649383	9482.516119
33660.000000	11155.048620	11507.922400	9279.158169	9407.846800
33720.000000	11125.608210	11846.512790	9143.692626	9529.843752
33780.000000	11147.666100	11743.835680	9281.304779	9562.004880
33840.000000	11227.599480	11895.394890	9206.623857	9534.430532
33900.000000	11093.408620	11782.214120	9139.167049	9574.417472
33960.000000	11251.995650	11695.347110	9160.451436	9459.248649
34020.000000	11112.474200	11750.831870	9137.637664	9371.020361
34080.000000	11105.080000	11802.893800	8991.828926	9468.751093
34140.000000	11084.865940	11917.430100	9078.242012	9481.475616
34200.000000	11065.880730	11658.439240	8999.182861	9420.563518
34260.000000	11086.733440	11754.064120	9119.007208	9481.638912
34320.000000	11149.501800	11743.345220	9251.043112	9452.001405
34380.000000	11103.927060	11749.103050	9100.849491	9465.763740
34440.000000	11246.894790	11720.229340	9067.286402	9505.555541
34500.000000	11270.970040	11681.057150	9034.914698	9569.599421
34560.000000	11103.485500	11834.154240	9181.511896	9516.963553
34620.000000	11192.533230	11937.374800	9015.029457	9355.435329
34680.000000	11129.653470	11754.833840	9120.523484	9636.738659
34740.000000	10943.449290	11764.891020	9139.116821	9589.632391
34800.000000	11141.027920	11693.572980	9163.741266	9448.645198
34860.000000	11205.287770	11788.716270	9020.722746	9464.421839
34920.000000	11109.494500	11620.080010	9245.643796	9471.379762
34980.000000	11248.885870	11813.068160	9211.495573	9454.046232
35040.000000	11268.268370	11740.224720	9213.353374	9518.132181
35100.000000	11214.818430	11660.377170	9264.452032	9374.116187
35160.000000	11229.677320	11728.000540	8964.025569	9544.468987
35220.000000	11046.045690	11868.775560	9033.090326	9445.962283
35280.000000	11137.869210	11644.888140	9154.050198	9548.443290
35340.000000	11111.619860	11874.425450	9152.372446	9604.920097
35400.000000	11162.044870	11637.756810	9094.889693	9448.556670
35460.000000	11215.822450	11756.969990	9286.593242	9616.114558
35520.000000	11243.569230	11798.938020	9191.258902	9631.474154
35580.000000	11223.756430	11971.914510	9204.980477	9391.141819
35640.000000	11159.522590	11800.653140	9110.317899	9405.540750
35700.000000	11087.273170	11754.300610	9149.961194	9565.235913
35760.000000	11102.346550	11807.108170	9045.981492	9488.161427
35820.000000	11251.956380	11737.358090	9110.638564	9433.194675
35880.000000	11214.354860	11836.626660	9030.147678	9634.083064
35940.000000	11324.181100	11674.073320	9134.944078	9435.517519
36000.000000	11099.445870	11760.437200	9078.508716	9606.448761
36060.000000	11112.319670	11754.877820	9110.134363	9507.665807
36120.000000	11144.649780	11664.122450	9040.934864	9523.610926
36180.000000	11168.156690	11822.037170	8990.268282	9620.063616
36240.000000	11154.440630	11742.546700	9150.816545	9477.805999
36300.000000	11045.590900	11821.539950	9208.488998	9601.028754
36360.000000	11207.076430	11851.214320	8980.405881	9530.158672
36420.000000	11163.700180	11896.561250	9028.008127	9447.346229
36480.000000	11155.679950	11698.176220	9000.277633	9492.104703
36540.000000	11002.806160	11747.839650	8920.417664	9587.524129
36600.000000	11123.872260	11768.483220	9037.254219	9467.506145
36660.000000	11139.056930	11799.655870	9039.993585	9438.336691
36720.000000	11037.492810	11738.076220	9234.380968	9482.190687
36780.000000	11055.267200	11809.437290	9027.275020	9429.213017
36840.000000	11189.635760	11703.464730	9057.254734	9559.855831
36900.000000	11225.935080	11657.741510	8998.291509	9433.866324
36960.000000	11135.378510	11672.997380	9141.248594	9425.611085
37020.000000	11078.404540	11812.934890	9143.371361	9478.219585
37080.000000	10992.719370	11588.900610	9121.475822	9508.160806
37140.000000	11242.917800	11741.247420	9133.294459	9320.510777
37200.000000	10914.314530	11820.359880	9103.103808	9599.568710
37260.000000	11135.714450	11686.895780	9101.719559	9591.120464
37320.000000	11066.138910	11652.626700	9025.777279	9525.405993
37380.000000	11020.341420	11782.302140	9049.874821	9465.276631
37440.000000	11089.842750	11837.144900	9149.524474	9479.464703
37500.000000	11090.722990	11889.261720	9050.900393	9430.458966
37560.000000	10972.986730	11548.631580	9089.704103	9509.398942
37620.000000	11014.308510	11754.157740	9074.309495	9525.504538
37680.000000	11170.389460	11740.369760	9055.181414	9450.891738
37740.000000	11047.046580	11788.307320	9013.987590	9394.708448
37800.000000	11014.196070	11633.078860	9110.587607	9517.501169
37860.000000	11120.291520	11768.569430	9044.818027	9535.194845
37920.000000	10927.143040	11838.130620	8984.218584	9391.075337
37980.000000	11156.517000	11792.317760	9041.061024	9480.437978
38040.000000	11063.418660	11680.174990	9015.816516	9415.348052
38100.000000	11071.987520	11766.404610	9110.189795	9340.544423
38160.000000	11151.849450	11620.414850	9105.956520	9528.207589
38220.000000	10998.217330	11783.198770	8933.438405	9452.320960
38280.000000	11193.649230	11599.842650	8974.710786	9378.494735
38340.000000	11167.371190	11754.464310	9136.709248	9386.756677
38400.000000	11067.007910	11745.406590	9049.669526	9469.968347
38460.000000	11190.540840	11648.537800	9142.825105	9376.066489
38520.000000	11161.138310	11733.768170	9059.469893	9513.179524
38580.000000	10913.983930	11579.010410	9036.291726	9389.836965
38640.000000	10917.128520	11861.278900	9037.619596	9331.516307
38700.000000	11025.349990	11591.592740	8977.045601	9601.817518
38760.000000	11104.663520	11790.121360	8947.606026	9539.987762
38820.000000	11105.809170	11636.528940	8912.383959	9472.052593
38880.000000	11066.644080	11702.179310	9118.127519	9497.956485
38940.000000	11116.222830	11777.193000	8998.285101	9470.143880
39000.000000	11114.701490	11711.994650	9059.203100	9591.671832
39060.000000	11154.930420	11746.348010	9069.441542	9524.225026
39120.000000	10928.682520	11741.883290	9197.465256	9457.295582
39180.000000	10919.030830	11698.890010	9027.720003	9476.491278
39240.000000	11126.208910	11773.244690	9031.925254	9409.056729
39300.000000	11032.764240	11675.091920	8919.860559	9324.457025
39360.000000	10911.976260	11663.033940	8993.247195	9380.707820
39420.000000	11050.864730	11748.131870	9030.307365	9431.747006
39480.000000	10968.276370	11656.707300	9083.457162	9536.372297
39540.000000	11042.948420	11827.586140	8848.732085	9544.048791
39600.000000	11008.652620	11746.006500	9090.015893	9457.997107
39660.000000	10910.072860	11716.542650	9050.044033	9491.948864
39720.000000	11165.425570	11512.284550	9092.014388	9551.458489
39780.000000	10871.762130	11696.997070	8932.253117	9532.945887
39840.000000	11002.000720	11797.824620	9081.524496	9391.407743
39900.000000	10904.227860	11746.994190	9025.608332	9430.801727
39960.000000	11201.801070	11725.556360	8961.852410	9492.554830
40020.000000	10979.572280	11691.827640	8944.845310	9578.447455
40080.000000	11059.878640	11676.321420	8984.514121	9467.005931
40140.000000	11001.500160	11636.643330	8986.543733	9462.604999
40200.000000	10854.750800	11671.342850	9003.634832	9466.413659
40260.000000	10988.727370	11678.759570	9090.999483	9443.598360
40320.000000	10897.954300	11548.334030	9044.804372	9416.267753
40380.000000	10848.054710	11654.915510	8934.005609	9393.837352
40440.000000	11055.368870	11657.269900	9076.635417	9449.536260
40500.000000	11100.781110	11539.017950	9065.010096	9403.875422
40560.000000	11105.852110	11712.544700	8977.806543	9361.904182
40620.000000	10992.856750	11754.134290	9074.727788	9442.212525
40680.000000	10959.425510	11758.285300	8905.203461	9463.321214
40740.000000	10919.847230	11613.035910	8923.462651	9506.599074
40800.000000	10957.393240	11849.580610	9001.216718	9410.876812
40860.000000	11061.165740	11577.459490	9096.371708	9441.934825
40920.000000	10865.899510	11636.223850	8994.226435	9557.596913
40980.000000	10962.289380	11619.165610	9060.128219	9300.357637
41040.000000	10923.970330	11756.238000	8973.854473	9544.712994
41100.000000	10943.417170	11640.059170	8986.651664	9304.467295
41160.000000	10989.781680	11681.929240	8868.642845	9325.676817
41220.000000	11040.753120	11653.741750	8938.508800	9412.454289
41280.000000	10908.610700	11582.047880	9007.529378	9437.881847
41340.000000	10978.423120	11718.901180	9016.029167	9506.563828
41400.000000	11029.021600	11671.922540	8995.902856	9405.622239
41460.000000	11070.654890	11571.355430	8976.434783	9542.078872
41520.000000	10984.180790	11736.751010	9043.229994	9362.210138
41580.000000	11096.316470	11644.579950	8992.570304	9465.692845
41640.000000	10957.144750	11646.969390	8996.495481	9534.578418
41700.000000	10971.539290	11658.389950	9054.518882	9449.798074
41760.000000	10938.114240	11860.732110	8977.513840	9493.536766
41820.000000	11005.541880	11715.195690	9080.236177	9403.951982
41880.000000	10996.032830	11636.628680	8999.797525	9446.742719
41940.000000	10878.384180	11743.225310	9208.754506	9451.408061
42000.000000	10996.708770	11807.087390	8954.421208	9397.992601
42060.000000	10993.130550	11794.325310	9001.376200	9370.724585
42120.000000	10903.879680	11765.097870	8953.850706	9485.873726
42180.000000	10965.441910	11720.578260	9049.856094	9555.383201
42240.000000	10993.790300	11646.402120	8890.012642	9432.468513
42300.000000	11058.006590	11671.100420	8943.486457	9493.590801
42360.000000	10817.832820	11707.673970	8928.824341	9439.523247
42420.000000	10864.850830	11747.650270	8901.573924	9433.728174
42480.000000	10970.232480	11669.959390	9018.136063	9507.757728
42540.000000	10945.848380	11727.718040	8921.970358	9427.291533
42600.000000	10989.005440	11721.685780	8980.943247	9488.089533
42660.000000	11011.242100	11674.955280	8968.273279	9417.412748
42720.000000	11117.431860	11668.934390	9307.535297	9694.247275
42780.000000	11185.149460	11808.987070	9099.479931	9448.557442
42840.000000	11026.038990	11754.088420	8849.658484	9447.758504
42900.000000	10922.113250	11651.257770	9010.556747	9388.665306
42960.000000	11077.171970	11773.046920	9034.279640	9268.011299
43020.000000	10834.956690	11681.265150	8925.442021	9383.783333
43080.000000	10967.059520	11575.001020	9076.194383	9327.172971
43140.000000	10909.472570	11757.473220	8922.580944	9520.538154
43200.000000	10942.916820	11605.677100	8875.079113	9459.309073
43260.000000	11019.024630	11749.792500	9037.511049	9605.212649
43320.000000	10890.273490	11790.420280	8826.643286	9521.304156
43380.000000	10941.601260	11669.701580	8917.700632	9534.747958
43440.000000	10863.480740	11714.771900	8999.628189	9406.019752
43500.000000	10975.533940	11670.759210	8996.892174	9432.021301
43560.000000	10947.662530	11714.697540	9012.670940	9345.551608
43620.000000	10969.119650	11648.938750	8945.454218	9379.078528
43680.000000	10871.660110	11735.472130	8939.830152	9577.806935
43740.000000	10949.158800	11722.403490	9029.387133	9364.615396
43800.000000	10911.099630	11623.113180	8971.613017	9316.787304
43860.000000	10911.286800	11573.784890	8893.666437	9405.540598
43920.000000	10889.827530	11607.789550	9004.040512	9430.146561
43980.000000	10842.492680	11629.280140	8879.811636	9395.852328
44040.000000	11070.413320	11761.456170	8905.658402	9461.271867
44100.000000	10875.023360	11572.572360	8851.804313	9524.887846
44160.000000	10925.136220	11566.942380	8870.938079	9493.179706
44220.000000	10870.516250	11800.373860	8993.465158	9386.161558
44280.000000	10960.327980	11702.384600	8858.592926	9342.201260
44340.000000	10877.746890	11780.765230	8994.540489	9436.286264
44400.000000	10946.002650	11670.368900	8957.526383	9446.365786
44460.000000	10930.880910	11760.169750	8975.469442	9446.445081
44520.000000	10975.464590	11623.048700	8974.948595	9443.075944
44580.000000	10823.119430	11609.035120	8865.171404	9353.294017
44640.000000	10965.952180	11584.356980	8982.827215	9497.901069
44700.000000	10937.267250	11618.704070	8896.019625	9533.645143
44760.000000	10809.403570	11655.300370	8964.639506	9412.402367
44820.000000	10721.448910	11758.721650	8959.333864	9460.034336
44880.000000	10951.305900	11642.819360	8999.603435	9392.671338
44940.000000	10901.319860	11663.078510	8900.998174	9401.890787
45000.000000	10926.864490	11852.849990	8972.629154	9381.475216
45060.000000	10801.861640	11626.400740	8856.884468	9430.447162
45120.000000	10832.772550	11739.261000	8957.007982	9438.028996
45180.000000	10937.738290	11698.546460	8868.177331	9387.039783
45240.000000	10944.524090	11638.890680	8954.215924	9504.389387
45300.000000	10985.671220	11671.196120	9054.094464	9484.423841
45360.000000	11069.760790	11572.854520	9025.428198	9453.001016
45420.000000	10852.635310	11672.121170	9006.892310	9322.512973
45480.000000	10816.098920	11682.378170	8969.001365	9487.096696
45540.000000	10936.371950	11699.571180	8923.525478	9498.080478
45600.000000	10747.149910	11667.164500	8869.938720	9524.728638
45660.000000	10907.911110	11640.264780	8932.785862	9405.224143
45720.000000	10849.133510	11687.970520	8980.532213	9397.660783
45780.000000	10744.613220	11654.611510	9020.975966	9521.612872
45840.000000	10833.098730	11646.504500	9012.250989	9501.868653
45900.000000	10869.493380	11694.639850	9029.180114	9470.996217
45960.000000	11002.489690	11633.590180	9051.325912	9374.599734
46020.000000	10778.392250	11828.439870	9105.455919	9403.177801
46080.000000	10786.579950	11629.105080	9130.831447	9511.904372
46140.000000	10944.496850	11666.772700	8837.933678	9555.457775
46200.000000	10931.774590	11783.045070	8976.026948	9386.697729
46260.000000	10869.834480	11730.856260	9127.207904	9324.386262
46320.000000	10775.506650	11615.636280	8935.581747	9502.720403
46380.000000	10950.642040	11571.601580	8793.242970	9357.707475
46440.000000	10831.397360	11594.108250	8950.420653	9304.053380
46500.000000	10902.317100	11707.909020	8924.508905	9563.838344
46560.000000	11023.422820	11823.838550	8939.271337	9551.262225
46620.000000	10807.359020	11640.078990	8945.682057	9426.620570
46680.000000	10764.908640	11692.032940	8909.377031	9375.263716
46740.000000	10770.912270	11655.570580	9023.519426	9482.341656
46800.000000	10766.376790	11749.783160	9038.334184	9478.078910
46860.000000	10734.526420	11716.605680	8925.485855	9516.270986
46920.000000	10732.732300	11689.529420	8870.991821	9570.065903
46980.000000	10749.295220	11731.220040	8959.374709	9545.765296
47040.000000	10839.896860	11658.423110	8894.437669	9422.768589
47100.000000	10827.414850	11556.129410	8822.041813	9450.194925
47160.000000	10931.285010	11632.396780	9001.119749	9390.185977
47220.000000	10841.193590	11741.602540	8959.424778	9471.739851
47280.000000	10744.112140	11722.525440	8892.355140	9516.650099
47340.000000	10873.339240	11789.974370	9002.700253	9412.221542
47400.000000	10983.642980	11718.623150	8980.946509	9481.458622
47460.000000	10870.204520	11716.025450	8776.126422	9492.910236
47520.000000	10883.941500	11737.041530	9018.170372	9425.642520
47580.000000	10889.796360	11630.942570	8896.671544	9449.905191
47640.000000	10841.704210	11803.371650	8997.358112	9431.924618
47700.000000	10857.519680	11727.844290	9077.821262	9520.370692
47760.000000	10692.314960	11733.244020	8940.931522	9383.573143
47820.000000	10833.381070	11752.658850	8816.493825	9407.266162
47880.000000	10887.506930	11688.651070	9112.216176	9538.280805
47940.000000	10883.120750	11764.419010	8979.001239	9470.456272
48000.000000	10829.078300	11677.378340	9023.695567	9391.892475
48060.000000	10801.017210	11572.991520	8898.906657	9484.534201
48120.000000	10827.800170	11818.613750	8822.519548	9373.206980
48180.000000	10798.194720	11681.692260	9003.515026	9455.337845
48240.000000	10779.934920	11664.104650	8942.412024	9263.415982
48300.000000	10768.045350	11557.423830	8998.413654	9499.111929
48360.000000	10909.588940	11741.725550	8975.755028	9473.274386
48420.000000	10865.389250	11682.272650	8876.226378	9464.055151
48480.000000	10893.237350	11774.085650	8981.972149	9407.576397
48540.000000	10855.744880	11775.861950	8912.463987	9561.871200
48600.000000	10804.739200	11619.986340	9055.280549	9601.266355
48660.000000	10856.107690	11711.070110	8956.368462	9425.174919
48720.000000	10740.809590	11775.047910	8908.252591	9418.534298
48780.000000	10779.461180	11710.394900	8907.467798	9525.110463
48840.000000	10799.132810	11614.369060	8995.450797	9511.226668
48900.000000	10785.610580	11737.363000	8970.308773	9444.022172
48960.000000	10829.232460	11715.484560	8943.919752	9455.679095
49020.000000	10727.664570	11773.732960	9055.400873	9435.221389
49080.000000	10971.960490	11840.000320	8903.209610	9438.830936
49140.000000	10817.179290	11794.208180	8946.089434	9485.554916
49200.000000	10919.696150	11767.416310	9009.681089	9473.959802
49260.000000	10911.404810	11738.343150	9009.678729	9406.153711
49320.000000	10904.033270	11607.645770	8925.210897	9451.978790
49380.000000	10839.263630	11743.624320	8972.893223	9335.108648
49440.000000	11009.556200	11616.135510	8936.778726	9394.537652
49500.000000	10891.074050	11748.616010	8920.308027	9554.598867
49560.000000	10781.627400	11867.635370	8801.055944	9511.222634
49620.000000	10810.687330	11780.026300	8870.202901	9463.107386
49680.000000	10812.837040	11595.872420	8933.051886	9463.507660
49740.000000	10738.446580	11692.544000	8968.056347	9365.218633
49800.000000	10753.249840	11763.225320	8922.007076	9521.352319
49860.000000	10756.376310	11583.525560	8789.365752	9584.070257
49920.000000	10827.774960	11748.468600	8963.419927	9574.513434
49980.000000	10840.416540	11648.304670	9027.041519	9586.104641
50040.000000	10773.693520	11576.808200	9078.830712	9617.493313
50100.000000	10877.580930	11704.456770	8982.771290	9504.475689
50160.000000	10831.237940	11692.988040	8876.534827	9429.869580
50220.000000	10835.072920	11724.446130	8999.544327	9459.332212
50280.000000	10870.375040	11625.395800	8868.035667	9383.305200
50340.000000	10897.698280	11656.675090	8955.949291	9321.614211
50400.000000	10917.935390	11720.548100	8883.648356	9443.581905
50460.000000	10663.748070	11726.232020	8889.143687	9380.988695
50520.000000	10654.580510	11804.325410	8970.864242	9426.143341
50580.000000	10833.585180	11706.761320	8885.393603	9502.785544
50640.000000	10782.421420	11744.787460	8891.718270	9635.967232
50700.000000	10686.636560	11623.449580	8904.842913	9384.032626
50760.000000	10650.440520	11667.864610	8987.022519	9400.177012
50820.000000	10764.218970	11758.365070	8940.506791	9515.245390
50880.000000	10862.476140	11776.577840	8930.146421	9619.958023
50940.000000	10791.861460	11553.570910	9025.803514	9377.443099
51000.000000	10838.003970	11617.085980	9068.438787	9473.053777
51060.000000	10806.731920	11679.840160	8917.937619	9600.173829
51120.000000	10842.402090	11582.215760	8944.553821	9415.642960
51180.000000	10819.811740	11648.802960	8999.166913	9520.788665
51240.000000	10801.657990	11757.372570	9044.019619	9543.539347
51300.000000	10966.534910	11713.541690	9037.650689	9370.662025
51360.000000	10757.756980	11691.651570	9058.948515	9437.797006
51420.000000	10791.502120	11671.623420	8793.037545	9523.591621
51480.000000	10697.237560	11632.213470	8961.676686	9555.327323
51540.000000	10750.850740	11616.992730	8792.408516	9384.999226
51600.000000	10814.215890	11755.721630	8906.648693	9431.487389
51660.000000	10938.303310	11650.350640	8991.246845	9343.957032
51720.000000	10819.840450	11833.379840	8801.852017	9389.935881
51780.000000	10714.717350	11712.113030	8901.269227	9378.850019
51840.000000	10705.426050	11703.955720	8988.826773	9617.219732
51900.000000	10840.680670	11668.758800	9034.001703	9419.382615
51960.000000	10927.423680	11725.362920	8796.571613	9382.438086
52020.000000	10844.935680	11793.166010	9016.299104	9409.961484
52080.000000	10767.754610	11668.098830	8952.508277	9437.988080
52140.000000	10762.800630	11578.846970	8964.312291	9413.398456
52200.000000	10836.688690	11856.441960	8911.810128	9515.256951
52260.000000	10862.017030	11705.972790	8828.079105	9535.130015
52320.000000	10697.905080	11742.357020	8932.996993	9539.443666
52380.000000	10582.833860	11798.385390	8866.679045	9465.365803
52440.000000	10920.798970	11572.141560	9064.170217	9596.210607
52500.000000	10678.210100	11729.118990	8856.965887	9412.515596
52560.000000	10681.607070	11735.576380	8967.173414	9558.333485
52620.000000	10982.802420	11674.486890	8894.054244	9462.127962
52680.000000	10795.394150	11634.190370	8852.348158	9503.391102
52740.000000	10800.300880	11732.540450	8847.906739	9564.781894
52800.000000	10793.894300	11693.488030	8926.800940	9496.418906
52860.000000	10920.392640	11743.451680	9024.770492	9471.979951
52920.000000	10913.799290	11732.558530	8906.024771	9372.101190
52980.000000	10770.330060	11755.678660	8859.940207	9458.380240
53040.000000	10694.007240	11824.463170	8916.719776	9413.158541
53100.000000	10715.061480	11805.579530	8953.272070	9523.939376
53160.000000	10785.874240	11644.891500	8912.178509	9422.091772
53220.000000	10964.650860	11645.925700	8915.189979	9525.762812
53280.000000	10785.821230	11724.038690	8824.390172	9481.020199
53340.000000	10730.957260	11690.137920	8988.992904	9478.898805
53400.000000	10950.744670	11792.065830	8945.378669	9439.659041
53460.000000	10689.653250	11711.257200	8893.719670	9459.399816
53520.000000	10763.704670	11727.756450	8800.057655	9450.266444
53580.000000	10674.617280	11663.182490	8729.681067	9360.048799
53640.000000	10705.966880	11564.476420	8953.523405	9546.263715
53700.000000	10922.501290	11761.484500	8889.224674	9447.192648
53760.000000	10760.313000	11846.544650	8802.341071	9556.936120
53820.000000	10719.827240	11852.569020	9006.087951	9533.336480
53880.000000	10779.276620	11754.942520	8829.976132	9300.774278
53940.000000	10750.531260	11658.051480	8951.748659	9376.618601
54000.000000	10671.260120	11986.157990	8831.813407	9447.267601
54060.000000	10707.162210	11798.438480	8847.249203	9467.335767
54120.000000	10722.029650	11708.394060	8898.872259	9427.715272
54180.000000	10676.365820	11808.246360	8975.505132	9527.792987
54240.000000	10711.354880	11700.616780	8943.076232	9517.077099
54300.000000	10745.726220	11590.936410	8763.634519	9483.776096
54360.000000	10796.066520	11805.306520	8849.163323	9452.462714
54420.000000	10720.809390	11688.134080	8958.098400	9479.064720
54480.000000	10764.452600	11825.743280	8862.540598	9403.661963
54540.000000	10649.975820	11719.188920	8983.886719	9436.508801
54600.000000	10743.559690	11770.785570	8859.006936	9362.460538
54660.000000	10732.261070	11711.454320	8833.550709	9424.712589
54720.000000	10748.472570	11710.801520	8994.687620	9437.633486
54780.000000	10729.887210	11632.170300	8753.832836	9421.875996
54840.000000	10528.136650	11671.354100	8848.836303	9544.542803
54900.000000	10793.627400	11803.804780	8831.479832	9760.912699
54960.000000	10731.529630	11710.623910	8943.547467	9332.187223
55020.000000	10673.462180	11729.566640	8966.625938	9477.257888
55080.000000	10718.286330	11745.933530	8853.397073	9416.741532
55140.000000	10794.581440	11625.265310	8775.287297	9438.564823
55200.000000	10687.412650	11724.972790	8757.205912	9441.776616
55260.000000	10730.815050	11760.963490	8949.250295	9439.850865
55320.000000	10687.255390	11688.074210	8860.808146	9393.598437
55380.000000	10615.745830	11645.951610	8821.356771	9489.103802
55440.000000	10664.729510	11810.226080	8968.749552	9428.410065
55500.000000	10683.649330	11735.677290	8779.505535	9465.175257
55560.000000	10799.022800	11782.057130	8894.712121	9458.808407
55620.000000	10696.330420	11596.371740	8835.872551	9558.130691
55680.000000	10685.646190	11681.764210	8869.392130	9362.536653
55740.000000	10653.892600	11643.882280	8685.190096	9510.836443
55800.000000	10841.422420	11737.234190	8775.523426	9552.258452
55860.000000	10673.810100	11658.830520	8801.566005	9383.778644
55920.000000	10665.788360	11767.627010	8837.790398	9432.205678
55980.000000	10790.572340	11665.932080	8797.831335	9500.695978
56040.000000	10757.452030	11717.878750	8770.785102	9481.701173
56100.000000	10683.000920	11658.943170	8699.782256	9435.849144
56160.000000	10799.238560	11719.634100	9030.293065	9423.075962
56220.000000	10639.138860	11698.939550	8846.901183	9464.624040
56280.000000	10571.244950	11707.404080	8825.335556	9531.821283
56340.000000	10637.123950	11627.673600	8929.023944	9557.674018
56400.000000	10706.534890	11755.872030	8779.685505	9610.408923
56460.000000	10555.021430	11597.429920	8833.134534	9419.046523
56520.000000	10537.460070	11699.435780	8976.972246	9312.138299
56580.000000	10581.925530	11748.278030	8892.264419	9467.330670
56640.000000	10816.977010	11645.390000	8881.507763	9476.062923
56700.000000	10687.576490	11692.427650	8763.107880	9509.518840
56760.000000	10642.069880	11842.149420	8762.713131	9389.110459
56820.000000	10802.901220	11508.392530	8791.261933	9507.950475
56880.000000	10703.266920	11870.562830	8809.787265	9464.308929
56940.000000	10769.458770	11597.631590	8790.037722	9346.703724
57000.000000	10801.115960	11730.530700	8764.898031	9531.612947
57060.000000	10772.736580	11743.575090	8881.548618	9544.119175
57120.000000	10719.052360	11786.712710	8936.528941	9493.507022
57180.000000	10597.628160	11662.539890	8837.091002	9444.775572
57240.000000	10726.932200	11744.079540	8920.066517	9331.695361
57300.000000	10592.696580	11733.280980	8988.893653	9482.131664
57360.000000	10689.004460	11731.141920	8833.160805	9472.369609
57420.000000	10789.524620	11807.756000	8843.329794	9501.493070
57480.000000	10643.652750	11822.624800	8791.516053	9506.137193
57540.000000	10644.518110	11547.002150	8889.059565	9538.911350
57600.000000	10743.144130	11859.062000	8836.198180	9467.569303
57660.000000	10748.064910	11629.788850	8865.525368	9516.195546
57720.000000	10572.899880	11827.272640	8928.137898	9526.115437
57780.000000	10743.937180	11694.323180	8885.498023	9525.007864
57840.000000	10520.568780	11716.745780	8891.781177	9521.103668
57900.000000	10666.646570	11624.030640	9002.444599	9410.254206
57960.000000	10629.375130	11758.740120	8784.366599	9405.865990
58020.000000	10712.028940	11762.418730	8928.876808	9453.471345
58080.000000	10645.205650	11741.288420	8852.731227	9355.975099
58140.000000	10546.245850	11643.716620	8816.697366	9389.749645
58200.000000	10674.802570	11805.111220	8933.230912	9361.702557
58260.000000	10666.953230	11858.536780	8893.715236	9584.943439
58320.000000	10767.299960	11654.721380	8776.908226	9445.962986
58380.000000	10726.420480	11680.816820	8966.919440	9510.829773
58440.000000	10675.147910	11790.639960	8744.438700	9473.449073
58500.000000	10634.005360	11758.750920	8924.069805	9468.446099
58560.000000	10660.316310	11714.898830	8868.378325	9447.860896
58620.000000	10651.972440	11739.141180	8752.459074	9518.819984
58680.000000	10742.299830	11731.929280	8863.394635	9383.209488
58740.000000	10608.643110	11813.214160	8948.136588	9552.265971
58800.000000	10694.332470	11678.196970	8913.911460	9491.753618
58860.000000	10636.601590	11776.395280	8858.887967	9594.726291
58920.000000	10671.075680	11920.454070	8751.824877	9488.353755
58980.000000	10517.451110	11591.465230	8890.859013	9404.560007
59040.000000	10472.644880	11666.583400	8824.570269	9492.008856
59100.000000	10718.515620	11707.610530	8880.120896	9443.562688
59160.000000	10769.861390	11766.509930	8888.801153	9376.184996
59220.000000	10708.126710	11803.241170	8854.891311	9489.992105
59280.000000	10636.865150	11735.068050	8805.669913	9378.905564
59340.000000	10709.941880	11719.069340	8802.779549	9357.964535
59400.000000	10572.910780	11731.010950	8853.070465	9337.318116
59460.000000	10704.239290	11737.226450	8908.844091	9565.930342
59520.000000	10565.836460	11823.487000	8790.974377	9450.155769
59580.000000	10760.033120	11809.578320	8880.836598	9559.821700
59640.000000	10618.582520	11702.539950	8778.424114	9548.264808
59700.000000	10715.350400	11868.009860	8760.153204	9482.940684
59760.000000	10761.194870	11728.306560	8930.516890	9526.049034
59820.000000	10710.452770	11801.346120	8767.340516	9506.064869
59880.000000	10869.355730	11647.184540	8799.943190	9411.037766
59940.000000	10721.457790	11800.646030	8827.278651	9452.822147
60000.000000	10654.279430	11686.992640	8895.390151	9388.218511
60060.000000	10743.458270	11686.992390	8798.221068	9408.068699
60120.000000	10663.810260	11643.680530	8849.840094	9420.639286
60180.000000	10791.056470	11568.894590	8724.499841	9509.293843
60240.000000	10649.460220	11713.760000	8916.206868	9469.152644
60300.000000	10601.539780	11819.221940	8829.725339	9616.482383
60360.000000	10676.478140	11742.721700	8921.358433	9470.425157
60420.000000	10538.626900	11787.907740	8770.014574	9393.500229
60480.000000	10731.088010	11768.243800	8783.174046	9378.070881
60540.000000	10765.238900	11743.199030	8747.846902	9483.044141
60600.000000	10709.782190	11640.723470	8929.363893	9406.636093
60660.000000	10677.247640	11845.419760	8842.272793	9484.225445
60720.000000	10591.448600	11532.370460	8891.676974	9541.976979
60780.000000	10683.992960	11809.299500	8710.881080	9580.747038
60840.000000	10675.857050	11724.070040	8837.989303	9562.803503
60900.000000	10647.772910	11711.650460	8870.806038	9433.090410
60960.000000	10682.703340	11792.527070	8704.220393	9373.165736
61020.000000	10625.611310	11719.184270	8952.838296	9549.610806
61080.000000	10634.158660	11695.633470	8899.668567	9532.558633
61140.000000	10849.525960	11660.102800	8919.285752	9499.195667
61200.000000	10671.914790	11845.476690	8882.402717	9486.940558
61260.000000	10702.024040	11587.510740	8688.827168	9453.241140
61320.000000	10612.228770	11783.478770	8836.771146	9370.960738
61380.000000	10589.580110	11723.472520	8814.664521	9402.728931
61440.000000	10644.591700	11667.279100	8864.545203	9281.902815
61500.000000	10742.673130	11640.633180	8897.355820	9346.587379
61560.000000	10752.466010	11871.384270	8778.441799	9461.902808
61620.000000	10717.642170	11539.116090	8892.712553	9517.084656
61680.000000	10750.936550	11792.899160	8837.525837	9463.887797
61740.000000	10602.689280	11758.485170	8840.085706	9445.185752
61800.000000	10520.523420	11829.206400	8878.879447	9480.165204
61860.000000	10577.296620	11761.875090	9024.610455	9426.883388
61920.000000	10656.804660	11708.057070	8939.934955	9540.651095
61980.000000	10749.625790	11786.615250	8817.996432	9539.447844
62040.000000	10399.828000	11750.045140	8905.158590	9599.365251
62100.000000	10583.279870	11775.944060	8817.163713	9484.136447
62160.000000	10541.946270	11766.336060	8774.227610	9268.984844
62220.000000	10654.707260	11746.155080	8856.254997	9423.816740
62280.000000	10543.996660	11866.668160	8841.492223	9474.061790
62340.000000	10709.254320	11597.449580	8907.795045	9621.122856
62400.000000	10690.808250	11797.611340	8858.716805	9325.455501
62460.000000	10619.460930	11658.455150	8949.087197	9565.129839
62520.000000	10626.443700	11766.450530	8824.543086	9478.254560
62580.000000	10629.644630	11883.487250	8797.413990	9463.077729
62640.000000	10646.944410	11696.522070	8904.738071	9387.734547
62700.000000	10682.295090	11717.557410	8879.424829	9564.417699
62760.000000	10562.176070	11795.965530	8950.207503	9513.302879
62820.000000	10532.592930	11827.487740	8793.822856	9448.203544
62880.000000	10641.541670	11672.603080	8774.761436	9517.539706
62940.000000	10675.957710	11779.004540	8811.045366	9353.046413
63000.000000	10807.100250	11733.895810	8860.981086	9516.164506
63060.000000	10612.551050	11808.945600	8854.964158	9611.356512
63120.000000	10634.179550	11814.972440	8716.451343	9422.945622
63180.000000	10654.551630	11924.816660	8886.629972	9579.739811
63240.000000	10733.276810	11896.806320	8855.047059	9618.076747
63300.000000	10646.252410	11842.550340	8805.301014	9380.371373
63360.000000	10682.062300	11765.081360	8866.175639	9578.647996
63420.000000	10616.068920	11838.262350	8765.419188	9491.074094
63480.000000	10678.153580	11711.583020	8877.697061	9524.881909
63540.000000	10607.391290	11816.235590	8858.792758	9433.818819
63600.000000	10646.583460	11747.658890	8857.503582	9527.998322
63660.000000	10686.645590	11906.762420	8885.406071	9538.735970
63720.000000	10782.534210	11804.356340	8847.536468	9405.913751
63780.000000	10619.390950	11630.065330	8867.465381	9555.081067
63840.000000	10716.540820	11730.491490	8963.068641	9538.503421
63900.000000	10747.307220	11871.262170	8761.633333	9589.737108
63960.000000	10606.507840	11735.120270	8894.915295	9638.241492
64020.000000	10607.531000	11749.131140	8987.523507	9491.812639
64080.000000	10662.661000	11739.968640	8886.804649	9441.836784
64140.000000	10625.779090	11761.205770	8720.467155	9534.935182
64200.000000	10479.283160	11782.734510	8886.016805	9478.531276
64260.000000	10727.977900	11759.443910	8878.200473	9461.186231
64320.000000	10708.254670	11759.027570	9104.647807	9630.105542
64380.000000	10584.867570	11793.574070	8824.136630	9375.643670
64440.000000	10624.814110	11808.919640	8865.564700	9526.027977
64500.000000	10670.301420	11811.369750	8935.406249	9607.193588
64560.000000	10727.582280	11803.969810	8841.379541	9642.062968
64620.000000	10636.617190	11816.997700	8950.502278	9473.476548
64680.000000	10500.854060	11841.045610	8773.474729	9516.646021
64740.000000	10767.014870	11654.906770	8916.197269	9431.547403
64800.000000	10647.350160	11729.904610	8970.405732	9464.662624
64860.000000	10699.390420	11736.856140	8884.971184	9547.665576
64920.000000	10719.319990	11804.819960	8928.331725	9440.191094
64980.000000	10692.016870	11861.027730	8878.149188	9542.878577
65040.000000	10613.384890	11728.228700	8882.014957	9633.406619
65100.000000	10610.269000	11808.176790	8870.250568	9473.966951
65160.000000	10696.613310	11705.650070	8689.079152	9513.707662
65220.000000	10670.907880	11806.550440	8748.853960	9496.931864
65280.000000	10580.514650	11768.437020	8935.949921	9615.654651
65340.000000	10588.708720	11764.106280	8878.460967	9437.513955
65400.000000	10709.288260	11722.488040	8792.465974	9479.601691
65460.000000	10619.187340	11762.036310	8869.705426	9459.219351
65520.000000	10677.123080	11637.577330	8865.626358	9519.510089
65580.000000	10717.576840	11860.638260	8680.098556	9414.956186
65640.000000	10602.656040	11693.243900	8882.608002	9491.832903
65700.000000	10582.951490	11656.005830	8778.752859	9457.652430
65760.000000	10507.144500	11776.808790	8804.307492	9359.727566
65820.000000	10665.816680	11781.445160	8922.642993	9603.520803
65880.000000	10652.662630	11863.900340	8779.489607	9595.994082
65940.000000	10442.056860	11769.642820	8798.854828	9508.395404
66000.000000	10635.156890	11702.854620	8919.071988	9447.484322
66060.000000	10444.147100	11704.062020	8851.807563	9443.139019
66120.000000	10702.236410	11655.570700	8816.602222	9464.259215
66180.000000	10602.205470	11729.126030	8887.838820	9496.167662
66240.000000	10635.214800	11706.814500	8790.680384	9460.683912
66300.000000	10643.603000	11881.566630	8909.046568	9519.577636
66360.000000	10677.991160	11965.037900	8843.850342	9518.787000
66420.000000	10637.926680	11879.837220	9017.027550	9496.913288
66480.000000	10649.524210	11868.279730	8940.259587	9616.687459
66540.000000	10649.398460	11832.850140	8850.956698	9518.973527
66600.000000	10716.054150	12036.799870	8947.895746	9640.298504
66660.000000	10735.115330	11974.014680	8865.025268	9539.035061
66720.000000	10677.288980	11773.657420	8976.766106	9673.749548
66780.000000	10790.647570	11914.988660	8967.787501	9616.634178
66840.000000	10625.319640	11833.455080	8921.144305	9639.849362
66900.000000	10724.577220	11943.944280	8958.442975	9541.393922
66960.000000	10696.130970	11795.129610	8837.269299	9798.339097
67020.000000	10624.180720	11955.982090	8952.775689	9685.147904
67080.000000	10743.695320	11816.868180	8917.133545	9566.126132
67140.000000	10780.451210	12001.340930	8888.554731	9537.730936
67200.000000	10746.822430	11988.673010	8858.519131	9587.162366
67260.000000	10775.530080	12035.873490	8928.292336	9706.449550
67320.000000	10817.305870	11803.146230	9036.044096	9564.267508
67380.000000	10608.265610	11821.997150	8924.091046	9694.770983
67440.000000	10720.872830	11884.989840	8963.388968	9536.077674
67500.000000	10763.037440	11891.237380	8931.284779	9492.064986
67560.000000	10827.425970	11946.012230	8825.196627	9770.914869
67620.000000	10709.918970	11998.798090	9059.082469	9634.954370
67680.000000	10752.884320	11961.985630	8966.129757	9731.433529
67740.000000	10567.438050	11906.715590	8912.186352	9575.490459
67800.000000	10755.291220	11943.601120	9007.558861	9661.375325
67860.000000	10660.668100	11869.440710	8929.669926	9588.445976
67920.000000	10699.265490	11931.098000	8962.907484	9712.956766
67980.000000	10711.487380	12058.881710	8817.889949	9635.174338
68040.000000	10796.578630	12088.988050	8926.581933	9648.298730
68100.000000	10839.117640	11884.941370	8959.217339	9578.612784
68160.000000	10850.035010	11959.749010	9007.997102	9702.864028
68220.000000	10612.448010	12019.469550	9078.815000	9507.700137
68280.000000	10780.678360	11968.019120	9020.125715	9780.273173
68340.000000	10649.254110	11957.997120	9111.133203	9706.005971
68400.000000	10689.242820	11866.295380	9088.445785	9856.348903
68460.000000	10734.745780	11847.903340	8990.842641	9632.717726
68520.000000	10733.918680	12090.662700	9081.737158	9700.421872
68580.000000	10829.994790	12047.421580	9048.051674	9685.136517
68640.000000	10807.725370	11937.672210	8982.976413	9785.373431
68700.000000	10876.710780	12024.032820	8907.567883	9716.876013
68760.000000	10828.901540	11896.262280	8968.487182	9724.740065
68820.000000	10895.575250	11989.558530	9183.626425	9768.957919
68880.000000	10747.417210	11912.216810	9089.582326	9673.048625
68940.000000	10927.116040	11994.520090	9040.351443	9719.353478
69000.000000	10746.691300	11884.559570	8982.780803	9787.384686
69060.000000	10774.327380	12102.724080	8973.882906	9698.894917
69120.000000	10843.845480	11963.405340	8947.459892	9779.411395
69180.000000	10858.895980	12044.111350	8980.475687	9770.604951
69240.000000	10778.109650	11957.362420	9133.096566	9681.759963
69300.000000	10841.887160	12091.973170	8990.475921	9695.584961
69360.000000	10646.808940	12014.791170	9010.714747	9747.932706
69420.000000	10860.857890	12114.266220	8971.297306	9786.281607
69480.000000	10885.059420	12022.946270	9063.268957	9810.847110
69540.000000	10825.125960	11987.415900	9090.872241	9737.620029
69600.000000	10760.801110	12222.263350	9085.214780	9847.105889
69660.000000	10865.354880	12061.558170	8965.788478	9703.041087
69720.000000	10919.428470	11984.966210	8943.690585	9729.297843
69780.000000	10885.505840	12001.092020	8978.419970	9791.757741
69840.000000	10821.000070	11982.164620	9087.408237	9734.380365
69900.000000	10808.415220	12020.910950	8891.606837	9770.075068
69960.000000	10872.291620	12167.018650	9103.476094	9807.593574
70020.000000	10804.761820	12087.020870	9199.352961	9765.030692
70080.000000	10709.157010	12089.338920	9070.062506	9688.094093
70140.000000	10674.395660	12187.015400	9007.213239	9723.520382
70200.000000	10778.395940	12064.206940	8956.018405	9793.976722
70260.000000	10772.925080	11960.804680	9122.991345	9796.930912
70320.000000	10784.312730	11945.590720	9101.068560	9762.341705
70380.000000	10825.557100	12178.295190	9187.214992	9913.306131
70440.000000	10690.478740	12065.491160	9044.431129	9849.774857
70500.000000	10881.582010	11989.871460	8999.921391	9711.190493
70560.000000	10837.739340	12236.273450	9070.928949	9812.196933
70620.000000	10879.852470	12143.639790	9034.165655	9853.544687
70680.000000	10868.958770	12050.833380	9143.737545	9770.722048
70740.000000	10895.646190	12074.426970	9148.024500	9880.233306
70800.000000	10952.607140	12096.491820	9007.154828	9781.069346
70860.000000	10804.009770	12034.005240	8956.986561	9835.745888
70920.000000	10747.980630	12078.819930	9044.815095	9890.214302
70980.000000	10961.188480	12083.334180	9090.668959	9785.928999
71040.000000	10840.190890	12268.490430	9182.184845	9821.492070
71100.000000	10892.464420	12088.743300	9222.690859	9798.979030
71160.000000	10894.350910	12126.197230	9154.656915	9774.848928
71220.000000	10887.589820	12082.147840	9076.392035	9852.526906
71280.000000	10847.982220	12123.837650	9133.666261	9855.435367
71340.000000	10930.671190	12040.113730	9167.733805	9765.707329
71400.000000	10876.030340	12251.633580	9199.319087	9888.236677
71460.000000	10848.002610	12129.959060	8983.847362	9837.610379
71520.000000	10793.063250	12261.328390	9003.857285	9833.071840
71580.000000	10907.381190	12165.628470	9056.106572	9847.148959
71640.000000	10802.451920	12324.341710	9154.946316	9784.858717
71700.000000	10842.260780	12200.862730	9145.258747	9755.370908
71760.000000	10892.257280	12113.334800	9115.516160	9940.352824
71820.000000	10847.713330	12118.367660	9081.003275	9833.309775
71880.000000	10937.985840	12173.795020	9084.362738	9661.453397
71940.000000	10862.250540	12207.533610	9109.602939	9843.522819
72000.000000	10759.886610	11958.865880	9146.818684	9781.459110
72060.000000	10914.349130	12152.015400	9116.761628	9962.007835
72120.000000	10850.702780	11968.591360	9078.915285	9915.838448
72180.000000	10927.002760	12047.631510	9162.301014	9775.123654
72240.000000	10932.746930	12095.722960	9080.782201	9835.585602
72300.000000	10926.754400	12174.353010	8949.033993	9790.557015
72360.000000	10838.010160	12269.879820	9147.744543	9852.610088
72420.000000	11015.490360	12077.800220	9280.148725	9888.707142
72480.000000	10951.032580	12374.793050	9218.420425	9823.282294
72540.000000	10875.246440	12085.976950	9171.446103	9786.502590
72600.000000	10918.532120	12009.535120	9181.477805	9868.806947
72660.000000	10772.091350	12175.353610	9146.788089	9914.182418
72720.000000	10845.869830	12251.721040	9010.402450	9799.792182
72780.000000	10905.730040	12109.277090	9181.972477	9804.639355
72840.000000	10790.643020	12030.272230	9061.640606	9970.588712
72900.000000	11031.000050	12196.021940	9159.818016	9783.593876
72960.000000	10845.589720	12159.854560	9191.988667	9695.534023
73020.000000	10897.019300	12171.884600	9150.095360	9782.752502
73080.000000	10862.990230	12058.546290	9126.285672	9784.079154
73140.000000	11067.331120	12235.835030	9113.890502	10014.044770
73200.000000	10884.909350	12215.881550	9134.406483	9880.756635
73260.000000	10875.030480	12248.315780	9253.420116	10014.766010
73320.000000	10835.438270	12174.223060	9062.282838	9813.500251
73380.000000	10867.322860	12188.764150	9261.803367	9827.358175
73440.000000	10898.508150	12180.842270	9141.610391	9828.651952
73500.000000	10937.576260	12141.454440	9125.285039	9815.210752
73560.000000	10773.353230	12210.623410	9054.064357	9849.242982
73620.000000	10991.888530	12211.724510	9024.270841	9921.801935
73680.000000	10846.189810	12170.182350	9159.005926	10014.753310
73740.000000	10904.322730	12173.949040	9126.397655	9957.113725
73800.000000	10860.329480	12101.628400	9155.808557	9985.879729
73860.000000	10921.478890	12178.749280	9145.425692	9886.674344
73920.000000	10887.572290	12197.264410	9218.676642	9768.859417
73980.000000	10646.401590	12067.394000	9120.853069	9908.272453
74040.000000	10795.489790	12158.824490	9279.631482	9939.578200
74100.000000	10800.705360	12173.982500	9082.010199	10040.100880
74160.000000	10965.923000	12187.462890	9211.090912	9739.102914
74220.000000	10706.290380	12039.233400	9164.185942	9843.112381
74280.000000	10796.729570	12127.529950	9067.231740	9966.681052
74340.000000	11020.237450	12134.421820	9146.171070	9797.415686
74400.000000	10736.535190	12213.061480	9116.685701	10012.940840
74460.000000	10923.916410	12228.462860	9116.574669	9770.407777
74520.000000	10841.544680	12161.082930	9170.327021	9846.410521
74580.000000	10817.714370	12197.537150	9150.273721	9851.399928
74640.000000	10909.850600	12224.001740	8999.922571	9808.172052
74700.000000	10847.966160	12198.676990	9183.708479	9961.528100
74760.000000	10871.431830	12297.773540	9231.933447	9918.006030
74820.000000	10886.155990	12282.789260	9127.186880	9809.296523
74880.000000	11031.445050	12303.358490	9232.557988	9923.543359
74940.000000	11027.651990	12176.749430	9086.353498	9861.291503
75000.000000	10776.049930	12140.857230	9242.211019	9903.797000
75060.000000	10981.870100	12145.184890	9067.776112	9994.534783
75120.000000	10848.880340	12165.921830	9073.260538	9872.327387
75180.000000	10961.468200	12105.912700	9112.501205	9917.299971
75240.000000	10939.344170	12132.421960	9186.314186	9857.135517
75300.000000	10877.809700	12142.126280	9098.256118	9818.989156
75360.000000	10716.754220	12178.903240	9235.616965	9969.304776
75420.000000	10900.542200	12151.062970	9229.528584	9776.731497
75480.000000	10897.670330	12231.884260	8932.252505	9836.125307
75540.000000	10850.745510	12193.999110	9125.042801	9785.017355
75600.000000	10873.819680	12126.518220	8995.951723	9840.146776
75660.000000	10925.297780	12152.648840	9183.982059	9833.815681
75720.000000	10830.466990	12303.045190	9197.879258	9703.407778
75780.000000	10911.248570	12278.380970	9101.273291	9845.054257
75840.000000	10944.186370	12157.090650	9114.078546	9952.093259
75900.000000	10792.765900	12295.705510	9114.950391	10006.445450
75960.000000	10796.218000	12020.558440	9041.015084	10019.750710
76020.000000	10763.871940	12311.964210	9171.450917	9806.319519
76080.000000	10775.116230	12104.753820	9095.872537	9854.510375
76140.000000	10680.929590	12290.522060	9065.778987	9911.140816
76200.000000	10897.184220	12124.175720	9031.054516	10007.970380
76260.000000	10882.542260	12099.177110	9018.653866	9865.986156
76320.000000	10737.345800	12322.923040	8996.554459	9722.793590
76380.000000	10813.104980	12265.138540	9230.139631	9831.331452
76440.000000	10807.507500	12060.515430	9050.684028	9756.486062
76500.000000	10959.488970	12155.271750	9037.027444	9931.365756
76560.000000	10788.399010	12229.443450	9259.768761	9925.531234
76620.000000	10797.092310	12263.347300	9187.583895	9849.250629
76680.000000	10767.162170	11942.220680	9207.296427	9893.841473
76740.000000	10845.620820	12153.494300	9062.762351	9862.550798
76800.000000	10774.171810	12196.807120	9241.607690	9915.157379
76860.000000	10899.684840	12196.246940	9159.540787	9859.126945
76920.000000	10799.364640	12144.614100	9176.328424	9892.636587
76980.000000	10814.552540	12335.116540	9042.523234	9830.793298
77040.000000	10892.537390	12250.236510	9126.586108	9894.063960
77100.000000	10773.695250	12119.483460	9182.185315	9773.045453
77160.000000	11000.205940	12317.177030	9190.981135	10064.478530
77220.000000	10918.365210	12152.684990	9129.071401	9903.508632
77280.000000	10929.043670	12254.550490	9159.778926	9821.484804
77340.000000	10782.528660	12175.839660	9063.110010	9975.781398
77400.000000	10772.426110	12183.724980	9068.050449	9909.323180
77460.000000	10814.117420	12340.964240	9299.439859	9813.768560
77520.000000	10950.791890	12191.856650	9150.788935	9927.170318
77580.000000	10976.555510	12289.051360	9141.760477	10141.000730
77640.000000	10913.173170	12315.118140	9193.209536	9979.093853
77700.000000	10762.315670	12379.086220	9104.492719	9795.117375
77760.000000	10868.463750	12177.485800	9241.759201	9860.766162
77820.000000	10859.027830	12252.433450	9327.663351	9947.856161
77880.000000	10970.180810	12359.402370	9057.546771	10079.857510
77940.000000	10871.047990	12407.554210	9142.130390	9917.789322
78000.000000	10893.332640	12351.434400	9202.050148	9800.291983
78060.000000	10787.718290	12283.938800	9257.226363	9897.205548
78120.000000	10781.064880	12203.389150	9265.966422	9858.917650
78180.000000	10862.603460	12228.382210	9062.643412	9887.858075
78240.000000	10831.529840	12247.494270	9068.305767	9956.262753
78300.000000	10774.155290	12247.770530	9178.758535	9971.566515
78360.000000	10884.118600	12255.335570	9085.813533	9989.621173
78420.000000	10921.496210	12295.977170	9107.642316	9947.030389
78480.000000	10939.354790	12257.384950	9193.398548	10007.159480
78540.000000	10968.974810	12326.501170	9151.601644	9915.193303
78600.000000	10863.618600	12189.732950	9274.065243	10003.504620
78660.000000	10977.816760	12321.721930	9233.189694	9981.631620
78720.000000	10927.350140	12320.522220	9236.502121	9907.614193
78780.000000	11010.763330	12263.206400	9317.680624	9940.730397
78840.000000	10950.222230	12231.227120	9156.628936	9827.510371
78900.000000	10838.095600	12230.739120	9236.676270	9934.135706
78960.000000	10721.699640	12363.877210	9024.538889	10083.260260
79020.000000	10877.842930	12236.580970	9189.486762	9970.268983
79080.000000	10781.198700	12287.255830	9135.622222	9904.602718
79140.000000	10930.234320	12314.449660	9249.561319	9903.590811
79200.000000	10852.827570	12125.772370	9165.429906	9976.386685
79541.200000	17106.076680	17173.143020	11527.290100	11489.702100
79585.300000	16979.209080	17234.173880	11564.499500	11673.362410
79629.300000	17133.251540	17257.290610	11531.772250	11683.095280
79673.300000	17145.508140	17189.498310	11593.301160	11805.028770
79717.300000	17144.509190	17147.620950	11476.005080	11692.495250
79761.300000	17193.316290	17391.550250	11627.636800	11709.326180
79805.300000	17244.759570	17139.316210	11433.341490	11799.311580
79849.300000	17116.595940	17279.468660	11568.936830	11736.169930
79893.300000	17051.925870	17237.574880	11711.900010	11696.400780
79937.300000	17203.314980	17228.145330	11641.994880	11779.275070
79981.300000	17049.537470	17271.621900	11659.223680	11781.011780
80025.300000	17190.325980	16988.836860	11556.907500	11772.154390
80069.300000	17223.553300	17325.954410	11544.109720	11788.662590
80113.300000	17061.895120	17281.792000	11660.433390	11792.487400
80157.300000	17307.306310	17301.757340	11634.518300	11830.813150
80201.300000	17215.329500	17274.980170	11602.171910	11816.046980
80245.300000	17256.683100	17295.515480	11778.485480	11736.276110
80289.300000	17259.721700	17332.011490	11775.824760	11861.665570
80340.000000	17259.529220	17385.237260	11631.011250	11757.871570
80400.000000	17425.636250	17424.113420	11574.173560	12050.496550
80460.000000	17314.585560	17276.707160	11660.804040	11689.182280
80520.000000	17424.723390	17248.732020	11547.951250	11812.790720
80580.000000	17205.612380	17592.628120	11747.655250	11874.623480
80640.000000	17427.560810	17425.653960	11721.663240	11776.799120
80700.000000	17252.774100	17350.073200	11882.680360	11833.595090
80760.000000	17293.427460	17481.109800	11745.277860	12024.543690
80820.000000	17299.846780	17347.832810	11727.561810	11890.914510
80880.000000	17367.096250	17376.929360	11643.433510	11832.173720
80940.000000	17373.963800	17245.103740	11899.910590	11967.205920
81000.000000	17541.769900	17456.925600	11808.662110	11940.696870
81060.000000	17448.320390	17511.026590	11841.202100	12055.610400
81120.000000	17197.824140	17324.370720	11704.536860	11897.782300
81180.000000	17420.325930	17500.921340	11642.516420	11918.817510
81240.000000	17389.275320	17492.726100	11678.335740	11941.173350
81300.000000	17374.458800	17603.999590	11805.931280	11841.033440
81360.000000	17499.444970	17391.748460	11859.685920	11762.897370
81420.000000	17603.868690	17621.152060	11705.027240	11928.111520
81480.000000	17509.196470	17300.407120	11801.515730	11858.168780
81540.000000	17434.137670	17575.219910	11747.559260	11950.379910
81600.000000	17381.248130	17420.544360	11786.713470	11851.096440
81660.000000	17466.895040	17183.363090	11757.869080	12004.946120
81720.000000	17132.179390	17494.732510	11829.529610	11898.181730
81780.000000	17525.390610	17535.807770	11889.694960	11980.683940
81840.000000	17481.319640	17385.231650	11864.234630	11965.570120
81900.000000	17385.667970	17463.548940	11671.600370	11936.076120
81960.000000	17400.990620	17485.367080	11885.595470	11952.338120
82020.000000	17567.491070	17561.206420	11903.865070	11721.306090
82080.000000	17571.809820	17424.465900	11588.964170	11894.173510
82140.000000	17414.891250	17566.000980	11869.892390	11916.803910
82200.000000	17503.449050	17351.243340	11751.442790	11937.323120
82260.000000	17444.741450	17687.696450	11695.685030	11798.708730
82320.000000	17406.396450	17603.182140	11683.072420	11823.755680
82380.000000	17455.351770	17577.140460	11978.473230	11811.758070
82440.000000	17478.860700	17516.169180	11711.536890	11885.558530
82500.000000	17250.266190	17240.036060	11834.954200	11968.923610
82560.000000	17637.032400	17411.506270	11689.966260	11876.757620
82620.000000	17382.552920	17441.471810	11776.061970	11837.310750
82680.000000	17463.097220	17409.291920	11813.079170	11930.216970
82740.000000	17526.487720	17349.892520	11842.954950	11949.186060
82800.000000	17535.963840	17613.728600	11914.549860	12019.283310
82860.000000	17368.890970	17472.168880	11879.379830	11765.574480
82920.000000	17513.078000	17352.869530	11735.762360	11879.014490
82980.000000	17496.823410	17616.335090	11717.100170	11874.443510
83040.000000	17485.701230	17714.651460	11839.273260	11837.040190
83100.000000	17464.370990	17511.935740	11818.524020	11887.472270
83160.000000	17609.130840	17524.898480	11699.553150	11980.657300
83220.000000	17482.630000	17531.426300	11705.381030	12019.298540
83280.000000	17595.786270	17518.253320	11739.951510	12062.180930
83340.000000	17519.361250	17527.440020	11806.764670	11877.025870
83400.000000	17585.069170	17522.882780	11760.956690	11924.635460
83460.000000	17565.203630	17508.940200	11952.235380	11795.315520
83520.000000	17655.125990	17517.722100	11894.465740	12010.653040
83580.000000	17634.179360	17658.531070	11946.111760	11905.086420
83640.000000	17489.351520	17583.195240	11754.104770	12000.131270
83700.000000	17381.984440	17445.132530	11949.415790	11996.184020
83760.000000	17599.510660	17510.138860	11815.768850	12058.336740
83820.000000	17643.962940	17468.920540	11652.727190	11942.577280
83880.000000	17467.321800	17621.693660	11832.478220	11943.876990
83940.000000	17513.817050	17652.682140	11793.398570	11783.331300
84000.000000	17678.486610	17644.244330	11673.746090	12049.426920
84060.000000	17581.174280	17547.094980	11878.819970	11987.637400
84120.000000	17507.203880	17539.452290	11793.293210	11912.465200
84180.000000	17589.141050	17507.789010	11854.524960	12028.073930
84240.000000	17575.695960	17551.233240	11997.621110	11908.223250
84300.000000	17477.269020	17606.146970	11944.237960	12037.615790
84360.000000	17713.764830	17661.258980	11985.739470	11889.487290
84420.000000	17803.299830	17463.931640	11838.690060	11938.974520
84480.000000	17714.569340	17401.187060	11848.915330	11962.477350
84540.000000	17522.609080	17504.888190	11731.927060	11915.258040
84600.000000	17726.918010	17370.082320	11699.529200	12034.770140
84660.000000	17669.405160	17513.641880	11860.935100	11817.166530
84720.000000	17611.806970	17806.259520	11887.776480	11942.606750
84780.000000	17600.857880	17438.198570	12082.979710	12095.848660
84840.000000	17690.880800	17654.201640	11912.876260	11905.863500
84900.000000	17715.429340	17704.381940	11835.639360	11893.394600
84960.000000	17637.754720	17612.545920	11688.273400	12015.279890
85020.000000	17383.643300	17556.023410	11786.499300	11851.838640
85080.000000	17624.369050	17714.433410	11818.177730	12050.360430
85140.000000	17529.649440	17486.976590	11709.448820	11865.440740
85200.000000	17390.441420	17610.271400	11806.523860	12002.608280
85260.000000	17546.829020	17543.015930	11771.302410	12057.069960
85320.000000	17599.382480	17767.217710	11837.670280	12066.849220
85380.000000	17902.087210	17580.429620	11766.474890	12219.971480
85440.000000	17434.498100	17531.733910	11755.332840	11990.108520
85500.000000	17818.729960	17745.860670	11907.703910	11913.058800
85560.000000	17693.809870	17550.060310	11706.242530	11773.518560
85620.000000	17485.754250	17678.683620	11810.169820	11824.330260
85680.000000	17515.469220	17608.057220	11869.057330	12028.712470
85740.000000	17578.444720	17572.218240	11755.995560	11993.563040
85800.000000	17469.479720	17515.626050	11757.875880	11873.071870
85860.000000	17628.189150	17728.975980	11752.760300	11855.170140
85920.000000	17608.465930	17445.950430	11782.844730	11869.544560
85980.000000	17616.497200	17601.002100	11881.902540	11954.179550
86040.000000	17574.813600	17676.545510	11804.425820	11932.770500
86100.000000	17791.317610	17430.703920	11791.437110	12064.963570
86160.000000	17553.929400	17439.985350	11873.846900	11784.002850
86220.000000	17652.313790	17561.416290	11704.082670	11792.759570
86280.000000	17596.883340	17365.738200	11650.395470	12032.516100
86340.000000	17415.550010	17687.890370	11991.503990	11880.505450
86400.000000	17574.474760	17704.686530	11827.474160	11916.621210
