The RULES AS I READ THEM
2.1	0	1.0		2.1	1	1.1
1.1	0	3.0		1.1	0	3.1
3.1	0	4.0		3.1	1	4.1
4.1	0	2.0		4.1	0	2.1
0.0.2.1 is 0 with 1.0.1.0   ....   
             ...........0.0.2.1 is 1 with 1.0.1.1


THE DECISION TABLE
bots 	 neighbors 	 bound 	 states 	 applicable 	 decision
0.0, 1.0	 1	1	2.1, 1.1	0	0
0.0, 1.1	 1	0	2.1, 3.0	0	0
0.0, 2.0	 0	0	2.1, 4.0	0	0
0.0, 2.1	 0	0	2.1, 2.0	0	0
1.0, 1.1	 1	0	1.1, 3.0	1	1
1.0, 2.0	 1	0	1.1, 4.0	0	0
1.0, 2.1	 1	0	1.1, 2.0	0	0
1.1, 2.0	 1	0	3.0, 4.0	0	0
1.1, 2.1	 1	0	3.0, 2.0	0	0
2.0, 2.1	 1	0	4.0, 2.0	0	0
1.0.1.1 is 0 with 1.1.3.0   ....   
             ...........1.0.1.1 is 0 with 1.1.3.1


THE DECISION TABLE
bots 	 neighbors 	 bound 	 states 	 applicable 	 decision
0.0, 1.0	 1	1	2.1, 1.1	0	0
0.0, 1.1	 1	0	2.1, 3.1	0	0
0.0, 2.0	 0	0	2.1, 4.0	0	0
0.0, 2.1	 0	0	2.1, 2.0	0	0
1.0, 1.1	 1	0	1.1, 3.1	0	0
1.0, 2.0	 1	0	1.1, 4.0	0	0
1.0, 2.1	 1	0	1.1, 2.0	0	0
1.1, 2.0	 1	0	3.1, 4.0	1	1
1.1, 2.1	 1	0	3.1, 2.0	0	0
2.0, 2.1	 1	0	4.0, 2.0	0	0
1.1.3.1 is 0 with 2.0.4.0   ....   
             ...........1.1.3.1 is 1 with 2.0.4.1


THE DECISION TABLE
bots 	 neighbors 	 bound 	 states 	 applicable 	 decision
0.0, 1.0	 1	1	2.1, 1.1	0	0
0.0, 1.1	 1	0	2.1, 3.1	0	0
0.0, 2.0	 0	0	2.1, 4.1	0	0
0.0, 2.1	 0	0	2.1, 2.0	0	0
1.0, 1.1	 1	0	1.1, 3.1	0	0
1.0, 2.0	 1	0	1.1, 4.1	0	0
1.0, 2.1	 1	0	1.1, 2.0	0	0
1.1, 2.0	 1	1	3.1, 4.1	0	0
1.1, 2.1	 1	0	3.1, 2.0	0	0
2.0, 2.1	 1	0	4.1, 2.0	1	1
2.0.4.1 is 0 with 2.1.2.0   ....   
             ...........2.0.4.1 is 0 with 2.1.2.1


THE DECISION TABLE
bots 	 neighbors 	 bound 	 states 	 applicable 	 decision
0.0, 1.0	 1	1	2.1, 1.1	0	0
0.0, 1.1	 1	0	2.1, 3.1	0	0
0.0, 2.0	 0	0	2.1, 4.1	0	0
0.0, 2.1	 0	0	2.1, 2.1	0	0
1.0, 1.1	 1	0	1.1, 3.1	0	0
1.0, 2.0	 1	0	1.1, 4.1	0	0
1.0, 2.1	 1	0	1.1, 2.1	0	0
1.1, 2.0	 1	1	3.1, 4.1	0	0
1.1, 2.1	 1	0	3.1, 2.1	0	0
2.0, 2.1	 1	0	4.1, 2.1	0	0

THE DECISION TABLE
bots 	 neighbors 	 bound 	 states 	 applicable 	 decision
0.0, 1.0	 1	1	2.0, 1.1	0	0
0.0, 1.1	 1	0	2.0, 3.1	0	0
0.0, 2.0	 0	0	2.0, 4.1	1	0
0.0, 2.1	 0	0	2.0, 2.1	0	0
1.0, 1.1	 1	0	1.1, 3.1	0	0
1.0, 2.0	 1	0	1.1, 4.1	0	0
1.0, 2.1	 1	0	1.1, 2.1	0	0
1.1, 2.0	 1	1	3.1, 4.1	0	0
1.1, 2.1	 1	0	3.1, 2.1	0	0
2.0, 2.1	 1	0	4.1, 2.1	0	0

THE DECISION TABLE
bots 	 neighbors 	 bound 	 states 	 applicable 	 decision
0.0, 1.0	 1	1	2.0, 1.1	0	0
0.0, 1.1	 1	0	2.0, 3.1	0	0
0.0, 2.0	 0	0	2.0, 4.1	1	0
0.0, 2.1	 0	0	2.0, 2.1	0	0
1.0, 1.1	 1	0	1.1, 3.1	0	0
1.0, 2.0	 1	0	1.1, 4.1	0	0
1.0, 2.1	 1	0	1.1, 2.1	0	0
1.1, 2.0	 1	1	3.1, 4.1	0	0
1.1, 2.1	 1	0	3.1, 2.1	0	0
2.0, 2.1	 1	0	4.1, 2.1	0	0

THE DECISION TABLE
bots 	 neighbors 	 bound 	 states 	 applicable 	 decision
0.0, 1.0	 1	1	2.0, 1.1	0	0
0.0, 1.1	 1	0	2.0, 3.1	0	0
0.0, 2.0	 0	0	2.0, 4.1	1	0
0.0, 2.1	 0	0	2.0, 2.1	0	0
1.0, 1.1	 1	0	1.1, 3.1	0	0
1.0, 2.0	 1	0	1.1, 4.1	0	0
1.0, 2.1	 1	0	1.1, 2.1	0	0
1.1, 2.0	 1	1	3.1, 4.1	0	0
1.1, 2.1	 1	0	3.1, 2.1	0	0
2.0, 2.1	 1	0	4.1, 2.1	0	0

THE DECISION TABLE
bots 	 neighbors 	 bound 	 states 	 applicable 	 decision
0.0, 1.0	 1	1	2.0, 1.1	0	0
0.0, 1.1	 1	0	2.0, 3.1	0	0
0.0, 2.0	 0	0	2.0, 4.1	1	0
0.0, 2.1	 0	0	2.0, 2.1	0	0
1.0, 1.1	 1	0	1.1, 3.1	0	0
1.0, 2.0	 1	0	1.1, 4.1	0	0
1.0, 2.1	 1	0	1.1, 2.1	0	0
1.1, 2.0	 1	1	3.1, 4.1	0	0
1.1, 2.1	 1	0	3.1, 2.1	0	0
2.0, 2.1	 1	0	4.1, 2.1	0	0

THE DECISION TABLE
bots 	 neighbors 	 bound 	 states 	 applicable 	 decision
0.0, 1.0	 1	1	2.0, 1.1	0	0
0.0, 1.1	 1	0	2.0, 3.1	0	0
0.0, 2.0	 0	0	2.0, 4.1	1	0
0.0, 2.1	 0	0	2.0, 2.1	0	0
1.0, 1.1	 1	0	1.1, 3.1	0	0
1.0, 2.0	 1	0	1.1, 4.1	0	0
1.0, 2.1	 1	0	1.1, 2.1	0	0
1.1, 2.0	 1	1	3.1, 4.1	0	0
1.1, 2.1	 1	0	3.1, 2.1	0	0
2.0, 2.1	 1	0	4.1, 2.1	0	0

THE DECISION TABLE
bots 	 neighbors 	 bound 	 states 	 applicable 	 decision
0.0, 1.0	 1	1	2.0, 1.1	0	0
0.0, 1.1	 1	0	2.0, 3.1	0	0
0.0, 2.0	 0	0	2.0, 4.1	1	0
0.0, 2.1	 0	0	2.0, 2.1	0	0
1.0, 1.1	 1	0	1.1, 3.1	0	0
1.0, 2.0	 1	0	1.1, 4.1	0	0
1.0, 2.1	 1	0	1.1, 2.1	0	0
1.1, 2.0	 1	1	3.1, 4.1	0	0
1.1, 2.1	 1	0	3.1, 2.1	0	0
2.0, 2.1	 1	0	4.1, 2.1	0	0

THE DECISION TABLE
bots 	 neighbors 	 bound 	 states 	 applicable 	 decision
0.0, 1.0	 1	1	2.0, 1.1	0	0
0.0, 1.1	 1	0	2.0, 3.1	0	0
0.0, 2.0	 0	0	2.0, 4.1	1	0
0.0, 2.1	 0	0	2.0, 2.1	0	0
1.0, 1.1	 1	0	1.1, 3.1	0	0
1.0, 2.0	 1	0	1.1, 4.1	0	0
1.0, 2.1	 1	0	1.1, 2.1	0	0
1.1, 2.0	 1	1	3.1, 4.1	0	0
1.1, 2.1	 1	0	3.1, 2.1	0	0
2.0, 2.1	 1	0	4.1, 2.1	0	0

THE DECISION TABLE
bots 	 neighbors 	 bound 	 states 	 applicable 	 decision
0.0, 1.0	 1	1	2.0, 1.1	0	0
0.0, 1.1	 1	0	2.0, 3.1	0	0
0.0, 2.0	 0	0	2.0, 4.1	1	0
0.0, 2.1	 0	0	2.0, 2.1	0	0
1.0, 1.1	 1	0	1.1, 3.1	0	0
1.0, 2.0	 1	0	1.1, 4.1	0	0
1.0, 2.1	 1	0	1.1, 2.1	0	0
1.1, 2.0	 1	1	3.1, 4.1	0	0
1.1, 2.1	 1	0	3.1, 2.1	0	0
2.0, 2.1	 1	0	4.1, 2.1	0	0

THE DECISION TABLE
bots 	 neighbors 	 bound 	 states 	 applicable 	 decision
0.0, 1.0	 1	1	2.0, 1.1	0	0
0.0, 1.1	 1	0	2.0, 3.1	0	0
0.0, 2.0	 0	0	2.0, 4.1	1	0
0.0, 2.1	 0	0	2.0, 2.1	0	0
1.0, 1.1	 1	0	1.1, 3.1	0	0
1.0, 2.0	 1	0	1.1, 4.1	0	0
1.0, 2.1	 1	0	1.1, 2.1	0	0
1.1, 2.0	 1	1	3.1, 4.1	0	0
1.1, 2.1	 1	0	3.1, 2.1	0	0
2.0, 2.1	 1	0	4.1, 2.1	0	0

THE DECISION TABLE
bots 	 neighbors 	 bound 	 states 	 applicable 	 decision
0.0, 1.0	 1	1	2.0, 1.1	0	0
0.0, 1.1	 1	0	2.0, 3.1	0	0
0.0, 2.0	 0	0	2.0, 4.1	1	0
0.0, 2.1	 0	0	2.0, 2.1	0	0
1.0, 1.1	 1	0	1.1, 3.1	0	0
1.0, 2.0	 1	0	1.1, 4.1	0	0
1.0, 2.1	 1	0	1.1, 2.1	0	0
1.1, 2.0	 1	1	3.1, 4.1	0	0
1.1, 2.1	 1	0	3.1, 2.1	0	0
2.0, 2.1	 1	0	4.1, 2.1	0	0

THE DECISION TABLE
bots 	 neighbors 	 bound 	 states 	 applicable 	 decision
0.0, 1.0	 1	1	2.0, 1.1	0	0
0.0, 1.1	 1	0	2.0, 3.1	0	0
0.0, 2.0	 0	0	2.0, 4.1	1	0
0.0, 2.1	 0	0	2.0, 2.1	0	0
1.0, 1.1	 1	0	1.1, 3.1	0	0
1.0, 2.0	 1	0	1.1, 4.1	0	0
1.0, 2.1	 1	0	1.1, 2.1	0	0
1.1, 2.0	 1	1	3.1, 4.1	0	0
1.1, 2.1	 1	0	3.1, 2.1	0	0
2.0, 2.1	 1	0	4.1, 2.1	0	0

THE DECISION TABLE
bots 	 neighbors 	 bound 	 states 	 applicable 	 decision
0.0, 1.0	 1	1	2.0, 1.1	0	0
0.0, 1.1	 1	0	2.0, 3.1	0	0
0.0, 2.0	 0	0	2.0, 4.1	1	0
0.0, 2.1	 0	0	2.0, 2.1	0	0
1.0, 1.1	 1	0	1.1, 3.1	0	0
1.0, 2.0	 1	0	1.1, 4.1	0	0
1.0, 2.1	 1	0	1.1, 2.1	0	0
1.1, 2.0	 1	1	3.1, 4.1	0	0
1.1, 2.1	 1	0	3.1, 2.1	0	0
2.0, 2.1	 1	0	4.1, 2.1	0	0

THE DECISION TABLE
bots 	 neighbors 	 bound 	 states 	 applicable 	 decision
0.0, 1.0	 1	1	2.0, 1.1	0	0
0.0, 1.1	 1	0	2.0, 3.1	0	0
0.0, 2.0	 0	0	2.0, 4.1	1	0
0.0, 2.1	 0	0	2.0, 2.1	0	0
1.0, 1.1	 1	0	1.1, 3.1	0	0
1.0, 2.0	 1	0	1.1, 4.1	0	0
1.0, 2.1	 1	0	1.1, 2.1	0	0
1.1, 2.0	 1	1	3.1, 4.1	0	0
1.1, 2.1	 1	0	3.1, 2.1	0	0
2.0, 2.1	 1	0	4.1, 2.1	0	0

THE DECISION TABLE
bots 	 neighbors 	 bound 	 states 	 applicable 	 decision
0.0, 1.0	 1	1	2.0, 1.1	0	0
0.0, 1.1	 1	0	2.0, 3.1	0	0
0.0, 2.0	 0	0	2.0, 4.1	1	0
0.0, 2.1	 0	0	2.0, 2.1	0	0
1.0, 1.1	 1	0	1.1, 3.1	0	0
1.0, 2.0	 1	0	1.1, 4.1	0	0
1.0, 2.1	 1	0	1.1, 2.1	0	0
1.1, 2.0	 1	1	3.1, 4.1	0	0
1.1, 2.1	 1	0	3.1, 2.1	0	0
2.0, 2.1	 1	0	4.1, 2.1	0	0

THE DECISION TABLE
bots 	 neighbors 	 bound 	 states 	 applicable 	 decision
0.0, 1.0	 1	1	2.0, 1.1	0	0
0.0, 1.1	 1	0	2.0, 3.1	0	0
0.0, 2.0	 0	0	2.0, 4.1	1	0
0.0, 2.1	 0	0	2.0, 2.1	0	0
1.0, 1.1	 1	0	1.1, 3.1	0	0
1.0, 2.0	 1	0	1.1, 4.1	0	0
1.0, 2.1	 1	0	1.1, 2.1	0	0
1.1, 2.0	 1	1	3.1, 4.1	0	0
1.1, 2.1	 1	0	3.1, 2.1	0	0
2.0, 2.1	 1	0	4.1, 2.1	0	0

THE DECISION TABLE
bots 	 neighbors 	 bound 	 states 	 applicable 	 decision
0.0, 1.0	 1	1	2.0, 1.1	0	0
0.0, 1.1	 1	0	2.0, 3.1	0	0
0.0, 2.0	 0	0	2.0, 4.1	1	0
0.0, 2.1	 0	0	2.0, 2.1	0	0
1.0, 1.1	 1	0	1.1, 3.1	0	0
1.0, 2.0	 1	0	1.1, 4.1	0	0
1.0, 2.1	 1	0	1.1, 2.1	0	0
1.1, 2.0	 1	1	3.1, 4.1	0	0
1.1, 2.1	 1	0	3.1, 2.1	0	0
2.0, 2.1	 1	0	4.1, 2.1	0	0

THE DECISION TABLE
bots 	 neighbors 	 bound 	 states 	 applicable 	 decision
0.0, 1.0	 1	1	2.0, 1.1	0	0
0.0, 1.1	 1	0	2.0, 3.1	0	0
0.0, 2.0	 0	0	2.0, 4.1	1	0
0.0, 2.1	 0	0	2.0, 2.1	0	0
1.0, 1.1	 1	0	1.1, 3.1	0	0
1.0, 2.0	 1	0	1.1, 4.1	0	0
1.0, 2.1	 1	0	1.1, 2.1	0	0
1.1, 2.0	 1	1	3.1, 4.1	0	0
1.1, 2.1	 1	0	3.1, 2.1	0	0
2.0, 2.1	 1	0	4.1, 2.1	0	0
