0.000000	52078.204170	46573.738470	43857.320640	10627.753360
60.000000	52032.647360	46594.809270	43626.887950	10530.752220
120.000000	51653.716690	46731.073780	43475.278070	10717.289700
180.000000	51432.565140	46732.265970	43139.774430	10626.020250
240.000000	51428.193280	46360.152460	43139.985070	10651.151770
300.000000	51155.008590	46489.885050	43388.587780	10679.227100
757.500000	46329.390690	57395.712140	41038.593680	9900.673281
801.600000	46349.936590	58546.324880	40858.804660	10024.070770
845.600000	46473.592690	60692.396750	40992.452160	9918.486395
889.600000	46470.371190	62029.873650	41214.571300	9871.114704
933.600000	46463.201150	62963.586520	41329.683630	9968.302052
977.600000	46388.353720	64347.773970	41077.048470	9879.266274
1021.600000	46241.929490	65568.840360	40638.853890	9833.271960
1065.600000	46629.836800	66928.584910	40890.528820	9793.223280
1109.600000	46400.813000	67901.127530	40856.587010	9828.194321
1153.600000	46439.952190	68771.255270	41000.745410	9923.354198
1197.600000	46557.903730	69762.131720	40975.161360	9830.799886
1241.600000	46388.753780	70516.236920	41114.792310	9899.769490
1285.600000	46628.120920	71658.132380	40854.259700	9987.978745
1329.600000	46700.710680	72442.053320	41029.600950	9895.110778
1373.600000	46569.230950	73000.386060	41112.079370	9953.051446
1417.600000	46614.441210	74044.080610	40941.495000	9948.675473
1461.600000	46458.610310	74698.578240	41085.647950	9938.448350
1505.600000	46101.830790	75655.953710	41024.535220	9969.043660
1549.600000	46820.044110	75826.724390	41066.734290	9921.139526
1593.600000	46596.421020	77031.039360	40762.878410	10104.394160
1637.600000	46398.171290	77668.782640	41087.816610	9841.489621
1681.600000	46801.175550	78114.083110	40780.504440	9985.128754
1725.600000	46621.555160	78879.586210	41012.090950	9946.959315
1769.600000	46694.978370	79348.759290	40536.497520	9982.301553
1813.600000	46557.037710	80234.066680	41381.871940	9904.607926
1860.000000	46764.028820	80494.788320	40995.467040	10016.184800
1920.000000	46723.639550	81743.860640	40964.191460	10075.616940
1980.000000	46692.087440	82411.864460	41013.742810	9898.876317
2040.000000	46826.575880	83088.079570	41115.507530	9984.643023
2100.000000	46703.517950	83909.721970	41205.199660	9917.272609
2160.000000	46550.314610	84779.820840	41277.984830	9939.593086
2220.000000	46814.660260	85618.961820	41036.465410	10065.612960
2280.000000	46686.136190	85909.983080	41195.417670	9896.333314
2340.000000	46818.752460	86157.176000	40704.042360	9955.011506
2400.000000	46693.394800	87193.375330	40987.944780	9958.584817
2460.000000	46761.292950	88133.414520	40815.827000	10001.244560
2520.000000	46952.688720	88481.753660	40954.814940	9997.848808
2580.000000	46808.349300	89028.858750	41327.618590	9942.732307
2640.000000	47018.780020	89887.500380	40981.298160	10006.362790
2700.000000	47161.444980	89880.621290	40763.813850	9981.482992
2760.000000	46892.095120	90626.192670	41191.236990	9823.485411
2820.000000	47293.915010	91072.508060	40930.847830	9823.180743
2880.000000	47155.682630	91789.840520	41026.968530	9860.917620
2940.000000	47172.030870	92194.149380	41188.225310	9824.874414
3000.000000	47073.825950	92386.026140	40803.521690	9825.994345
3060.000000	47077.242180	93420.694810	41128.567040	9886.509769
3120.000000	47141.033290	93559.979140	41324.515090	9984.212846
3180.000000	46986.988130	94002.494520	41096.924750	9948.241742
3240.000000	47040.676290	93922.131370	41142.548530	9886.559427
3300.000000	47151.865090	94546.961430	40994.344230	9794.819165
3360.000000	47113.390090	94858.214270	41185.157990	9886.032980
3420.000000	47212.710840	95644.998180	41085.556210	9963.506885
3480.000000	47066.068180	95664.518060	40928.865560	9950.626313
3540.000000	46701.012700	96352.498510	41153.762670	9948.013574
3600.000000	47155.417510	96053.023720	41157.234250	9827.173249
3660.000000	46994.356070	96694.073230	40876.139800	9951.076851
3720.000000	47408.246810	97005.267260	41051.377660	9986.700742
3780.000000	47085.505360	97450.697790	40852.420330	9873.193410
3840.000000	46947.197590	97438.224640	41073.120040	9839.627188
3900.000000	47285.071920	97739.800640	41144.627200	9993.440224
3960.000000	46769.139160	98349.335200	41133.105650	9986.635876
4020.000000	47152.310310	98276.893000	41172.303700	9845.748411
4080.000000	47022.178760	99156.231990	40834.519020	9939.436577
4140.000000	47361.977590	99082.547250	41211.238620	10056.934030
4200.000000	47281.370940	99402.323120	41159.799810	9894.525339
4260.000000	47050.900040	99090.627380	40965.572950	9972.253075
4320.000000	47350.489400	99947.818060	40983.686220	9910.813419
4380.000000	47236.724260	99955.914230	40639.607000	9877.264787
4440.000000	47360.481270	100208.629300	40978.023070	9910.620413
4500.000000	47214.734400	100450.958600	41260.673770	9968.684198
4560.000000	47329.446770	100872.425900	40796.435390	9957.053327
4620.000000	47043.517740	100884.665800	41103.047480	9966.790898
4680.000000	47639.342780	101221.514100	41150.526080	9874.358358
4740.000000	47767.786860	101524.908100	41015.744870	9882.252926
4800.000000	47288.484060	101993.437600	41046.646860	9764.368107
4860.000000	47407.107760	102118.730300	41167.488810	9962.942278
4920.000000	47028.564860	102172.534000	41210.461360	9965.548994
4980.000000	47419.225040	102918.550900	40880.799670	9990.830459
5040.000000	47542.347360	102241.192000	41077.720170	9986.271094
5100.000000	47504.613340	102963.920900	41016.903790	9844.036725
5160.000000	47467.184960	103070.755400	41096.935300	9856.961745
5220.000000	47572.994220	102832.690700	41191.479710	9705.781272
5280.000000	47446.287290	103092.198300	41009.520190	9920.412366
5340.000000	47493.432030	103509.014700	41195.756870	9915.444885
5400.000000	47509.872920	103492.149600	40901.459570	9925.761864
5460.000000	47492.189020	104065.292700	40988.082320	10016.703020
5520.000000	47752.718320	104387.597400	41340.120670	9987.432929
5580.000000	47512.404010	104419.726600	41140.079130	9708.474076
5640.000000	47572.326340	104174.078700	41138.897970	10030.618760
5700.000000	47978.184320	104732.871700	41263.319280	9927.881169
5760.000000	47777.322320	104394.464900	41051.310820	9904.185051
5820.000000	47281.646070	105045.707500	41145.683130	10038.631600
5880.000000	47498.827140	105405.841700	41099.816530	10179.130030
5940.000000	47548.411150	105154.867800	41069.049740	9967.083022
6000.000000	47327.199580	105362.442800	40986.107070	9801.954351
6060.000000	47637.709580	105090.130400	41087.761590	9903.107898
6120.000000	47850.180360	106272.500700	40968.594090	9945.453540
6180.000000	47378.832690	105654.441800	40848.482130	9929.356558
6240.000000	47695.950280	106055.595900	41281.705200	9987.451100
6300.000000	47466.816350	106105.492700	41066.565360	9816.264140
6360.000000	47790.818660	106290.483200	41396.987190	9781.083681
6420.000000	47667.395870	106039.149600	40965.857670	9849.026037
6480.000000	47496.552360	106280.412300	41200.301220	9912.180446
6540.000000	47848.698760	106618.925000	41122.357220	9926.626860
6600.000000	47728.682210	106725.908700	41064.670210	9869.114668
6660.000000	48031.737240	107134.030200	41208.613250	9897.578692
6720.000000	47502.363310	106902.513600	41158.479450	9850.923547
6780.000000	47589.184320	107401.273800	41124.554220	10060.714830
6840.000000	47358.749160	107056.161800	41205.821950	9923.270772
6900.000000	47737.444820	107220.040400	41033.289440	9917.255708
6960.000000	47631.550210	107004.714900	41234.768160	9862.761949
7020.000000	47858.479480	107639.230300	40984.055700	9708.089767
7080.000000	47811.278880	107771.905100	40936.544550	9884.157287
7140.000000	48029.546140	108260.312200	41156.869540	9984.789074
7200.000000	47871.035300	108000.335300	40965.985030	10056.641790
7260.000000	47941.797970	107877.976800	41100.905630	9932.329685
7320.000000	47904.350500	108112.373800	41236.712900	9971.606809
7380.000000	48200.655620	108297.189300	40928.970040	9881.148726
7440.000000	47986.665990	108571.480700	41335.290290	9825.191897
7500.000000	47300.630090	108581.960400	40848.433460	9875.076776
7560.000000	47970.569700	108281.278300	41003.512920	9742.874491
7620.000000	47885.569920	108381.683500	40894.046780	9790.116006
7680.000000	47887.480060	108875.120100	41075.245640	9924.978896
7740.000000	47722.236930	109272.894900	41122.305580	9823.192711
7800.000000	47765.347760	108747.998100	41283.357220	9895.888962
7860.000000	48059.795950	108921.037500	40821.126040	9770.980117
7920.000000	47805.034890	109435.400600	41039.865310	9845.864387
7980.000000	47876.230780	109201.380100	41122.607920	9739.337649
8040.000000	48248.373160	109776.271600	41198.438390	9959.084585
8100.000000	47940.769970	109045.877400	41016.012940	9876.318857
8160.000000	47944.126450	109257.834400	40991.706180	9943.875406
8220.000000	48104.115280	110234.246400	41301.403280	9846.400686
8280.000000	47735.947470	109766.973700	41041.088250	9791.933694
8340.000000	48214.035070	109486.728300	41142.022940	9860.989496
8400.000000	48063.032190	109893.534100	40813.566020	10063.984190
8460.000000	48170.071570	109809.213700	40799.686660	9923.591026
8520.000000	47944.539330	110268.612300	41116.522350	9848.108243
8580.000000	47790.304190	110153.436800	40835.731460	10023.360900
8640.000000	47780.157890	110045.407800	40911.461600	9898.461244
8700.000000	48257.942470	110114.810300	40970.626560	9891.268530
8760.000000	48156.485090	110169.166000	41140.065800	9882.279637
8820.000000	47779.199730	110251.283600	41165.902440	9641.173967
8880.000000	48513.930850	110319.530100	41146.826080	9844.726911
8940.000000	47929.874990	110711.792000	41094.228380	9850.880408
9000.000000	47917.931300	110917.842800	41018.722740	9872.908163
9060.000000	48135.899130	110475.044700	40978.495570	9794.701251
9120.000000	48316.434450	110552.251800	40923.943840	9849.890195
9180.000000	48288.506340	111216.980800	41283.093350	9839.518390
9240.000000	48179.755920	111172.251200	41009.528970	9881.129503
9300.000000	48342.829010	111584.851500	40908.822420	9943.428510
9360.000000	48253.776070	111111.568600	41026.799780	9942.444716
9420.000000	48380.235960	111156.763300	40947.993190	9890.476358
9480.000000	48261.096960	111087.203200	41222.099230	9806.503309
9540.000000	48167.200890	111307.331600	41101.610800	9910.862404
9600.000000	48317.036850	111865.436200	41183.322310	9965.520730
9660.000000	48017.938550	111489.936400	41139.911360	9930.759627
9720.000000	47913.154990	111405.150800	40963.384740	9844.542292
9780.000000	48357.192900	112178.740700	40997.796060	9993.399612
9840.000000	48448.299470	111542.176000	40911.637850	9883.104676
9900.000000	48412.070790	111564.030600	41001.916360	9877.634964
9960.000000	48464.830200	112229.308400	41139.976720	9802.821098
10020.000000	48365.670850	111929.807400	41087.911990	9951.869308
10080.000000	48777.120830	112159.067300	41178.766790	9964.979355
10140.000000	48395.022540	112107.178100	41183.696010	9675.354685
10200.000000	48541.006480	111902.127100	40752.630910	9745.776116
10260.000000	48366.007750	112200.742700	41098.793070	9948.992835
10320.000000	48551.872320	112186.522100	41177.072880	9872.194003
10380.000000	48154.420240	112025.857900	40920.706910	9872.400424
10440.000000	48396.081770	112371.112800	41113.589720	9909.427809
10500.000000	48559.042900	112007.080600	41080.477350	9880.881996
10560.000000	48698.657780	112039.026000	41048.365530	9684.150544
10620.000000	48552.380760	112573.299400	41161.593560	9847.889621
10680.000000	48303.206960	112399.903700	40940.044420	9753.580805
10740.000000	48614.464930	112383.020300	41037.417210	9799.508844
10800.000000	48978.608360	113674.915600	41421.615770	9832.480108
10860.000000	48738.947620	113180.695900	41193.949900	9932.427300
10920.000000	48599.006690	112769.173400	41014.666440	9860.700922
10980.000000	48967.015500	112862.978200	41139.430440	9893.651338
11040.000000	48473.710760	113191.810500	41366.124920	9742.058072
11100.000000	48664.254490	112606.829900	41381.402660	9714.104280
11160.000000	48690.915020	113204.193900	41181.867600	9879.274098
11220.000000	48691.487050	113051.857900	41164.062110	9915.684922
11280.000000	48996.921820	113225.523200	40982.506780	9848.614780
11340.000000	48972.630180	113443.933300	41076.055670	9742.011556
11400.000000	48633.107520	113146.631000	40790.670740	9815.196781
11460.000000	48628.763120	112999.785600	41219.424560	9862.482033
11520.000000	48712.720330	113053.089400	41055.967160	9820.059212
11580.000000	48600.114540	113040.014500	41088.637030	9850.505418
11640.000000	48728.262200	113230.113700	41216.979640	9901.507674
11700.000000	48929.402090	114104.544100	41010.686900	9660.203357
11760.000000	48692.679640	113384.241700	41335.953410	9586.232474
11820.000000	48971.768670	113674.501900	41101.916630	9810.553436
11880.000000	48804.606410	113504.604500	41169.780800	9978.510259
11940.000000	49020.164640	113631.595400	41132.120100	9828.933533
12000.000000	48819.223550	113287.380700	41018.785690	9791.029123
12060.000000	48908.037130	113619.327100	41082.122650	9933.071257
12120.000000	48911.656990	113632.890800	41062.163960	9822.910902
12180.000000	48702.189270	113613.122900	41283.208960	9799.449177
12240.000000	49146.830960	113430.628400	41008.975710	9876.577606
12300.000000	48953.929860	113761.761000	41276.807900	9829.438348
12360.000000	48918.831890	113756.691500	40986.806030	9833.809243
12420.000000	48935.670870	113517.975600	41400.358100	9902.485318
12480.000000	48957.189900	113754.459400	40893.474700	9782.232152
12540.000000	48956.541540	113400.549400	41016.752130	9812.540694
12600.000000	49167.107000	113541.898500	40859.717860	9812.325264
12660.000000	48985.012900	114160.240800	41175.570340	9747.356082
12720.000000	48903.627920	113897.100800	41029.642800	9806.205885
12780.000000	48856.779490	114197.692500	41192.965810	9700.351005
12840.000000	49208.717440	113867.990000	41229.102450	9650.429121
12900.000000	49165.183070	114103.373000	41038.710860	9786.624367
12960.000000	49133.687020	114321.315200	41136.329910	9679.792995
13020.000000	48938.007550	113925.573200	40879.397450	9685.975721
13080.000000	48839.002700	113382.994700	41185.198020	9736.046567
13140.000000	49094.294990	114446.438000	40994.091050	9793.300263
13200.000000	48811.183760	113956.200500	41491.951340	9764.658889
13260.000000	49040.362810	114026.262800	41097.761210	9714.695441
13320.000000	49018.181670	114005.257700	41257.899550	9751.824001
13380.000000	49150.327200	114310.582500	41083.614490	9759.557510
13440.000000	49128.870780	114080.658700	41197.208220	9766.304443
13500.000000	49365.712930	114477.933000	41070.499970	9735.579910
13560.000000	49506.720300	114192.564200	41208.815250	9765.541199
13620.000000	49433.201250	114226.043300	41100.375770	9809.948314
13680.000000	49337.153480	114403.069200	41362.989590	9789.057316
13740.000000	49147.464180	114264.715700	41199.262580	9706.996275
13800.000000	49162.397190	114353.954600	40726.675660	9762.829021
13860.000000	49040.774810	114595.893600	41198.470640	9653.309837
13920.000000	49382.085930	114508.852600	41304.900300	9736.649300
13980.000000	49226.733200	114956.874100	41108.424690	9803.916461
14040.000000	49392.672870	114720.939900	41011.393440	9825.443315
14100.000000	49089.913150	114295.346400	41454.227530	9610.342310
14160.000000	49256.917710	114914.912100	41202.121890	9826.843632
14220.000000	48994.551500	114522.530200	41099.967030	9712.628493
14280.000000	49105.917220	115145.251200	40920.344270	9588.163121
14340.000000	49426.289530	114560.933700	40953.461030	9624.599191
14400.000000	49560.146500	115007.012600	41133.594930	9744.118827
14460.000000	49468.995730	114932.040600	41326.134350	9802.011048
14520.000000	49567.075620	115258.177200	41108.627940	9769.802107
14580.000000	49486.212010	114785.598100	41105.753110	9564.832810
14640.000000	49310.576020	114979.023000	41391.192410	9749.137786
14700.000000	49634.965730	114851.602700	41098.242310	9709.692217
14760.000000	49772.715760	115193.354000	40939.488360	9718.807701
14820.000000	49303.843050	115184.954000	41097.546740	9598.963280
14880.000000	49404.942560	115239.135600	41131.610120	9721.889451
14940.000000	49437.532420	115061.217300	41104.129980	9741.489372
15000.000000	49462.293940	114895.584700	40966.143910	9633.487736
15060.000000	49326.978450	115612.510200	41295.762300	9750.606989
15120.000000	49475.155720	115320.937600	40996.556740	9691.089735
15180.000000	49766.933700	115059.204300	41215.897320	9563.692687
15240.000000	49607.769220	115955.738400	41062.908160	9880.318283
15300.000000	49655.337640	115677.357300	41207.245370	9741.222760
15360.000000	49577.462510	115904.318000	41429.056930	9550.818754
15420.000000	49864.170160	115298.680500	40847.293460	9614.572812
15480.000000	49706.315500	116147.071500	40980.761780	9663.289988
15540.000000	50165.590870	115597.516100	41500.916560	9849.639338
15600.000000	49968.652930	116310.574500	41161.393220	9728.823349
15660.000000	49752.367460	115836.294600	41085.484030	9535.527217
15720.000000	50040.259760	115162.275100	40908.870770	9719.522213
15780.000000	49997.396420	115599.392200	40910.068560	9677.719374
15840.000000	49465.031750	115188.849900	41041.646140	9699.497544
15900.000000	49958.725090	115375.062400	41417.112000	9685.622213
15960.000000	49550.497640	115823.327600	41257.754810	9699.657083
16020.000000	49804.658500	115972.050100	41151.229090	9569.860700
16080.000000	49698.756620	115713.727200	41216.769050	9642.822102
16140.000000	50073.925150	116051.632500	41301.268940	9613.993952
16200.000000	49797.339980	115674.768200	41087.197470	9774.501345
16260.000000	49755.812390	115585.969900	41710.266320	9662.859822
16320.000000	49660.869000	115867.905000	41515.377230	9641.973699
16380.000000	49877.284700	115866.498000	41081.028630	9769.544648
16440.000000	49881.945210	115877.931000	41195.239700	9748.534368
16500.000000	49995.517100	115926.606200	41177.955720	9648.600786
16560.000000	50197.280430	116367.452600	41163.608410	9672.696500
16620.000000	49874.346070	115483.542800	41105.372200	9865.276283
16680.000000	50079.292470	115786.543700	41101.117870	9692.993618
16740.000000	50321.800600	115975.417200	41175.774400	9722.706594
16800.000000	50043.258390	115884.345700	40878.833160	9637.528343
16860.000000	50166.244040	115899.927400	41173.017960	9757.111970
16920.000000	50156.238110	116201.813200	41073.518260	9682.862974
16980.000000	49765.983780	115726.677000	41303.773180	9736.503806
17040.000000	50130.067230	116149.809900	41468.164980	9583.856524
17100.000000	50184.500300	116644.976800	41143.654840	9679.133183
17160.000000	49890.157870	115714.154000	41348.476390	9593.280168
17220.000000	50339.093140	115518.508800	41206.993060	9589.626830
17280.000000	50353.122320	116204.549700	41183.870720	9611.359031
17340.000000	50023.413650	116398.332600	41131.364190	9671.109956
17400.000000	49833.557570	116652.674200	41483.360940	9684.174753
17460.000000	50458.178450	115958.244200	41221.244740	9604.803296
17520.000000	50637.731020	116242.324100	41383.161480	9648.599858
17580.000000	50287.483940	116139.781500	41216.840870	9587.360988
17640.000000	50241.463100	116044.851800	41170.742940	9595.779239
17700.000000	50387.747350	116257.302300	41266.688450	9676.743991
17760.000000	50530.975030	116011.902200	41440.459270	9595.995665
17820.000000	50446.682650	115874.853300	41284.843620	9819.380132
17880.000000	50382.624810	116782.894600	41182.832160	9647.186385
17940.000000	50330.856680	116342.038300	41412.326690	9643.595547
18000.000000	50953.044510	116121.790600	41205.901900	9626.207925
18060.000000	50709.047500	116169.961300	41104.792340	9629.375882
18120.000000	50737.166010	116746.622000	41162.386380	9683.604935
18180.000000	50485.835420	116953.452600	41562.984120	9581.226434
18240.000000	50288.439090	116436.190300	40984.585060	9620.018079
18300.000000	50371.713850	116538.418500	41193.299510	9617.329124
18360.000000	50425.159370	116543.737700	41439.133110	9643.840648
18420.000000	50479.431670	116381.223300	41269.142090	9591.759168
18480.000000	50449.677090	116485.321200	41303.068310	9683.601271
18540.000000	50363.252750	116558.111000	41613.009400	9741.108146
18600.000000	50581.391160	116705.443000	41337.939280	9551.957701
18660.000000	50505.228360	116787.748700	41572.265960	9528.193926
18720.000000	50591.404260	116859.284600	41357.279720	9777.515050
18780.000000	50826.056580	117078.101800	41428.310310	9490.705158
18840.000000	50955.331430	116743.911800	41385.882550	9638.986828
18900.000000	50700.355270	116355.596400	41541.807670	9614.659566
18960.000000	50357.482830	117059.615200	41422.929790	9483.758568
19020.000000	50769.457240	116559.513400	41392.105920	9602.110264
19080.000000	50918.701340	116564.573700	41423.581270	9504.407923
19140.000000	50916.102970	116412.416000	41466.046550	9621.498876
19200.000000	50583.578080	117104.977300	41392.199740	9406.294303
19260.000000	50713.034430	116638.016500	41362.306070	9682.505090
19320.000000	50902.531890	116948.362600	41307.131300	9677.606190
19380.000000	50809.216330	116829.708800	41459.300150	9629.017590
19440.000000	50751.172000	116576.139800	41270.115850	9584.633169
19500.000000	51044.357230	116696.154600	41563.559730	9754.366703
19560.000000	51094.432490	116823.976300	41299.146170	9507.836553
19620.000000	51011.040650	117255.910400	41546.901440	9512.644345
19680.000000	50938.127840	117246.250500	41359.852590	9714.055380
19740.000000	51239.518560	117083.356600	41537.742720	9500.644954
19800.000000	50915.118600	117257.047600	41545.428880	9489.103822
19860.000000	50786.114090	117118.155000	41342.058100	9550.659766
19920.000000	51060.846210	117073.996400	41435.657420	9534.438224
19980.000000	50953.019480	117076.669500	41201.379150	9584.838936
20040.000000	51065.920770	116666.760400	41507.628960	9693.615165
20100.000000	50988.653060	117324.227500	41537.811180	9522.629112
20160.000000	51373.571550	116745.269100	41821.504360	9644.480698
20220.000000	51060.353850	117521.639800	41470.840980	9589.538238
20280.000000	51211.319630	117263.094400	41078.971360	9619.778696
20340.000000	51388.240400	116922.957900	41563.587100	9693.070209
20400.000000	51189.680220	117461.854600	41286.694560	9550.665373
20460.000000	51058.519750	116930.089800	41480.353910	9555.878449
20520.000000	51262.458830	117195.674700	41274.133900	9545.042741
20580.000000	51045.363590	117145.421200	41090.681890	9628.544129
20640.000000	51115.297120	117294.449500	41480.594140	9718.010273
20700.000000	51382.999270	117076.772500	41235.394630	9678.702231
20760.000000	51624.963680	117210.914600	41292.006570	9520.353283
20820.000000	51442.013620	117174.693300	41535.060660	9735.081707
20880.000000	51005.610830	116714.099900	41391.529670	9703.110786
20940.000000	51138.194860	117245.706400	41696.930170	9506.607578
21000.000000	51144.126510	117278.861200	41444.069860	9540.190074
21060.000000	51277.227900	116954.641300	41410.924870	9570.943977
21120.000000	51397.050020	117315.550800	41528.002370	9694.571132
21180.000000	51305.456300	117228.740200	41373.844740	9646.942482
21240.000000	51669.184140	117140.496700	41635.440900	9444.204108
21300.000000	51612.701330	117084.247400	41239.206890	9473.384798
21360.000000	51409.936700	117525.148700	41767.034870	9670.812523
21420.000000	51306.911920	117313.571300	41580.777100	9602.323005
21480.000000	51621.586510	117230.642900	41698.639680	9649.638518
21540.000000	51720.318410	117418.758700	41406.251610	9658.258881
21600.000000	51285.948590	117732.209800	41628.621830	9622.719852
21660.000000	51286.302880	116953.599200	41658.989010	9542.651709
21720.000000	51758.523460	117422.517200	41632.949720	9724.482384
21780.000000	51448.656500	117718.937200	41933.678390	9641.859351
21840.000000	51744.353060	117881.011500	41668.879770	9600.515891
21900.000000	51622.339320	117337.918100	41815.262410	9591.696208
21960.000000	51676.258420	117232.032500	41585.418160	9600.033503
22020.000000	51427.963600	117558.268400	41252.422930	9645.737442
22080.000000	51952.392090	117330.557400	41584.307990	9658.454077
22140.000000	51882.206290	117452.565600	41655.376650	9619.006957
22200.000000	51581.635010	117017.526900	41597.780250	9632.018354
22260.000000	51948.830090	117532.487800	41763.707560	9663.108729
22320.000000	51907.524570	117901.945500	41316.352770	9574.633307
22380.000000	52061.850160	117543.181700	41743.915510	9666.606367
22440.000000	51700.889910	116940.742300	41410.255880	9585.958225
22500.000000	51618.303150	117526.017200	41716.612270	9690.315907
22560.000000	51768.550440	117659.593400	41346.173340	9725.385933
22620.000000	51743.797050	117342.407700	41538.977400	9525.994296
22680.000000	52414.776660	117935.629100	41366.703660	9669.455320
22740.000000	51777.377140	117866.804300	41855.291370	9654.114155
22800.000000	51715.448550	117406.503200	41370.759450	9656.953825
22860.000000	52752.228490	118214.803700	41577.539320	9587.822185
22920.000000	51995.557390	117805.306100	41740.506360	9567.408982
22980.000000	52189.269500	117562.802200	41526.137750	9525.542588
23040.000000	52024.559450	117887.139100	41627.625210	9672.184258
23100.000000	51593.970280	117917.143300	41374.636920	9632.986392
23160.000000	51822.444870	118010.182600	41716.428270	9583.660089
23220.000000	52236.881350	117513.508800	41660.993050	9751.166345
23280.000000	52216.037640	117811.581900	41703.245580	9503.283792
23340.000000	52397.181290	118184.417700	41738.610390	9546.859620
23400.000000	52290.396850	118126.393200	41518.602610	9636.815643
23460.000000	52334.765780	117838.863100	41623.932840	9586.689461
23520.000000	52015.555830	117945.380800	41813.508030	9665.646998
23580.000000	51965.863680	118211.467300	41997.318350	9520.915628
23640.000000	52333.620400	118144.892300	41393.790240	9599.685076
23700.000000	52165.922790	117976.189600	41843.884410	9638.383219
23760.000000	52519.728660	117810.590300	41482.427460	9596.914274
23820.000000	52240.438500	118394.449900	41729.030710	9684.877066
23880.000000	52216.587430	118025.146900	41430.316280	9655.118077
23940.000000	52239.902110	117728.788700	41582.006620	9636.704977
24000.000000	52210.875120	117874.166700	41562.403570	9730.606916
24060.000000	52592.843360	117633.172700	42066.626420	9618.702178
24120.000000	52245.074940	117876.117400	41624.564600	9589.271762
24180.000000	52022.525190	117810.812600	41881.433360	9697.427906
24240.000000	52519.834500	118451.043700	41821.822860	9754.270572
24300.000000	52318.422390	118192.195000	41920.967030	9697.117405
24360.000000	52599.655030	117924.166300	41922.526690	9667.143153
24420.000000	52484.702760	117815.513500	41877.375830	9685.672702
24480.000000	52595.616140	117859.031500	42003.578510	9555.958239
24540.000000	52502.169220	118439.014800	41748.925820	9651.017738
24600.000000	52864.068840	118077.860500	41507.429380	9610.140208
24660.000000	52589.779940	118344.611500	41686.123450	9628.358129
24720.000000	52659.578000	117928.460300	41584.084500	9541.973990
24780.000000	52551.849410	118475.407800	41846.061190	9705.509445
24840.000000	52582.953000	117479.572200	41679.229910	9639.058342
24900.000000	52613.334090	118554.162200	41631.625310	9525.367937
24960.000000	52607.514070	118071.353000	42175.502540	9628.317473
25020.000000	52557.035310	118077.877400	41801.172960	9640.282119
25080.000000	52751.809310	118291.121000	41880.423690	9558.299359
25140.000000	52735.674280	118131.383100	41912.142190	9637.817056
25200.000000	52656.486320	117961.455500	41735.454280	9570.079601
25260.000000	52591.638070	118928.437000	41812.916590	9597.731761
25320.000000	52880.653510	118071.966100	41600.682300	9779.242843
25380.000000	52926.047740	118262.861300	41919.035810	9520.035723
25440.000000	52599.704500	118603.127900	41714.337380	9669.997061
25500.000000	52771.370340	118104.471900	42032.561230	9731.132270
25560.000000	52841.905700	118349.778500	42096.033570	9590.740185
25620.000000	52986.056010	118235.402300	41703.515900	9600.518804
25680.000000	52788.924260	118271.361700	41708.666850	9657.583648
25740.000000	52903.976310	117831.867500	41779.297060	9652.740330
25800.000000	52929.174600	118007.115800	41841.631670	9639.620740
25860.000000	53319.496560	118053.165500	42006.810480	9668.576946
25920.000000	53213.772840	118256.198700	41751.781710	9708.966993
25980.000000	52689.275850	118213.111600	41982.122210	9588.560058
26040.000000	53245.451710	118653.585100	41772.474770	9507.187259
26100.000000	53049.071590	118230.461100	41907.658310	9660.288577
26160.000000	53053.991010	118097.064000	41955.873600	9734.341532
26220.000000	53372.686620	118103.041600	41852.570820	9643.348757
26280.000000	53334.774380	118275.687000	42225.508850	9643.723795
26340.000000	52881.063530	118073.552400	41711.962710	9704.948345
26400.000000	52871.104600	118079.980200	41833.231950	9634.623694
26460.000000	53249.272840	118222.846000	41938.587100	9693.077957
26520.000000	53155.976790	118502.195600	41737.734070	9716.335539
26580.000000	53180.169760	118388.479500	42186.336320	9623.450039
26640.000000	53349.536690	118527.615400	41796.463920	9614.709769
26700.000000	53286.661420	118039.612100	42044.989730	9490.518793
26760.000000	53173.609350	118425.704800	41773.364970	9514.715686
26820.000000	53045.493980	118556.176700	42243.039240	9595.762586
26880.000000	53163.649860	118245.518300	42086.004620	9609.175265
26940.000000	53469.840570	118436.870300	42015.249490	9602.497700
27000.000000	53116.958270	118427.846400	42205.993560	9648.581887
27060.000000	53228.328810	118733.953700	42175.080800	9631.286991
27120.000000	53149.682520	118093.624500	41769.263700	9749.836109
27180.000000	53506.389760	118346.238200	42200.778570	9687.746362
27240.000000	53339.419650	118360.564900	42167.408880	9602.873028
27300.000000	53539.206330	118299.437000	41901.123400	9721.328060
27360.000000	53442.468040	117911.040400	41979.201270	9608.356052
27420.000000	53561.823660	118164.122000	42223.491160	9579.567961
27480.000000	53456.505810	118412.305100	42018.419920	9677.307081
27540.000000	53440.181700	117938.067300	41873.250990	9789.618634
27600.000000	53513.264360	118350.685900	42009.694540	9684.201879
27660.000000	53519.663770	118388.770200	42092.905910	9637.421849
27720.000000	53231.743000	118502.750300	42058.560580	9622.988717
27780.000000	53651.972680	118342.335800	42153.818580	9704.758291
27840.000000	53607.893600	118383.120100	42288.133820	9788.262921
27900.000000	53647.942620	118615.454700	42176.542720	9546.230256
27960.000000	53746.457510	118426.491600	42156.832960	9621.832651
28020.000000	53695.315130	118412.147200	42068.771050	9615.906496
28080.000000	53398.525280	118313.562200	42301.003360	9594.180572
28140.000000	53719.530810	118212.341400	42005.667310	9617.579211
28200.000000	53774.241100	118232.828100	41943.063870	9620.635371
28260.000000	53901.458780	118462.317800	41630.995220	9623.291296
28320.000000	54034.519010	118492.298200	41954.792740	9548.214888
28380.000000	53920.905400	118591.189700	42221.455150	9654.371980
28440.000000	53769.722640	118091.349000	42160.489840	9594.516721
28500.000000	54469.104040	119231.940200	42054.828570	9717.406629
28560.000000	53642.673270	118531.411800	41994.899890	9622.249561
28620.000000	54106.320070	118974.715200	42468.647420	9654.724845
28680.000000	54174.436940	119312.536600	42599.275850	9604.764881
28740.000000	54261.982740	118885.877900	42319.592870	9663.532778
28800.000000	54153.915280	119689.458500	42240.323040	9710.220836
28860.000000	54007.312120	118831.961200	41989.197430	9710.290759
28920.000000	54231.111450	119059.102900	42316.346560	9671.425244
28980.000000	53943.749180	119173.686900	42204.745170	9603.954140
29040.000000	54002.021320	118751.423300	42205.264520	9649.461176
29100.000000	54070.356740	118651.442000	42426.621740	9651.206537
29160.000000	53994.426730	118680.116100	42537.917290	9721.616595
29220.000000	53932.988260	119123.979300	42384.143420	9734.955013
29280.000000	54170.175150	119249.351200	42450.233000	9812.510604
29340.000000	54272.168160	118331.061500	42518.243250	9701.427038
29400.000000	53920.003440	119212.218400	42421.563850	9756.421782
29460.000000	54272.858940	118590.565900	42355.276660	9747.779096
29520.000000	54061.150450	118809.283800	42315.792330	9678.427256
29580.000000	54006.110280	118710.225900	42101.550250	9651.943851
29640.000000	54246.645380	118836.591900	42351.123840	9774.128503
29700.000000	54526.452790	118591.429800	42416.617760	9752.870813
29760.000000	54211.967500	118369.831500	42647.915850	9699.265468
29820.000000	53946.501030	118961.702600	42393.733650	9724.477336
29880.000000	54329.403350	118658.527300	42205.446510	9594.129746
29940.000000	54738.388860	118646.762100	42254.423890	9651.583137
30000.000000	54292.138260	118876.921700	42287.511350	9753.224191
30060.000000	54288.320940	118879.546500	42414.116930	9614.477753
30120.000000	54571.589460	119143.025900	42265.462820	9792.489260
30180.000000	54281.292920	119166.445900	42335.837110	9787.263685
30240.000000	54606.718150	118428.808300	42370.707140	9631.414536
30300.000000	54484.140060	118784.072500	42090.783490	9797.904919
30360.000000	54508.262410	118419.195400	42409.122950	9691.568487
30420.000000	54741.836170	119066.291600	42184.508030	9629.543135
30480.000000	54384.476730	118748.027700	42254.507480	9780.434768
30540.000000	54553.404930	118647.585400	42225.873890	9755.944029
30600.000000	54660.236410	118975.658300	42527.854660	9751.132891
30660.000000	54503.276440	118635.224300	42324.692550	9687.340895
30720.000000	54770.496010	118670.597100	42750.315950	9819.192715
30780.000000	54993.284630	118763.301300	42648.024100	9746.515112
30840.000000	54638.711570	118551.863900	42622.613220	9643.706455
30900.000000	54645.641600	118659.859900	42248.902910	9755.663109
30960.000000	54393.139620	118536.527300	42247.482560	9818.977554
31020.000000	54720.509450	118916.169700	42626.502880	9773.056328
31080.000000	54867.219670	118703.865600	42436.399310	9680.100195
31140.000000	54690.024550	118574.175400	42273.611630	9786.169546
31200.000000	54606.995380	118860.388600	42410.933680	9813.782460
31260.000000	55176.378890	118724.062000	42500.200030	9689.488517
31320.000000	54884.829840	118514.819300	42319.260810	9674.704064
31380.000000	55000.732750	119024.215400	42592.287110	9768.873435
31440.000000	55245.456940	119100.052300	42522.098840	9914.242389
31500.000000	54848.290060	119051.848700	42526.515210	9836.456917
31560.000000	54618.159500	119022.413000	42364.666380	9795.181047
31620.000000	54708.718800	119418.164400	42386.306130	9816.132663
31680.000000	54760.213900	118234.414200	42310.902230	9874.231594
31740.000000	55035.901730	118581.900300	42618.638090	9581.268894
31800.000000	54977.522770	118747.301100	42371.921260	9856.280378
31860.000000	54871.692130	118910.826500	42548.720510	9893.962837
31920.000000	55082.537190	118287.004900	42524.106380	9905.847223
31980.000000	55090.676410	118776.645300	42399.572470	9783.122370
32040.000000	55065.204510	118517.926800	42560.676420	9826.756193
32100.000000	55401.782100	118865.515400	42643.364860	9839.265289
32160.000000	55087.930520	118756.780600	42533.088930	9623.946520
32220.000000	55054.642120	119092.725100	42517.894230	9773.375850
32280.000000	55737.025460	119230.039900	42332.176300	9948.636290
32340.000000	55224.446310	118819.187100	42439.005400	9711.037543
32400.000000	55149.756290	118926.876900	42434.733270	9711.388062
32460.000000	55125.700330	119096.608400	42408.805520	9966.929139
32520.000000	55195.795880	118764.669300	42624.090800	9828.058440
32580.000000	55321.036150	118454.688700	42792.724080	9789.139795
32640.000000	55540.578760	119000.924400	42501.325390	9812.876180
32700.000000	55155.797150	119024.608600	42726.732760	9789.482273
32760.000000	55137.544270	118032.837000	42520.315780	9762.736927
32820.000000	55452.266700	118638.937900	42461.751620	9903.283189
32880.000000	55377.125180	118683.138700	42345.068860	9829.128392
32940.000000	55426.858050	119043.579600	42606.281460	9818.539635
33000.000000	55449.958860	119343.143300	42627.254780	9811.399747
33060.000000	55329.090840	118654.097600	42628.683690	9862.408961
33120.000000	55400.960400	119300.567400	42357.940440	9814.323474
33180.000000	55758.684660	118704.371300	42670.030820	9978.738757
33240.000000	55421.500130	119445.260800	42628.645830	9731.261404
33300.000000	55820.981180	119085.919500	42555.712780	9853.789673
33360.000000	55512.813750	119075.274500	42803.584520	9697.050187
33420.000000	55553.170110	119066.721500	42710.368650	10002.760080
33480.000000	55479.792190	119144.871700	42494.060440	9991.690481
33540.000000	55787.379120	118895.568900	42618.932240	9812.869214
33600.000000	55642.806890	118762.396400	42704.863460	9721.105639
33660.000000	55638.812610	118858.713500	42576.651840	9876.147116
33720.000000	55181.455310	119027.488300	42759.060880	9918.179617
33780.000000	55677.391270	119178.254200	42700.312710	9710.154466
33840.000000	55642.608840	118776.804800	42701.736720	9941.074262
33900.000000	55527.961390	118413.489900	42662.997350	9760.683595
33960.000000	55683.307830	118784.945200	42704.380960	9878.844647
34020.000000	55520.614650	118954.729900	42811.725030	9953.758412
34080.000000	56229.799660	118922.285800	42952.935770	9916.779377
34140.000000	55736.459050	118972.815100	42676.799840	9890.866577
34200.000000	55782.520460	119106.481100	42655.754330	9976.045828
34260.000000	56258.704870	118830.386100	42842.548550	9883.739267
34320.000000	55909.914210	118988.959900	42827.370140	9850.506185
34380.000000	55999.227790	119087.248100	42684.843650	9953.848124
34440.000000	55835.630380	118966.429700	42498.588850	9901.293355
34500.000000	56177.251950	119235.983200	42844.150590	9878.693465
34560.000000	55949.104020	118989.088500	43012.226520	9674.083857
34620.000000	55928.488390	119086.986600	42488.488830	9919.417851
34680.000000	55780.974040	119225.650900	42847.947530	9800.721890
34740.000000	56060.643280	119024.367800	42497.379890	9750.721080
34800.000000	55731.279230	119416.241500	42699.405260	9917.781058
34860.000000	55888.494890	118663.396500	42595.927380	9922.759995
34920.000000	56467.733640	119390.054600	42972.665710	9769.020369
34980.000000	56170.295300	119332.868100	42805.139740	9723.129702
35040.000000	55980.182470	119008.852900	42944.864350	9868.602627
35100.000000	56163.517540	119134.708100	42656.978520	9913.310424
35160.000000	56126.395480	119090.366800	42639.096790	9850.027773
35220.000000	55978.998100	118792.764300	43033.416790	9864.393409
35280.000000	56410.064420	119279.406500	42906.325500	9888.420456
35340.000000	56129.270090	119103.781300	43127.830400	9910.813751
35400.000000	56240.814220	118638.320100	42785.946190	9770.996377
35460.000000	56268.656190	118869.395900	42655.952910	9994.928865
35520.000000	56326.460520	119645.940600	43034.676830	9790.608003
35580.000000	56233.053740	119098.538400	43092.015150	9803.140436
35640.000000	56067.602350	118893.326900	42725.829600	9746.277323
35700.000000	56380.617920	119324.048600	43015.338020	9908.599138
35760.000000	56536.103420	118881.182800	42919.844730	9931.015195
35820.000000	56354.364160	118749.364500	43001.413590	9920.569543
35880.000000	56427.499190	119300.184000	42831.372760	9831.540434
35940.000000	56582.793420	119792.030000	42939.629660	9976.941978
36000.000000	56467.878580	119075.590300	42879.427690	9972.414790
36060.000000	56588.668330	119400.202800	42918.338030	9938.923129
36120.000000	56371.359990	119144.356600	42812.966170	9930.378150
36180.000000	56617.361980	119322.882900	42970.718880	9756.981013
36240.000000	56650.265040	119520.429500	42818.393080	9932.819938
36300.000000	56344.331710	119416.952300	42945.133200	9873.865270
36360.000000	56615.599660	119086.033400	42706.318600	9707.933769
36420.000000	56764.527190	119201.732900	43064.381660	9846.831586
36480.000000	56461.117870	119005.921500	42968.670480	9919.146963
36540.000000	56617.111560	118725.778000	43098.350490	9736.911260
36600.000000	56761.639530	119305.137400	43104.215520	9885.106534
36660.000000	56750.040060	118967.203200	42700.883470	9873.402910
36720.000000	56715.984840	118739.584500	42936.043420	9928.664439
36780.000000	56621.480710	119113.629900	42778.432540	9918.831574
36840.000000	56713.560480	118396.883100	43076.695990	9994.926000
36900.000000	56550.407920	119163.160800	43214.939790	9808.117177
36960.000000	56709.774230	118915.551800	42873.251460	9891.670881
37020.000000	56622.474780	119048.496100	42867.489900	9838.623291
37080.000000	56949.915250	118858.449400	43243.012110	9960.033053
37140.000000	56827.658700	118944.693600	43003.672860	9916.921758
37200.000000	56847.423380	119198.756500	42925.495420	9846.517298
37260.000000	56680.822190	119144.017100	42670.438590	9973.347437
37320.000000	56847.085850	119416.803800	42868.406390	9902.060835
37380.000000	56928.708400	119102.902700	43159.641250	9879.502953
37440.000000	56798.133090	119437.166300	42826.845380	9891.493651
37500.000000	56883.680080	118776.765700	43102.782110	9928.898473
37560.000000	56780.538590	119384.328600	42971.302950	9954.511086
37620.000000	57269.619410	119455.731500	43052.356030	9878.036184
37680.000000	56767.699960	119481.580500	43045.089480	9919.736300
37740.000000	56800.484070	118870.786200	43200.921190	9908.077842
37800.000000	56856.346520	118726.003200	42964.355670	9980.964428
37860.000000	57092.790550	118738.097400	43286.416560	10019.148570
37920.000000	57289.036630	118989.612900	42888.160340	9908.832639
37980.000000	56823.630860	118657.142500	42994.338270	9939.714763
38040.000000	57013.832240	118847.435600	43185.976820	9896.339125
38100.000000	56740.698180	119254.928000	43017.710670	9743.049166
38160.000000	57219.435630	118658.396500	42952.871170	9909.990197
38220.000000	57195.571030	119373.144500	43057.494200	9896.060153
38280.000000	57169.946690	119340.807200	43213.153430	9788.659379
38340.000000	57209.730800	119106.658100	42902.223550	9843.852455
38400.000000	57463.170250	119278.782300	42887.294560	9811.756732
38460.000000	57120.247730	118605.773500	43162.560840	9945.065209
38520.000000	57279.111260	120421.917400	43473.548400	9830.425166
38580.000000	57467.597230	119441.338800	43303.498350	9959.769688
38640.000000	57273.326630	119664.133300	43094.070250	9918.208786
38700.000000	57396.879280	118646.385500	43088.080330	9741.776643
38760.000000	57341.985270	119033.778700	43025.547430	9891.677064
38820.000000	57291.758570	119415.847900	43283.867840	10100.836380
38880.000000	57223.895290	119391.312700	43091.818870	9796.332624
38940.000000	57684.754170	119672.599000	43301.867840	9825.628900
39000.000000	57374.075990	119556.140500	43514.139060	9890.648648
39060.000000	57674.141460	119607.301300	43230.337840	9965.415196
39120.000000	57327.610790	118915.546000	43212.262610	9968.162137
39180.000000	57449.882980	119470.085900	43036.525190	9878.875952
39240.000000	57488.935620	119125.769700	43108.257450	9902.501722
39300.000000	57876.707290	119053.717000	43214.358220	9886.349898
39360.000000	57448.632790	119448.868200	43187.969620	10014.632110
39420.000000	57538.700170	119645.688200	43398.227670	9930.009280
39480.000000	57711.161480	119321.086400	43275.750460	10020.103140
39540.000000	57788.857870	118909.503600	43186.249770	9942.157400
39600.000000	57427.792780	118708.678000	43279.868030	9887.732717
39660.000000	57539.710780	118925.175400	43330.630160	9711.776096
39720.000000	57490.438460	119451.036700	43219.542750	10041.165380
39780.000000	57855.077400	118918.589800	43304.550140	9859.632454
39840.000000	57719.988680	119242.319600	43180.866950	9920.580479
39900.000000	57899.827510	119552.647600	43442.617940	9957.691546
39960.000000	57871.967250	119167.362900	43305.853260	9937.756943
40020.000000	57466.058270	119424.912300	43448.122600	9859.600110
40080.000000	57426.955000	118906.170800	43447.439720	9794.137293
40140.000000	57800.069300	118901.888200	43057.967770	9916.663232
40200.000000	58017.166900	119390.473100	43367.896100	9916.854779
40260.000000	57725.667060	119307.855000	43310.820460	9736.451870
40320.000000	57972.307000	119144.043700	43387.235330	9926.482838
40380.000000	58153.345960	119017.061400	43257.233580	10049.578120
40440.000000	57794.407140	119222.092100	43090.205410	9947.487145
40500.000000	58081.774960	119115.556400	43733.470880	9868.834194
40560.000000	57882.680030	119002.598300	43487.205640	9983.181145
40620.000000	57845.826750	119459.937600	43366.241140	9897.971515
40680.000000	57801.127490	119287.515600	43221.686660	10090.053060
40740.000000	58478.493790	119848.970000	43423.250670	10033.586920
40800.000000	58315.063770	119715.819400	43442.185420	9967.786089
40860.000000	58345.085910	119406.669400	43406.003520	9917.792297
40920.000000	58010.847570	119220.098500	43319.041790	9963.083398
40980.000000	58181.155340	119404.079900	43355.718080	9936.269049
41040.000000	58345.934790	119153.902900	43440.282310	9890.548240
41100.000000	57860.862780	118934.169000	43382.721900	9916.458311
41160.000000	57995.638240	119188.539800	43134.520940	9972.581602
41220.000000	58578.571270	119426.297500	43263.082500	9945.239716
41280.000000	58057.364130	119537.604100	43490.731300	9960.029031
41340.000000	58401.338730	119235.444300	43608.166820	9908.603858
41400.000000	58442.540360	119183.619300	43653.283840	9929.457815
41460.000000	58038.386290	118892.747900	43398.155430	9987.208301
41520.000000	58441.594620	119509.949200	43484.537190	9950.061418
41580.000000	58308.871700	119409.999500	43594.148800	9889.948732
41640.000000	58178.740080	119245.379500	43522.166280	9910.733327
41700.000000	58460.226520	119211.683400	43441.195380	10043.352050
41760.000000	58051.381950	119407.845900	43339.663590	9968.029195
41820.000000	58492.918530	118906.709000	43630.163830	9897.433526
41880.000000	58216.162230	119160.085800	43629.965980	9865.028702
41940.000000	58798.678620	118927.489700	43467.045930	9969.228143
42000.000000	58503.994570	119168.656300	43631.610930	9986.746142
42060.000000	58722.041570	119440.813900	43622.849100	10000.677270
42120.000000	58545.105120	119255.555900	43502.351410	9938.031293
42180.000000	58452.066350	119255.256500	43350.240440	9972.763270
42240.000000	58433.147920	119562.237600	43457.153130	9966.027443
42300.000000	59050.209220	120047.392300	43668.596590	9895.879692
42360.000000	58741.825450	119168.215300	43823.288680	9893.755938
42420.000000	58522.029030	119539.264600	43695.873350	10010.582640
42480.000000	58426.533270	119427.231400	43776.985060	9876.744838
42540.000000	58538.684920	119323.098900	43360.429470	9800.587527
42600.000000	59070.023310	119241.369800	43464.370970	9891.802713
42660.000000	58645.615410	118830.060600	43635.011440	9840.345110
42720.000000	59045.449780	118956.500900	43737.152960	9876.996418
42780.000000	58747.876690	119024.009800	43513.667840	9935.390295
42840.000000	58994.567610	119847.322400	43579.929600	9915.311053
42900.000000	58921.919370	118965.453200	43460.510970	9908.273867
42960.000000	58849.034960	119476.129200	43472.652670	9904.682469
43020.000000	59078.384660	119046.455100	43627.619550	10034.628590
43080.000000	59034.074420	119117.669200	43702.744390	9796.974054
43140.000000	58863.078120	119363.961900	43482.829660	10023.950270
43200.000000	58977.632440	119360.996900	43570.241350	10059.691820
43260.000000	58949.540190	118964.871500	43946.125090	10121.471630
43320.000000	59146.494640	119167.964100	43735.431220	10063.311530
43380.000000	58998.011090	119754.441300	43575.150110	9919.175219
43440.000000	59207.498900	118938.409800	43685.890910	9916.322676
43500.000000	58944.299170	119619.988300	43532.482760	9882.734939
43560.000000	58729.627440	119469.537600	43889.184120	10004.105180
43620.000000	58888.450250	119461.800500	43805.480020	9938.959809
43680.000000	59158.937170	119076.649700	43872.927500	9954.403360
43740.000000	59093.253360	119434.809300	43841.472990	9978.850748
43800.000000	58969.160060	119456.373500	43795.534790	10017.214700
43860.000000	59405.920480	119311.207500	43763.383430	10039.591830
43920.000000	59201.693030	119054.696400	43996.460600	9952.447436
43980.000000	59449.509880	119447.095400	43694.198530	9991.289801
44040.000000	59065.891390	119174.079500	43855.782900	9925.811994
44100.000000	58655.419760	119130.664000	43688.991750	9960.308659
44160.000000	59011.620500	119011.295900	43439.090550	9999.296040
44220.000000	58917.200680	119297.454400	43451.670670	9983.411694
44280.000000	58917.390600	119503.972800	43781.517640	9939.465990
44340.000000	59298.616540	119030.295400	43724.163400	9965.490563
44400.000000	58979.510580	119147.823200	43651.394670	10005.907700
44460.000000	59373.569670	119625.455300	43903.719240	9889.504084
44520.000000	59214.815820	119156.414600	43811.230480	9954.479694
44580.000000	59350.248100	119107.029300	43793.455600	9908.385621
44640.000000	59207.933130	119316.958800	43599.945670	10089.534260
44700.000000	59443.256680	118930.542700	43815.275150	9820.885204
44760.000000	59743.586620	119244.647900	43758.567120	9835.822087
44820.000000	59536.115470	119452.533100	43512.932580	9959.652960
44880.000000	59256.641990	119333.963600	43800.905340	9847.484210
44940.000000	59744.561280	119391.668600	43851.566660	9949.213899
45000.000000	59529.793530	119592.601400	43728.003550	9929.405588
45060.000000	59642.920400	119483.814900	43906.268960	9901.690818
45120.000000	59500.746580	119466.021900	43720.608970	9887.036230
45180.000000	59748.698880	119620.326300	43821.031080	9990.654734
45240.000000	59481.011900	119053.750100	43892.934680	10033.377060
45300.000000	59490.159730	119637.890400	44040.778740	9956.316497
45360.000000	59834.334720	119683.342300	43626.010850	9937.654306
45420.000000	59650.842590	119502.704900	43990.783010	10021.305540
45480.000000	59409.514770	119469.107200	43856.222170	10065.383970
45540.000000	59736.446700	119491.766900	44002.045510	9890.906519
45600.000000	59402.991740	119019.897700	43787.038220	10036.951170
45660.000000	59732.304950	119158.894000	43944.390700	9949.662933
45720.000000	59679.577520	119024.682200	44153.466040	9972.195541
45780.000000	59843.923850	119213.387600	43869.675520	10070.380510
45840.000000	59792.614820	119405.549900	43950.283300	9944.064004
45900.000000	59728.227270	119499.808800	43811.632700	10037.482410
45960.000000	59937.717860	119231.663500	43877.297180	9873.389729
46020.000000	60353.787040	119082.464100	44088.562970	9925.814298
46080.000000	59773.175430	119162.986200	44067.834510	10028.447300
46140.000000	59556.405990	119437.675000	44122.107390	10131.514910
46200.000000	60143.823400	119264.492600	43779.459130	10027.844970
46260.000000	60137.840400	119285.129200	43868.540190	9994.240040
46320.000000	59786.639690	118946.623200	44033.380370	10173.001050
46380.000000	59971.305300	119193.216300	43917.756650	10089.974190
46440.000000	59838.160460	119202.099900	43798.316730	9960.298744
46500.000000	60235.347290	119627.148800	44095.647350	10013.371450
46560.000000	59798.934610	119109.303800	44109.881590	9909.723602
46620.000000	59756.465560	119567.780800	43825.329390	10090.636680
46680.000000	59853.348160	119978.086000	43757.810360	9993.430522
46740.000000	60175.965510	119450.013300	44308.874900	10065.848550
46800.000000	60076.209950	119414.692700	44395.543420	10038.429910
46860.000000	59954.290210	119561.353100	44084.480450	10205.858600
46920.000000	59971.213250	119241.112800	43882.220510	10061.370100
46980.000000	60136.009660	119123.230900	44090.646310	9887.382025
47040.000000	60057.445540	119456.217600	43851.321880	10143.656910
47100.000000	60112.170380	119650.320900	43878.061530	10041.357800
47160.000000	60627.746580	119202.779400	43965.705520	10064.770050
47220.000000	60314.330360	119157.148800	44201.596530	10032.885060
47280.000000	59988.997880	119931.731200	43764.839890	9900.278804
47340.000000	60323.320620	118837.767800	44086.757240	9940.705013
47400.000000	60248.491020	118869.967400	43784.317490	10024.466810
47460.000000	60095.686570	119059.394700	44263.776890	10048.115380
47520.000000	60362.959830	119396.706900	43965.513740	10065.660020
47580.000000	60288.033890	119552.190500	44280.440930	10025.781160
47640.000000	60485.720340	119333.449400	43759.275960	10049.526030
47700.000000	60593.332520	119380.057700	44138.292630	10061.823580
47760.000000	60447.388810	119240.129500	44034.293420	9910.492115
47820.000000	60132.650130	119318.777600	44470.161790	10007.374820
47880.000000	60433.129370	119687.958600	44421.493890	9922.675039
47940.000000	60174.916740	119657.233900	44066.207240	10037.594620
48000.000000	60332.943680	118704.850800	44320.743830	10176.100120
48060.000000	60370.341550	119424.877700	43918.134290	10137.039350
48120.000000	60417.945800	118263.339300	44156.611530	9992.344794
48180.000000	60752.535580	119929.728000	44308.451840	9917.498345
48240.000000	60465.008200	119474.357000	44178.436820	9986.754026
48300.000000	60657.739140	119680.318100	44278.292400	10149.829400
48360.000000	60371.196970	119665.555200	44193.605480	10171.992330
48420.000000	60483.240860	119616.752000	44055.748290	9994.478710
48480.000000	60759.784870	119177.791800	44052.301790	10081.622100
48540.000000	60641.621500	119452.586000	44298.268330	10068.699720
48600.000000	60880.943000	119404.946400	44440.232890	10051.226370
48660.000000	60843.995010	119585.029600	44205.352010	10045.268680
48720.000000	60726.736170	119527.019200	44590.466330	10054.935160
48780.000000	61017.784830	119666.791800	44238.288660	10070.058260
48840.000000	61229.235410	119271.252900	44199.832440	10166.237990
48900.000000	61046.890640	119525.975100	44480.029760	10006.685230
48960.000000	60934.162070	120337.492300	44366.720120	10088.482480
49020.000000	60884.389490	119430.571400	44375.373970	10070.328450
49080.000000	60663.344220	119369.699700	44331.018680	10209.581870
49140.000000	61069.381630	119591.015800	44471.382360	10094.576260
49200.000000	60743.756520	119532.009400	44361.345890	9973.297366
49260.000000	60924.003850	119609.957500	44481.596550	10119.620360
49320.000000	61213.363850	119250.649100	44057.928840	10155.844040
49380.000000	61014.310100	119073.019200	44343.905650	10045.026980
49440.000000	60809.914010	119415.982800	44306.454650	10010.414170
49500.000000	60896.683000	119498.846700	44199.125140	9999.984768
49560.000000	60614.885700	119280.449700	44166.219460	10105.656250
49620.000000	61191.123290	120270.775600	44426.888210	10119.835390
49680.000000	61356.828640	118767.309100	44385.881130	10173.943730
49740.000000	61061.162900	119742.705900	44346.966390	9999.146616
49800.000000	61061.870560	119468.171800	44092.156400	10027.635770
49860.000000	61262.421120	119378.851400	44462.389470	9919.443351
49920.000000	61071.860640	119542.638000	44207.805370	10098.375730
49980.000000	61432.718230	119264.094800	44532.694070	10034.668080
50040.000000	61197.539690	119610.906400	44611.214290	10191.053170
50100.000000	61306.008850	119575.869500	44319.164010	10034.972180
50160.000000	61607.151440	119382.725900	44720.696790	10019.232100
50220.000000	61316.836010	119449.948100	44220.932030	9993.664032
50280.000000	61313.039100	119115.036700	44358.600400	9956.148190
50340.000000	61092.623640	119290.071600	44526.116430	10112.733530
50400.000000	61185.403280	119304.972700	44424.192250	10082.310590
50460.000000	61366.338710	119320.677400	44237.417360	10155.803420
50520.000000	61933.461600	120378.956500	44283.892230	10043.843470
50580.000000	61731.567710	119116.779800	44426.989530	10001.918710
50640.000000	61130.965560	119433.162200	44249.370050	10144.506450
50700.000000	61366.479360	119025.301800	44653.523970	9988.732482
50760.000000	61487.971470	119311.099300	44466.249830	10094.871760
50820.000000	61203.473370	119439.457100	44409.631290	10209.294570
50880.000000	61297.371540	119528.338300	44730.260840	10029.131360
50940.000000	61421.992350	119410.018500	44425.421240	10036.353130
51000.000000	61432.089680	119129.745700	44150.486670	10073.932220
51060.000000	61493.941770	119636.476100	44442.271670	10015.579790
51120.000000	61284.992250	120051.960500	44574.173860	10063.351550
51180.000000	61329.714240	119263.447900	44437.156930	9997.947798
51240.000000	61572.773210	119301.615100	44570.732940	10094.382220
51300.000000	61480.527340	119921.107700	44179.448320	10093.378680
51360.000000	61489.564920	119297.337700	44688.957210	10057.295800
51420.000000	61586.396180	119764.833400	44732.339650	9948.104116
51480.000000	61671.881190	119195.907500	44442.655140	10004.345530
51540.000000	61515.559460	119509.222400	44569.020240	10060.872680
51600.000000	61619.859630	119025.322200	44437.219290	9902.173808
51660.000000	61609.469040	119272.142800	44462.982020	9992.209171
51720.000000	61785.699600	118787.718400	44165.423760	10069.520500
51780.000000	61477.728260	119832.705500	44376.057280	9897.543883
51840.000000	61943.393100	119536.493400	44362.577470	9973.427902
51900.000000	61565.880410	119641.950700	44564.710320	9949.112386
51960.000000	61952.896930	119639.545300	44438.413390	10127.612820
52020.000000	61700.413120	119149.616900	44481.354950	10055.943320
52080.000000	62007.988960	119163.733900	44584.267830	10144.065740
52140.000000	61715.779390	119509.898200	44489.188660	10010.005920
52200.000000	61871.201950	119427.341700	44493.813340	10062.448460
52260.000000	62570.066720	119661.242300	44633.596100	9989.647646
52320.000000	61770.866660	119492.385500	44699.783480	9936.946006
52380.000000	61832.919410	119419.459600	44575.247710	10068.675640
52440.000000	61672.673820	119519.174800	44348.489490	9871.449345
52500.000000	61929.439210	119448.854100	44714.678170	10118.508170
52560.000000	62044.782690	119610.325000	44542.102830	9975.678470
52620.000000	61946.499580	119226.080300	44663.470870	10188.624060
52680.000000	61925.527780	119327.554300	44461.496210	9846.873946
52740.000000	62270.860460	119281.474200	44329.435660	9995.425779
52800.000000	61912.915250	119406.417300	44851.197520	10030.752630
52860.000000	61941.346750	119751.760600	44696.547790	9949.201552
52920.000000	62232.738900	119464.511600	44538.191570	9902.580510
52980.000000	62110.317790	119512.511000	44599.714690	10102.158710
53040.000000	62081.380750	119106.275800	44606.814330	10106.796720
53100.000000	62030.013310	119655.560000	44444.872920	9927.645715
53160.000000	61983.754590	119161.316500	44534.760570	10038.676650
53220.000000	61892.305070	119129.845900	44521.123500	9957.967003
53280.000000	61900.721230	119067.074400	44393.321590	9919.790440
53340.000000	62396.118520	119096.742800	44729.391580	10124.175220
53400.000000	62168.231000	119183.185100	44703.782390	9942.535968
53460.000000	61983.739280	118875.923600	44574.274400	10222.125200
53520.000000	62502.205560	119403.113200	44841.061880	9996.043022
53580.000000	62394.152690	119444.193700	44855.380490	10039.169450
53640.000000	62001.281930	119294.536800	44706.494910	10080.558810
53700.000000	62219.664490	119005.898200	44677.246740	10052.980210
53760.000000	62424.145170	119382.647100	44779.140460	10052.841140
53820.000000	62173.431900	119395.029600	44729.371070	10054.148260
53880.000000	62564.929610	119194.636500	44575.060510	9882.734865
53940.000000	62604.687560	119474.840800	44813.115390	9982.828861
54000.000000	62230.376790	119452.166500	44707.047400	9963.554313
54060.000000	62357.123030	119279.088000	44836.824930	10098.123470
54120.000000	62526.677710	119375.526600	44900.783860	10015.174970
54180.000000	62261.759340	118982.081400	44741.687760	10042.249810
54240.000000	62482.887980	119276.056700	44745.258350	10023.055790
54300.000000	62443.445850	119532.225700	44955.050060	10059.326330
54360.000000	62684.919280	119013.169300	44596.849520	9960.253608
54420.000000	62490.398560	119181.630300	44824.398080	9925.414952
54480.000000	62611.113980	119323.490200	44714.008520	10057.064940
54540.000000	62846.043860	120193.511200	45129.505040	9791.567459
54600.000000	62536.807860	119557.390100	44982.594520	9903.136981
54660.000000	62389.995950	119006.088600	45023.223070	10039.068170
54720.000000	62228.651230	118908.082000	44670.102350	9844.588019
54780.000000	62574.882610	119085.856000	44653.536040	9943.281566
54840.000000	62333.174350	119509.982400	44933.142120	9881.429911
54900.000000	62949.040290	119515.590600	44653.478080	9988.909671
54960.000000	62942.872550	119435.986800	44679.172100	9809.282584
55020.000000	62453.491130	118807.710500	45108.339740	9992.945138
55080.000000	62566.503080	119608.781500	44479.301390	9921.161967
55140.000000	62467.371710	119383.552000	44716.561980	10056.635460
55200.000000	62604.432140	119089.816800	44919.699400	10026.701900
55260.000000	62574.632980	118830.064700	44592.095040	10102.731450
55320.000000	62620.333890	119146.999700	44750.180070	9960.192881
55380.000000	62389.574500	119043.663100	44845.554370	9923.427131
55440.000000	62545.253500	119026.585200	44834.185710	10019.395660
55500.000000	63064.051670	119569.217100	44906.718990	9950.899695
55560.000000	62740.567700	119009.686600	45027.105560	10014.656340
55620.000000	62688.909790	119602.677200	44788.058020	9938.226374
55680.000000	62835.863470	119486.598700	44798.220240	10040.077780
55740.000000	63000.910210	119618.387400	44859.954320	10020.314140
55800.000000	63259.586720	119429.686600	44927.278800	10033.732780
55860.000000	62672.719490	119567.198800	44584.892090	10001.543560
55920.000000	62892.841130	119300.333800	44968.379260	9946.637880
55980.000000	62660.335720	119619.388400	45059.093730	10035.327040
56040.000000	63066.995440	119605.519300	44968.286450	10046.380090
56100.000000	62935.651510	119323.131500	44659.673430	9912.241259
56160.000000	62913.195320	119348.466200	45006.378820	9849.426716
56220.000000	63262.575420	119829.408200	44938.119460	9984.714821
56280.000000	62826.053600	118805.417200	44733.869610	9950.004526
56340.000000	63220.687340	119793.067100	44803.487190	9991.061034
56400.000000	63146.283310	119405.306300	45118.169670	9896.942156
56460.000000	63273.596860	119034.499700	44879.837850	10061.742630
56520.000000	63039.307350	118997.418100	44838.854140	10055.637140
56580.000000	62567.627420	119350.663200	44887.755250	9949.708782
56640.000000	62928.599220	119470.440100	45013.005130	10120.240020
56700.000000	63180.025130	119171.168900	44901.258510	9969.048391
56760.000000	63672.993970	119398.688000	45085.428380	9974.247842
56820.000000	63277.778200	119565.610600	45039.718910	10084.405800
56880.000000	63566.362740	119383.454200	45108.386510	9968.290808
56940.000000	63410.230130	119344.675700	44774.448110	9995.642768
57000.000000	63091.829660	118836.198600	44866.003610	9993.355616
57060.000000	63473.933680	119615.858600	45104.537800	10023.161550
57120.000000	63594.723610	119673.342700	45102.197880	9994.395998
57180.000000	63363.752640	119191.775300	45271.190700	9922.769792
57240.000000	63163.174590	119474.035900	45174.728260	10067.941290
57300.000000	63563.683710	119645.569200	44836.734940	9919.438447
57360.000000	63284.699130	118948.790000	44631.039550	9945.239878
57420.000000	63296.760540	119276.115300	45031.911980	9996.455266
57480.000000	63365.572140	118841.851900	44695.951250	9913.223656
57540.000000	63495.063140	119224.701400	44938.328300	10036.502860
57600.000000	63680.346670	119536.493200	45041.460960	9961.867158
57660.000000	63629.665040	119212.260400	45393.623190	10001.347260
57720.000000	63573.012610	119674.893900	45122.073500	10089.929430
57780.000000	63504.931900	118718.228500	45401.025600	9898.650129
57840.000000	63080.190100	119120.148300	44966.966920	10025.745700
57900.000000	63713.864720	119433.793500	44908.559960	10030.922850
57960.000000	63456.252060	119339.374300	45216.555050	10056.701490
58020.000000	63623.951070	119691.318400	45075.639680	9918.463279
58080.000000	63862.821060	119187.280900	44841.715890	9927.098747
58140.000000	63946.514730	119055.524200	44997.600630	9976.947591
58200.000000	63618.419340	119318.857700	45209.602110	10027.110240
58260.000000	63734.687210	119559.855300	45079.770260	10094.669150
58320.000000	63588.571680	119305.100900	45037.835250	9838.565462
58380.000000	64000.917990	119692.552000	45217.956570	10260.178380
58440.000000	63740.941420	119593.428700	44942.319890	9966.336742
58500.000000	63591.560940	118997.670400	45161.359390	9897.712602
58560.000000	64051.798110	119297.416000	44987.328270	10039.956700
58620.000000	64000.147430	119263.283900	45012.185340	9915.798151
58680.000000	63610.942490	119374.532400	45126.822010	10001.545470
58740.000000	63965.937050	119311.052900	45127.463170	9799.301393
58800.000000	63669.401410	119707.713400	45078.086820	9972.456829
58860.000000	63812.266950	118938.124800	45184.815200	9951.751716
58920.000000	63903.017010	119000.290100	45000.446610	10006.914000
58980.000000	63690.478320	119020.401800	45498.037950	9942.326320
59040.000000	63849.931520	119272.997800	45375.322730	9950.516076
59100.000000	63796.815340	119646.273100	45310.513160	10003.214110
59160.000000	63974.441000	119430.163000	45155.430280	9922.088300
59220.000000	64010.174880	119110.662400	45178.318190	9889.993653
59280.000000	63663.817350	119571.060600	44926.712910	10010.950670
59340.000000	63675.377210	119368.513100	45386.734750	10019.729200
59400.000000	64256.690440	119709.661200	45135.882860	9794.226625
59460.000000	64043.340580	119829.802400	45172.562210	9955.044204
59520.000000	63606.568420	119038.171400	45215.606570	9973.430683
59580.000000	64069.162920	119361.415900	45388.858060	9918.267122
59640.000000	64644.941580	119692.546800	45313.065930	9824.164998
59700.000000	64130.077650	120174.359400	45298.757030	9858.238374
59760.000000	64347.548610	119570.645300	45281.048730	9946.080909
59820.000000	64334.422020	118942.929400	45355.789100	10069.266580
59880.000000	64032.056800	119395.620900	45108.440660	9971.767465
59940.000000	64318.355480	118879.318800	45066.026960	9802.193275
60000.000000	63940.569070	119693.308000	45217.196600	9959.470673
60060.000000	64331.788780	119675.777000	45290.241520	9988.106007
60120.000000	64286.381990	119756.426300	45494.907410	9954.759549
60180.000000	64766.070760	119381.527500	45329.900730	9923.413030
60240.000000	64671.220950	119797.111400	45284.030140	9968.582535
60300.000000	64821.227850	119799.055700	45453.914220	10035.316130
60360.000000	64581.457140	119605.896800	45348.969880	9947.610380
60420.000000	64181.440990	119625.649700	45575.457690	9839.360805
60480.000000	64140.423190	119691.014500	45387.808390	9866.270165
60540.000000	63813.839460	119351.824800	45407.063460	9988.291391
60600.000000	64335.720590	119682.481300	45247.414590	9926.702069
60660.000000	64119.214920	119388.638700	45285.082170	10010.695120
60720.000000	64555.493480	119979.782500	45491.850460	10066.196940
60780.000000	64522.554560	119571.730500	45579.082190	9854.815396
60840.000000	64631.796110	119570.233800	45438.244820	9938.689577
60900.000000	64267.044660	119017.103900	45301.065980	9946.034168
60960.000000	64414.274400	119357.947400	45503.773470	9972.773240
61020.000000	64586.359940	119691.454700	45398.925610	9923.469170
61080.000000	64169.371090	119097.595000	45195.647770	9841.728647
61140.000000	64209.961870	119113.070800	45372.926650	9978.413900
61200.000000	64769.361490	119542.336200	45377.526620	10048.835080
61260.000000	64456.774760	119771.084100	45376.727900	9932.365203
61320.000000	64591.960580	119879.698100	45319.187320	9825.389711
61380.000000	64466.000250	119520.633900	45458.127590	9949.599247
61440.000000	64586.937630	119520.249900	45195.879720	10025.728650
61500.000000	64672.089100	119138.641500	45388.691650	10022.109810
61560.000000	64338.183430	119196.117400	45281.765190	10151.664020
61620.000000	64772.475790	119414.929400	45237.841550	9953.501012
62010.200000	148021.318000	142606.807000	79298.600170	10659.125740
62054.200000	149730.946000	143055.331700	82148.907180	10770.668620
62098.200000	150056.864800	142815.843900	83315.592980	11122.781570
62142.200000	150771.486700	143162.461300	84633.355060	11064.733510
62186.200000	151405.559600	143522.267000	85099.487390	11029.682750
62230.200000	151728.617400	143906.757400	85652.923620	11021.087100
62274.200000	152305.579500	143717.587700	85774.947140	11076.841390
62318.200000	151711.532600	143835.755200	85905.676710	11190.822290
62362.200000	152174.319800	144221.723100	86112.723980	11003.747190
62406.200000	151811.346400	143792.047600	85456.161210	11126.323390
62450.200000	152341.972900	143404.161300	86043.221340	11187.521070
62494.200000	152583.324000	144380.972200	86441.086890	11143.085110
62538.200000	152159.626800	144065.065800	86460.476370	11134.317110
62582.200000	152088.775800	143599.389400	86544.821270	11160.321640
62626.200000	152862.072900	144520.904900	85998.137540	11204.502910
62670.200000	152396.179200	144797.719100	85991.714790	11249.956220
62714.200000	152388.752200	144280.145600	86897.563770	11229.094040
62758.200000	151874.395500	143797.739100	86419.603420	10979.395480
62802.200000	152434.600100	144106.342900	86364.588850	11148.417400
62846.200000	152591.444200	144329.055000	86851.389990	11248.011720
62890.200000	152446.921800	145082.486500	86145.217080	11214.228510
62940.000000	152641.114300	144238.389200	86575.953090	11255.811830
63000.000000	152382.990800	144367.044600	86735.741320	11051.938990
63060.000000	152772.145700	144508.732200	87451.343070	11179.721700
63120.000000	152761.681200	144607.086800	86831.663660	11244.182510
63180.000000	152531.531300	144101.546800	87080.482610	11257.289350
63240.000000	152836.892600	145003.745100	87224.303000	11162.814880
63300.000000	153476.316200	144869.578600	87535.567660	11291.291470
63360.000000	152326.779600	143975.302300	87165.158540	11121.938380
63420.000000	152655.377500	145121.727700	87102.531150	11251.411270
63480.000000	152818.469600	144189.594800	86683.597360	11250.249700
63540.000000	152846.464000	144751.808000	87201.460820	11156.829620
63600.000000	153757.931800	144622.868300	87125.677370	11174.631690
63660.000000	153244.432700	144716.190600	87642.820930	11208.670510
63720.000000	153505.821100	144541.133400	87442.958680	11262.130590
63780.000000	153440.281200	145065.664900	87328.985350	11171.230780
63840.000000	153347.739800	145355.791600	87189.034190	11203.026680
63900.000000	153386.220800	144645.754100	87078.944150	11257.678350
63960.000000	153377.619700	144846.756900	87411.577660	11294.369550
64020.000000	153189.818500	144778.508800	87448.068190	11138.554520
64080.000000	153491.459900	144847.665100	87284.026700	11234.422160
64140.000000	153511.202500	144341.469200	87492.557640	11317.370380
64200.000000	154020.033100	144524.008200	87309.827060	11263.572060
64260.000000	153594.137200	144842.512700	87919.043100	11008.553660
64320.000000	153869.786800	144028.493700	87297.770170	11329.903460
64380.000000	153549.415400	144718.477000	87729.131460	11199.375450
64440.000000	153398.969000	144827.289300	87475.212580	11182.495660
64500.000000	154331.718200	144759.285400	87473.975000	11166.603210
64560.000000	153886.967600	145026.635000	87768.487380	11151.707480
64620.000000	153746.860400	145051.651600	87767.417160	11168.460110
64680.000000	153763.408500	144724.575700	88087.287230	11258.468710
64740.000000	153803.335300	145211.332100	88044.601830	11257.884750
64800.000000	153805.728600	144603.191600	87780.078070	11357.264390
64860.000000	154164.853900	144456.279000	87912.427470	11271.676740
64920.000000	153536.368800	144620.828300	87870.889290	11240.580670
64980.000000	153711.781100	145356.682600	88328.472780	11240.473420
65040.000000	153802.875900	144782.900500	87781.371430	11140.900250
65100.000000	154039.554000	144564.399700	88109.028580	11202.269760
65160.000000	154034.428100	145637.406700	88211.822120	11197.497420
65220.000000	154242.869300	144879.496000	87743.372820	11241.671800
65280.000000	153866.680800	144998.562200	88208.802560	11310.751190
65340.000000	154332.797000	145313.918900	87927.974090	11315.405030
65400.000000	154417.305500	144891.771700	88178.110510	11311.512930
65460.000000	153850.149400	145029.468500	87678.565420	11160.788130
65520.000000	154017.030000	144838.696900	87700.183040	11103.809510
65580.000000	154017.198200	145115.355500	88314.040880	11254.049600
65640.000000	153987.074400	144633.150900	87861.515710	11246.133710
65700.000000	153842.625500	144565.347500	88178.598460	11179.586430
65760.000000	154598.513300	145052.660900	87889.156980	11142.472990
65820.000000	154331.832900	145180.004800	88126.579620	11086.274590
65880.000000	154809.307200	145471.526000	88343.575140	11177.722290
65940.000000	154822.619600	145403.815400	88261.465720	11216.983410
66000.000000	154773.795500	145228.310600	88567.523870	11221.529400
66060.000000	155106.216600	145839.152800	88220.556630	11117.968830
66120.000000	154753.774900	144521.381400	88385.367590	11124.900540
66180.000000	154674.198300	145374.180400	88187.424960	11240.393200
66240.000000	155049.335700	145058.859800	88246.293220	11282.568610
66300.000000	154785.328900	145129.706300	88465.996360	11109.106570
66360.000000	154705.632100	145026.511600	88229.712980	11150.306590
66420.000000	154564.605300	145479.552700	88300.973530	11064.626670
66480.000000	154294.545300	145309.813700	88249.319500	11083.867000
66540.000000	154206.014100	145433.064100	88318.651710	11177.825760
66600.000000	154518.853400	145412.254600	88115.148040	11183.857730
66660.000000	154883.289100	145030.810900	88536.103580	11078.858320
66720.000000	154406.558900	145001.572800	88923.354530	11352.038260
66780.000000	154005.259400	145587.183100	88529.667220	11297.018560
66840.000000	154734.401800	145496.602000	88301.432410	11172.448140
66900.000000	154553.481500	145479.800000	88534.736070	11214.935390
66960.000000	154982.205800	145512.659800	88700.094550	11307.403100
67020.000000	154535.808500	144687.026500	88099.955890	11297.963070
67080.000000	155108.731500	144936.917200	88580.025130	11174.420590
67140.000000	154354.295500	146137.052200	88892.585450	11178.780780
67200.000000	154926.808400	145306.524300	88576.793210	11134.626700
67260.000000	154891.077500	144960.689000	88563.758770	11316.721090
67320.000000	155615.879200	145295.803800	88895.582760	11247.721860
67380.000000	154929.978900	145368.678900	88442.754170	11200.568720
67440.000000	154758.024000	145483.543500	88510.805660	11228.300670
67500.000000	154636.805200	145091.464100	88548.652850	11320.394920
67560.000000	154838.846900	145684.923200	88777.589580	11262.321740
67620.000000	154842.650100	144778.573600	88835.281060	11350.896080
67680.000000	155263.276900	144932.349200	89023.949700	11249.726750
67740.000000	155075.803900	145227.056700	88516.148770	11140.567960
67800.000000	155072.768000	145675.106100	88686.437870	11226.655670
67860.000000	155303.653900	145372.329800	88587.389050	11173.804210
67920.000000	155434.814200	145340.939300	88797.007080	11046.623340
67980.000000	155008.829800	145181.908600	88485.192730	11291.951730
68040.000000	154996.924500	145174.188500	88685.899910	11209.876290
68100.000000	154734.712400	145419.070100	88886.328900	11199.482180
68160.000000	154851.992200	145169.574100	88579.937060	11052.677810
68220.000000	155273.298300	144639.614500	88709.689780	11200.605810
68280.000000	154161.008800	145345.940500	88757.683430	11223.381230
68340.000000	155517.648800	145108.043600	88518.817620	11154.092190
68400.000000	154507.915000	144875.353200	88662.630850	11156.364310
68460.000000	154612.376800	144896.031800	88810.989740	11312.344410
68520.000000	155287.882900	145425.823800	88670.633520	11482.569060
68580.000000	155334.450900	145188.692700	88548.191910	11321.966350
68640.000000	155155.965500	145095.430700	89089.876930	11205.915640
68700.000000	155533.679700	145450.780000	88581.899220	11145.586760
68760.000000	154719.342100	145533.467300	88767.512740	11217.895580
68820.000000	155562.663000	145756.622300	89045.545780	11191.033280
68880.000000	155051.519400	145567.846700	88776.990730	11190.138570
68940.000000	155242.444400	145130.408800	89063.922960	11167.273230
69000.000000	154998.857800	144916.174300	88648.602150	11274.797900
69060.000000	155273.161000	145085.895800	88628.897450	11187.010180
69120.000000	155163.651200	145619.404800	89051.587350	11331.963720
69180.000000	154947.657700	145427.949600	88917.293840	11095.683440
69240.000000	154728.147800	145347.839700	88853.887440	11353.638120
69300.000000	155063.625900	145349.871100	88783.616160	11298.682410
69360.000000	155463.973400	145358.794600	88900.288710	11265.565270
69420.000000	155370.616400	145707.056700	88975.523570	11381.698310
69480.000000	155797.826400	145190.792200	88826.989340	11299.706270
69540.000000	155181.718600	145233.183100	89150.095680	11389.979310
69600.000000	155068.527800	145672.083100	89550.214370	11391.418300
69660.000000	155113.822800	145669.820500	88835.142950	11312.147660
69720.000000	155417.244500	144746.295600	88979.176890	11373.962280
69780.000000	155741.949600	145375.709000	89078.112920	11289.588170
69840.000000	155128.710400	145475.090500	89257.889780	11404.394330
69900.000000	155136.064400	145472.581000	88971.744270	11331.771190
