0.000000	8175.775623	8275.188119	8377.602134	31488.679320
60.000000	8127.580391	8259.348466	8426.262744	31582.786110
120.000000	8134.250308	8337.488686	8321.807382	31635.910120
180.000000	8232.548511	8298.439320	8453.861600	31502.855940
240.000000	8301.905621	8367.461224	8307.788310	31274.279720
300.000000	8337.765976	8271.463146	8321.470042	31338.700100
857.900000	8105.824638	7774.958459	8196.407530	30076.955480
901.900000	8186.449451	7802.765491	8190.309819	30315.679040
945.900000	8110.414142	7803.723894	8376.320130	30649.685310
989.900000	8205.086337	7759.657395	8299.721230	31588.523140
1033.900000	8129.024081	7776.581276	8163.478197	32255.524870
1077.900000	8109.637532	7653.421937	8205.800808	33389.189230
1121.900000	8118.253901	7866.318446	8168.073204	34494.725870
1165.900000	8177.482385	7828.054086	8285.404052	35838.438160
1209.900000	8199.930846	7732.312733	8300.007440	36995.674750
1253.900000	8107.915430	7900.080930	8423.318345	38408.413170
1297.900000	8076.042950	7753.933815	8450.406477	39578.933150
1341.900000	8118.004309	7844.034847	8314.580403	41272.655680
1385.900000	8141.026032	7891.531641	8330.212745	42294.554810
1429.900000	8196.548422	7916.915037	8362.237875	43490.816250
1473.900000	8240.958805	7950.672234	8596.924749	45203.075820
1517.900000	8168.838103	7799.975851	8550.099438	46379.761020
1561.900000	8112.388451	7965.575398	8528.824475	47613.412650
1605.900000	8125.446604	7906.232466	8418.831533	48768.337620
1649.900000	8128.293713	7980.890772	8266.029758	50338.254840
1693.900000	8041.833602	7786.745960	8367.634404	51151.278640
1737.900000	8114.093730	7793.672792	8435.947673	52508.113640
1781.900000	8184.637474	7842.495724	8385.661718	53541.192160
1825.900000	8010.676525	8045.967856	8576.099144	54705.119620
1869.900000	8176.511377	7978.537542	8457.305985	55440.739860
1913.900000	8040.701304	7918.935136	8526.341149	56790.494750
1957.900000	8151.523203	7916.818132	8447.367323	57617.897280
2001.900000	7979.517815	8093.451398	8654.573560	58311.264020
2045.900000	8124.254631	7917.440107	8505.798875	59302.562220
2089.900000	8039.880807	8080.024465	8633.413771	60178.395960
2133.900000	8089.176687	7976.391792	8663.229331	60881.606230
2177.900000	8060.442552	7972.545621	8618.328744	61814.654350
2221.900000	8054.683637	7912.404989	8558.070354	62534.602670
2280.000000	8147.607821	7962.263449	8660.324881	63487.544880
2340.000000	7902.144529	8031.514078	8607.394537	64553.664320
2400.000000	8060.039162	7982.217960	8784.867630	65219.300630
2460.000000	8024.255706	8177.271617	8829.364757	66223.510740
2520.000000	8053.789150	8042.570389	8677.952122	66897.330020
2580.000000	8109.238155	7979.049708	8697.196836	67671.716550
2640.000000	7962.874018	8203.790200	8732.305909	68457.650070
2700.000000	8051.859180	8012.433937	8744.350651	68677.521360
2760.000000	8103.535844	8059.157408	8822.091909	69188.099120
2820.000000	8072.930561	8126.489323	8897.465777	70109.713180
2880.000000	8065.579188	8187.014559	8897.192482	70663.508740
2940.000000	8045.389771	8128.389340	8812.240649	71517.831040
3000.000000	8003.115288	8122.995560	8813.694762	71744.719390
3060.000000	8003.316130	8151.080910	8843.142873	72034.331920
3120.000000	7938.611654	8137.389061	8860.533946	72371.433000
3180.000000	8048.620692	8142.459552	8912.942323	73388.765900
3240.000000	8017.581176	8189.057628	8813.479852	73251.102090
3300.000000	7837.019558	8137.470165	9075.250102	73867.721480
3360.000000	7918.403625	8143.708262	8964.907025	73932.091500
3420.000000	7823.468004	8184.028959	9108.668534	74302.776990
3480.000000	7834.725307	8227.696900	8969.313104	74929.308710
3540.000000	7940.820476	8257.914796	9062.257376	74747.670320
3600.000000	7880.729666	8192.493193	9130.574303	74944.759520
3660.000000	7882.084531	8243.946413	9171.756588	75301.858090
3720.000000	7966.658349	8203.303662	8969.356462	75582.673750
3780.000000	7961.656691	8292.817814	9076.374879	76070.825610
3840.000000	7748.723068	8227.048525	9134.506855	76336.386510
3900.000000	7884.159751	8318.873922	9158.378281	76358.862290
3960.000000	7867.967710	8366.811938	9106.785565	76584.258920
4020.000000	7840.670124	8428.851380	9219.567649	76785.571430
4080.000000	8009.915021	8378.975619	9171.257423	77225.391170
4140.000000	7808.070715	8311.451016	9279.771202	77408.816370
4200.000000	7888.180739	8379.807367	9165.083217	77363.355410
4260.000000	7986.366893	8239.500958	9238.852289	77472.880930
4320.000000	7889.111775	8379.293422	9230.207164	77444.454000
4380.000000	7815.311723	8244.308930	9226.204850	77584.243950
4440.000000	7821.021210	8534.618835	9158.007955	78081.094890
4500.000000	7900.911530	8425.398155	9209.785242	78201.213810
4560.000000	7790.316106	8368.275895	9470.108977	78044.172300
4620.000000	7764.231626	8447.927004	9409.488695	78534.597460
4680.000000	7837.670798	8508.525551	9271.710861	78415.190820
4740.000000	7826.248991	8392.950419	9338.844763	78688.385780
4800.000000	7764.397552	8468.761685	9316.062439	78777.584290
4860.000000	7758.561950	8413.585010	9429.988994	78924.141750
4920.000000	7855.871677	8480.161411	9430.310562	79284.455360
4980.000000	7799.721085	8569.818380	9417.735379	78959.853510
5040.000000	7753.937406	8469.555556	9438.325220	79024.816980
5100.000000	7728.076314	8313.348879	9431.531681	79199.365810
5160.000000	7794.477198	8516.333362	9369.340526	79161.416290
5220.000000	7829.571708	8489.921123	9637.293829	79086.375480
5280.000000	7743.476805	8453.393828	9495.369610	79445.774440
5340.000000	7712.760438	8531.332769	9363.211308	79582.221040
5400.000000	7786.261793	8535.081426	9566.466193	79546.495330
5460.000000	7802.004515	8541.057463	9464.813998	79450.180690
5520.000000	7724.235573	8585.150925	9598.670939	79533.200420
5580.000000	7809.099439	8523.279342	9599.625057	79550.497860
5640.000000	7685.125100	8567.313354	9526.613017	79910.589680
5700.000000	7768.244005	8596.336054	9599.027835	79864.767240
5760.000000	7701.703431	8483.629042	9742.744397	80150.486930
5820.000000	7671.335634	8654.718641	9672.562833	80580.364970
5880.000000	7706.908204	8606.613946	9744.964448	79974.043250
5940.000000	7798.077829	8694.009131	9696.605565	80032.677690
6000.000000	7737.554702	8589.428105	9695.287667	80442.745210
6060.000000	7628.109191	8607.548548	9654.891813	80683.786180
6120.000000	7731.254713	8723.579546	9753.743532	80235.363580
6180.000000	7678.665752	8718.745856	9675.181772	80511.916540
6240.000000	7735.152647	8665.032496	9723.618125	80434.903760
6300.000000	7725.208432	8738.158344	9765.384777	80433.857310
6360.000000	7659.402304	8788.997228	9812.090259	80469.491350
6420.000000	7573.771083	8657.756365	9720.037239	80587.997120
6480.000000	7600.965496	8859.534820	9802.091930	80293.134910
6540.000000	7784.667675	8780.086368	9719.596549	80576.462230
6600.000000	7610.872491	8648.717391	9717.447174	80452.113560
6660.000000	7654.602648	8652.017275	9829.027729	80529.068830
6720.000000	7646.071605	8781.645789	9842.811109	80846.530590
6780.000000	7715.850776	8806.240072	9944.272771	80626.944150
6840.000000	7866.065961	8774.535598	9879.224580	80471.966270
6900.000000	7568.996142	8807.472322	10037.276680	80821.195000
6960.000000	7557.592371	8729.744484	9978.405631	80830.517420
7020.000000	7691.012933	8863.508516	9990.522970	80646.417820
7080.000000	7578.629841	8805.452247	9901.917493	80881.620450
7140.000000	7670.839830	8886.736541	9939.968218	80681.497070
7200.000000	7644.669203	8754.088969	9954.370991	80481.182070
7260.000000	7599.095943	8844.765761	10038.174190	81143.949680
7320.000000	7641.837343	8851.828393	9972.069123	80591.004090
7380.000000	7555.305935	8939.264091	10055.964760	80968.887030
7440.000000	7618.852381	8994.123402	9967.830526	81420.637910
7500.000000	7580.125441	8870.589548	10093.543380	81167.165480
7560.000000	7621.586962	8918.272080	10032.115500	80816.950290
7620.000000	7586.755333	8949.054011	9998.155832	81421.828040
7680.000000	7592.294916	9023.941408	10010.446730	81002.299530
7740.000000	7545.892252	8960.529490	10180.814790	81353.170040
7800.000000	7614.016653	8980.248186	10097.585410	81262.909440
7860.000000	7705.402783	8966.716091	10113.736110	81113.436040
7920.000000	7650.266649	8934.583456	10250.995360	81407.281020
7980.000000	7605.372365	9153.509856	10211.510910	80950.799180
8040.000000	7619.255247	8940.762252	10162.301420	81053.544240
8100.000000	7522.653840	8946.613078	10174.842600	81201.103210
8160.000000	7643.129930	9033.376808	10152.439480	81023.096030
8220.000000	7583.025496	9124.761087	10386.088420	81160.220350
8280.000000	7577.346180	9026.341079	10189.106250	81427.721030
8340.000000	7590.231380	9053.192384	10260.004210	81349.916630
8400.000000	7627.899289	9017.104525	10389.411570	81565.627400
8460.000000	7603.653313	9294.674508	10295.615350	81231.131160
8520.000000	7713.848285	9050.512017	10341.868180	81920.253410
8580.000000	7630.770486	9092.839013	10407.318430	81733.256940
8640.000000	7541.627037	9237.904202	10401.580110	81100.072730
8700.000000	7667.090609	9096.356869	10543.345840	81177.296690
8760.000000	7672.858318	9075.753395	10441.381240	81418.126470
8820.000000	7568.664568	9036.609963	10488.314740	81506.290740
8880.000000	7544.592115	9054.442218	10346.671660	81808.781290
8940.000000	7521.593490	9259.293531	10432.622760	81382.928460
9000.000000	7622.734592	9313.511878	10415.128780	81636.293130
9060.000000	7614.912905	9170.692906	10498.549120	81685.856140
9120.000000	7493.561957	9248.027916	10516.455240	81456.197590
9180.000000	7617.274599	9261.178688	10473.528760	81580.662140
9240.000000	7593.627905	9219.706596	10349.183610	81831.607030
9300.000000	7679.889021	9250.179804	10551.010070	81983.382250
9360.000000	7491.669614	9286.707720	10576.465120	81890.677870
9420.000000	7443.418379	9337.264520	10644.842310	81492.205250
9480.000000	7513.642877	9122.746576	10583.895450	81596.429090
9540.000000	7567.049942	9261.056991	10525.545670	81221.493170
9600.000000	7565.761919	9148.005098	10598.769290	82302.575600
9660.000000	7581.444855	9373.812792	10618.682550	81763.436230
9720.000000	7604.092638	9351.561891	10627.580900	81796.815610
9780.000000	7596.493997	9368.219587	10605.980350	82069.714150
9840.000000	7581.241545	9377.623316	10590.122640	81724.246290
9900.000000	7675.083781	9159.053447	10582.390110	81618.250800
9960.000000	7501.859132	9361.095390	10598.636210	81534.379510
10020.000000	7484.838369	9384.192537	10697.579030	82000.724370
10080.000000	7628.908650	9299.655089	10744.185180	81770.798300
10140.000000	7591.366474	9483.602006	10632.196590	82064.465830
10200.000000	7446.693355	9413.149197	10728.345450	81653.741740
10260.000000	7545.219159	9523.306013	10859.173380	81737.820090
10320.000000	7675.619471	9428.688244	10750.767830	81814.565600
10380.000000	7572.880454	9481.473797	10825.682790	81788.568450
10440.000000	7544.305416	9380.341455	10912.018060	81588.519950
10500.000000	7555.316454	9474.112401	10742.535860	81785.234490
10560.000000	7509.460985	9527.752267	10784.347420	81467.560060
10620.000000	7553.819749	9437.470383	10775.066310	81909.843280
10680.000000	7627.075747	9560.458323	10886.917880	81963.971110
10740.000000	7559.670748	9443.564673	10916.535800	81760.454690
10800.000000	7520.244493	9584.024678	10765.909480	82123.511500
10860.000000	7475.101932	9492.153126	10801.655310	82162.864070
10920.000000	7527.618554	9500.521367	10893.434900	82086.819990
10980.000000	7594.234366	9394.848169	10802.732070	81891.046950
11040.000000	7516.072943	9540.124437	10963.370200	81855.993090
11100.000000	7419.332876	9486.540420	10851.845300	81578.193260
11160.000000	7525.614960	9590.931772	11062.944070	82279.423880
11220.000000	7572.267277	9646.814661	10873.275260	82355.766360
11280.000000	7492.623812	9551.620694	11048.646470	82020.588670
11340.000000	7453.432268	9455.297196	10979.312390	81892.724540
11400.000000	7542.027615	9609.484730	11056.135820	82005.978140
11460.000000	7452.604356	9635.824427	11101.087970	81931.976820
11520.000000	7473.836702	9609.312186	11075.449440	82242.304650
11580.000000	7500.166949	9677.837798	11122.923350	82209.235890
11640.000000	7470.933104	9585.320904	11036.188050	81754.244940
11700.000000	7588.072613	9680.318648	11126.645370	81877.282260
11760.000000	7584.475170	9743.936261	11093.725070	81863.364060
11820.000000	7602.320733	9526.657117	11038.754950	82461.907710
11880.000000	7594.095459	9619.744003	11018.033260	82392.724670
11940.000000	7516.124847	9716.684000	10958.633310	82032.666190
12000.000000	7514.212035	9644.045285	11232.393190	82021.732190
12060.000000	7582.857116	9719.858195	11071.882350	82449.639420
12120.000000	7559.997476	9688.930903	11188.892880	82328.151730
12180.000000	7400.651079	9738.448846	11147.003450	81964.745760
12240.000000	7681.983844	9715.822275	11333.425440	82202.469270
12300.000000	7475.240350	9736.950585	11189.395410	82332.608190
12360.000000	7602.622898	9763.150125	11257.295580	82171.008940
12420.000000	7409.474911	9835.801316	11131.557040	82192.389490
12480.000000	7472.215149	9657.500320	11300.059290	82322.552130
12540.000000	7581.646808	9791.875662	11102.193440	82250.947810
12600.000000	7489.681044	9762.093043	11242.817360	82435.806210
12660.000000	7559.045307	9722.596821	11329.263040	82065.615750
12720.000000	7485.687286	9789.337100	11233.214170	82471.586910
12780.000000	7508.470639	9820.190955	11342.422570	81982.703680
12840.000000	7360.133212	9811.535315	11449.663070	82151.475010
12900.000000	7563.442095	9822.525613	11320.235730	82016.955930
12960.000000	7541.770503	9905.060248	11426.893200	82264.356220
13020.000000	7448.849238	9704.474087	11321.189290	81742.624640
13080.000000	7597.230504	9812.434349	11312.439970	81937.224790
13140.000000	7401.807989	9895.278377	11287.069420	82315.146580
13200.000000	7539.231964	9945.087394	11310.660000	82136.809080
13260.000000	7342.300782	9912.000103	11309.620010	82548.749650
13320.000000	7478.128777	10008.691920	11219.302140	82287.894630
13380.000000	7489.746512	9770.065833	11416.354720	81722.711510
13440.000000	7462.852908	9993.142781	11392.858140	82580.760400
13500.000000	7406.171608	9769.456819	11561.002740	82005.547070
13560.000000	7431.207915	9870.696251	11430.815020	82510.935890
13620.000000	7479.423572	9947.001127	11458.207860	82224.380340
13680.000000	7431.575384	9914.525944	11384.619390	81946.206130
13740.000000	7421.707880	10016.802230	11505.060910	82284.882150
13800.000000	7528.831084	9892.314047	11439.508120	82249.614520
13860.000000	7503.126109	9906.837499	11457.605010	82486.889470
13920.000000	7435.884818	10120.401160	11527.321200	82809.855370
13980.000000	7567.479675	9778.226603	11527.385560	82524.511190
14040.000000	7446.165669	10028.931850	11579.588900	82324.258020
14100.000000	7510.571132	10048.712850	11609.274760	82254.372200
14160.000000	7498.482300	9938.056207	11639.240660	82168.146720
14220.000000	7441.171290	9882.614021	11530.441640	82305.059190
14280.000000	7521.114432	10052.452030	11488.881300	82515.048580
14340.000000	7471.141215	9999.375738	11636.406980	82428.541940
14400.000000	7471.692946	9988.723985	11576.129130	82294.765130
14460.000000	7501.562923	10107.001350	11536.392160	81930.765450
14520.000000	7475.478858	10091.761910	11560.593980	82132.842520
14580.000000	7496.605043	9843.621078	11720.304720	82270.875230
14640.000000	7427.306397	9948.644792	11511.380990	82323.252540
14700.000000	7415.965722	10088.366340	11767.882500	82494.640620
14760.000000	7428.266864	10108.746950	11732.850730	82621.678020
14820.000000	7481.512891	9997.614614	11766.650280	82151.952890
14880.000000	7499.484227	10128.721690	11714.363820	82484.813780
14940.000000	7410.434914	10083.280860	11748.446670	82374.987850
15000.000000	7471.202608	10206.738020	11744.289830	82407.437960
15060.000000	7549.662405	10160.788500	11803.605460	82626.865890
15120.000000	7395.222356	10111.670960	11727.926590	82523.024510
15180.000000	7476.656362	10223.744830	11892.963330	82324.387830
15240.000000	7413.856581	10095.655480	11814.983680	82764.889330
15300.000000	7437.389278	10071.177970	11849.994390	82167.569810
15360.000000	7442.297625	10109.633340	11900.313760	82489.849820
15420.000000	7434.738278	10138.694510	11795.085310	82091.184000
15480.000000	7446.997527	10225.605410	11956.216230	82434.530730
15540.000000	7515.973710	10198.041120	11901.404030	82539.337910
15600.000000	7449.479646	10211.106330	11997.513820	82405.373110
15660.000000	7404.255240	10166.192240	11835.404460	82469.790110
15720.000000	7372.607855	10145.604380	11965.960270	82390.811260
15780.000000	7534.816747	10320.226670	11921.414930	82758.331570
15840.000000	7470.626706	10232.601460	11901.482760	82544.119470
15900.000000	7433.429714	10327.596560	11853.049350	82619.285820
15960.000000	7410.440504	10206.000970	11832.744890	82702.157910
16020.000000	7299.361771	10158.634020	11763.409780	82703.039840
16080.000000	7576.592500	10244.695590	11981.453650	82769.579770
16140.000000	7311.788544	10360.763550	11918.714700	82423.619590
16200.000000	7403.903225	10295.946840	11851.582920	82580.201190
16260.000000	7406.607684	10234.847850	11998.341200	82685.821080
16320.000000	7429.663772	10306.051290	11929.839280	82728.399500
16380.000000	7508.746844	10267.296760	11975.030410	82980.365100
16440.000000	7399.387820	10316.890890	12038.372170	82765.226710
16500.000000	7434.814462	10328.779030	11978.786560	82641.800700
16560.000000	7369.973606	10370.613440	11979.882730	82868.509940
16620.000000	7363.704528	10387.767190	12013.710550	82701.414970
16680.000000	7507.583064	10351.100080	12061.285480	83038.994430
16740.000000	7402.139140	10455.398120	12146.073000	82524.963940
16800.000000	7499.194600	10292.028270	12142.416040	82715.407910
16860.000000	7463.217928	10520.521300	12054.913670	82713.427410
16920.000000	7410.361755	10466.190750	12142.483600	82500.524150
16980.000000	7457.213967	10386.892540	12229.742860	82581.620070
17040.000000	7469.870312	10411.331480	12132.419060	82618.953950
17100.000000	7457.230930	10318.676950	12152.645160	82549.839610
17160.000000	7438.728916	10435.110370	12181.565800	82556.516210
17220.000000	7388.587945	10422.413660	12233.846070	83130.116440
17280.000000	7397.682181	10552.826820	12156.941500	82989.445830
17340.000000	7446.014648	10375.238810	12215.910280	82863.621340
17400.000000	7523.483206	10418.643870	12181.032310	82696.014710
17460.000000	7397.501140	10486.334780	12154.320630	82580.658380
17520.000000	7216.833094	10595.981420	12329.528840	82715.748460
17580.000000	7383.189590	10413.071390	12099.361920	82692.414240
17640.000000	7476.084768	10443.920120	12146.831100	82839.122750
17700.000000	7408.974162	10457.352050	12376.542230	82418.663640
17760.000000	7395.572064	10520.939970	12122.950980	82843.685040
17820.000000	7435.742224	10446.378730	12339.642620	82951.716210
17880.000000	7512.419783	10495.737990	12238.795120	82497.080940
17940.000000	7465.982196	10514.101920	12174.558070	82787.626540
18000.000000	7390.735770	10441.211410	12119.435620	82874.796510
18060.000000	7439.826983	10513.361230	12332.390480	82761.836530
18120.000000	7374.722766	10483.605330	12397.159980	83230.001790
18180.000000	7352.571187	10426.057180	12246.430760	82514.738440
18240.000000	7360.539776	10623.639580	12393.258150	82683.706130
18300.000000	7470.317229	10559.070740	12201.181420	82398.772830
18360.000000	7413.312559	10582.234870	12176.409810	82643.596930
18420.000000	7453.725023	10617.234820	12409.749290	83121.396970
18480.000000	7412.096765	10561.057330	12462.952370	82789.405880
18540.000000	7400.347722	10608.852020	12423.559730	83119.791060
18600.000000	7348.741045	10581.717890	12277.418740	82957.014900
18660.000000	7346.243336	10794.085180	12379.590610	82757.780770
18720.000000	7365.602839	10564.089610	12354.652180	82958.162880
18780.000000	7540.183964	10623.386680	12386.780430	82285.636250
18840.000000	7324.739084	10546.786580	12502.591340	82959.248490
18900.000000	7371.859611	10510.826250	12471.300430	82806.939130
18960.000000	7341.462111	10622.558620	12569.010790	82760.068730
19020.000000	7332.764866	10643.370040	12565.783910	83182.241130
19080.000000	7338.203467	10700.231360	12530.840210	83123.239670
19140.000000	7421.096853	10722.800670	12382.785220	83036.075360
19200.000000	7449.021688	10682.429630	12402.328580	83449.936600
19260.000000	7389.767328	10765.688740	12356.467160	83007.051410
19320.000000	7414.247444	10596.194690	12507.058750	83085.229090
19380.000000	7433.094708	10498.525470	12415.278600	82932.805140
19440.000000	7422.284479	10756.628610	12539.692480	82555.934630
19500.000000	7414.441708	10705.679490	12690.713660	83138.816680
19560.000000	7213.685072	10715.214690	12468.882380	82746.895840
19620.000000	7347.807372	10640.777530	12456.172470	82795.614430
19680.000000	7374.568872	10767.842940	12668.727670	82905.792080
19740.000000	7362.759291	10689.971790	12564.307160	82932.654900
19800.000000	7396.947047	10743.275470	12627.447120	82785.334650
19860.000000	7412.520048	10861.493540	12594.652570	82319.902140
19920.000000	7434.412155	10751.076130	12505.176100	82758.905810
19980.000000	7400.068032	10843.971730	12713.372210	82905.521950
20040.000000	7331.416453	10650.452970	12626.478490	83072.709150
20100.000000	7501.910359	10788.844580	12486.919220	82987.492140
20160.000000	7349.715499	10714.906700	12453.065690	83358.354930
20220.000000	7316.204948	10727.887120	12733.336520	82557.211960
20280.000000	7446.007393	10771.206900	12608.013530	82577.950120
20340.000000	7525.151876	10877.940950	12673.855070	82752.734190
20400.000000	7359.901794	10930.995600	12612.521540	83338.387370
20460.000000	7306.280037	10821.561420	12768.457250	83125.343300
20520.000000	7375.885603	10872.707510	12672.381320	83024.793890
20580.000000	7382.894543	10888.894160	12604.415450	82899.042930
20640.000000	7285.716080	10878.291570	12701.320740	82901.653100
20700.000000	7341.614393	10859.141080	12666.932120	83315.016130
20760.000000	7421.086449	10809.632610	12763.910900	83009.771240
20820.000000	7322.393044	10932.244670	12713.536980	82830.743870
20880.000000	7336.250640	10932.936810	12724.849540	82597.957620
20940.000000	7401.249220	10893.086100	12778.837650	83328.955880
21000.000000	7416.151133	10854.771940	12611.427250	82969.769830
21060.000000	7418.023758	10823.087080	12797.705490	83210.704890
21120.000000	7430.162842	10757.944850	12802.129040	83031.567630
21180.000000	7373.430609	10833.802130	12664.156590	82620.009330
21240.000000	7386.874543	10931.826920	12707.636440	83000.484100
21300.000000	7425.856441	10757.143100	12717.199810	82918.844540
21360.000000	7283.543910	10884.790660	12788.315060	82776.994450
21420.000000	7308.405691	11063.602920	12761.562460	83312.259600
21480.000000	7304.064051	10910.287190	12702.038720	82800.171410
21540.000000	7366.647073	10991.567420	12821.390530	83075.275380
21600.000000	7339.142013	11023.998720	12787.016390	83208.918730
21660.000000	7348.414789	10916.211110	12713.705090	83153.691070
21720.000000	7377.628268	11009.150410	12775.783670	83221.509000
21780.000000	7305.184228	10906.246510	12890.082350	82930.338030
21840.000000	7462.488443	10986.500560	13030.636640	83359.029940
21900.000000	7327.618882	11033.349700	12903.013070	83048.316910
21960.000000	7402.512182	11039.281760	12669.712360	82946.096010
22020.000000	7453.192104	11094.249030	12969.822590	83192.684200
22080.000000	7356.752476	11121.898480	12940.493490	83159.727880
22140.000000	7424.526456	11010.967210	12848.542580	82996.280200
22200.000000	7393.375260	11037.763100	12774.003210	82804.285650
22260.000000	7368.425456	10999.974420	13071.950140	83323.832900
22320.000000	7450.112022	11041.933840	13016.399080	83274.306730
22380.000000	7200.212001	11019.418580	12919.692090	82890.832260
22440.000000	7451.566217	11008.537450	13088.205290	82562.636230
22500.000000	7331.672358	11101.411190	13030.424370	82809.390000
22560.000000	7357.936833	10885.824470	12944.802990	83308.965000
22620.000000	7319.095312	11041.623450	12787.402600	83129.194480
22680.000000	7305.206919	10996.210710	12945.859550	83036.724690
22740.000000	7298.429060	11100.020520	13043.996710	83406.073040
22800.000000	7333.728953	11085.954500	13208.805810	82909.650270
22860.000000	7254.735011	11004.254180	13036.123320	83106.413140
22920.000000	7439.019561	10973.578450	13070.740850	83328.474340
22980.000000	7288.432043	10904.602330	12790.339540	82877.555410
23040.000000	7405.121301	11112.795880	12981.165210	82973.558470
23100.000000	7339.635149	11124.470200	13111.730130	83570.414840
23160.000000	7409.950652	11180.220410	13104.688890	83702.002780
23220.000000	7314.865903	11065.901180	13068.896390	83142.876980
23280.000000	7484.367547	11198.782940	13158.348630	83169.002730
23340.000000	7419.086765	11173.899960	13030.915660	83144.270340
23400.000000	7223.052637	11303.225540	13026.812430	83006.014240
23460.000000	7291.856813	11146.946130	13222.066490	83258.707450
23520.000000	7369.686161	11030.216950	13127.876760	83015.909680
23580.000000	7359.014758	11094.387180	13195.660040	83309.146670
23640.000000	7402.372062	11188.424810	13048.699950	83536.085160
23700.000000	7252.210321	11163.123320	13205.719850	83316.813510
23760.000000	7224.322367	11160.170450	13072.947130	83048.515910
23820.000000	7290.733054	11073.462230	13143.527470	83198.387550
23880.000000	7317.567804	11157.122320	13214.774470	83097.459650
23940.000000	7226.306942	11132.921490	13189.532220	83171.182190
24000.000000	7339.799292	11169.898690	13012.426400	83483.035660
24060.000000	7387.445121	11262.457450	13274.509840	83159.584380
24120.000000	7320.679753	11199.893190	13226.413110	83307.858060
24180.000000	7375.411473	11290.862580	13176.087390	83169.400390
24240.000000	7356.640776	11186.791510	13173.426020	83227.532260
24300.000000	7422.552757	10996.593070	13194.399730	82966.530090
24360.000000	7359.029381	11230.889430	13118.188320	82935.458900
24420.000000	7433.008348	11237.287660	13212.959370	83051.140880
24480.000000	7356.765302	11321.475360	13263.718290	82914.791090
24540.000000	7256.181658	11387.992650	13135.684550	83108.872390
24600.000000	7398.107355	11294.467960	13287.552140	83261.519830
24660.000000	7382.799458	11258.481550	13271.797050	83278.910760
24720.000000	7348.872968	11255.399540	13395.586840	83390.532000
24780.000000	7287.657844	11077.020540	13419.408900	83297.229460
24840.000000	7380.998490	11250.065410	13269.358600	82855.123770
24900.000000	7400.997151	11344.262630	13177.561270	83409.070740
24960.000000	7322.941339	11353.349340	13360.366830	83432.699660
25020.000000	7277.998618	11331.525580	13395.738060	83209.925620
25080.000000	7342.194646	11240.212120	13340.950680	82983.115230
25140.000000	7379.949767	11313.880730	13225.042940	83404.194450
25200.000000	7342.906148	11283.818760	13358.129130	83254.792540
25260.000000	7388.450400	11331.198310	13472.005250	83067.867170
25320.000000	7373.017142	11363.710760	13368.266430	82967.430220
25380.000000	7345.648372	11265.272950	13460.523900	83412.934900
25440.000000	7426.054769	11325.997070	13355.914780	83160.767320
25500.000000	7389.984748	11345.126300	13438.920620	83263.892650
25560.000000	7324.223314	11451.833170	13476.947790	83150.936570
25620.000000	7336.173424	11210.993740	13472.272760	83103.479660
25680.000000	7397.012286	11458.739100	13272.237720	83621.878720
25740.000000	7266.559610	11298.571660	13397.001390	83506.606810
25800.000000	7314.504530	11279.569890	13407.297330	83379.649380
25860.000000	7330.654594	11357.085180	13356.224650	83412.593840
25920.000000	7338.371697	11417.811540	13338.018580	83489.761690
25980.000000	7271.728189	11443.964550	13419.824640	82970.775530
26040.000000	7269.051172	11416.958000	13565.847150	83363.361850
26100.000000	7351.693955	11376.700440	13389.040370	83497.244880
26160.000000	7302.909994	11541.189110	13392.886340	83011.279890
26220.000000	7276.475208	11325.892100	13467.986730	83360.115940
26280.000000	7354.757663	11266.674240	13402.045960	83159.163990
26340.000000	7290.292032	11484.051100	13417.717850	83125.106920
26400.000000	7377.659992	11494.177710	13517.544940	83220.325120
26460.000000	7350.171291	11413.617800	13535.979200	83265.579530
26520.000000	7273.252531	11546.975110	13285.826100	83115.126350
26580.000000	7282.747394	11463.506760	13482.813490	83105.490500
26640.000000	7311.306428	11418.110870	13490.946000	83163.697890
26700.000000	7472.916578	11541.800560	13605.921620	83028.188560
26760.000000	7312.315599	11586.694220	13405.749080	83099.855200
26820.000000	7300.680681	11623.685800	13449.013540	83220.354230
26880.000000	7377.316976	11557.853600	13526.410660	83275.232240
26940.000000	7337.947820	11400.337580	13391.162490	83448.088110
27000.000000	7301.603898	11416.597170	13588.942650	82969.136670
27060.000000	7363.203414	11584.390720	13460.247260	83425.693070
27120.000000	7376.023164	11695.873680	13316.493220	83439.672020
27180.000000	7360.125392	11488.994430	13439.164120	83292.253440
27240.000000	7303.858361	11478.531600	13550.201350	83131.605640
27300.000000	7344.797381	11398.059110	13707.525150	83325.083860
27360.000000	7263.804896	11552.418980	13376.944850	83296.089410
27420.000000	7448.458907	11547.459530	13512.843650	83190.134060
27480.000000	7355.663142	11462.719280	13595.141440	83274.828430
27540.000000	7311.960462	11426.505120	13633.660370	83015.044400
27600.000000	7248.735183	11503.820900	13605.464420	83292.925270
27660.000000	7185.529714	11537.926790	13531.968590	83398.938180
27720.000000	7198.264313	11595.154820	13547.921120	83311.058480
27780.000000	7335.797475	11669.828250	13489.573310	83378.073660
27840.000000	7249.633318	11647.510940	13553.541390	83388.975480
27900.000000	7287.693957	11541.161420	13740.686240	83320.741720
27960.000000	7365.529732	11592.251890	13718.471640	83756.013080
28020.000000	7309.229666	11559.110510	13616.089990	83425.716610
28080.000000	7240.818967	11649.413810	13584.186320	83402.779530
28140.000000	7321.426069	11657.740280	13738.901110	83303.279960
28200.000000	7263.448568	11697.209870	13562.467280	83131.609750
28260.000000	7363.951384	11573.050580	13776.120860	83357.139150
28320.000000	7222.291093	11591.462300	13767.819210	83535.868070
28380.000000	7227.739940	11624.377710	13644.901740	83879.640960
28440.000000	7199.875004	11681.076090	13759.268690	83016.717680
28500.000000	7370.413083	11615.017570	13750.258640	83651.782590
28560.000000	7226.595669	11789.826690	13792.786760	83500.117540
28620.000000	7237.464013	11617.153060	13674.462740	83553.625550
28680.000000	7344.622699	11695.440640	13780.781670	83312.784730
28740.000000	7284.155204	11553.600280	13819.400390	83148.354500
28800.000000	7366.129490	11792.524740	13729.476110	83361.579660
28860.000000	7337.482919	11565.421820	13769.307540	83924.660290
28920.000000	7297.512193	11686.038020	13751.349610	83240.244680
28980.000000	7287.920710	11652.947750	13688.379080	83645.905320
29040.000000	7307.122757	11702.458290	13716.200380	83230.093060
29100.000000	7338.796670	11597.189840	13712.618530	83264.735610
29160.000000	7299.712039	11571.771690	13743.680380	83612.585190
29220.000000	7356.032539	11721.291950	13790.700150	83815.333930
29280.000000	7215.678819	11629.662550	13756.092240	83457.033310
29340.000000	7354.511040	11787.551300	13777.543240	83579.673950
29400.000000	7400.373385	11694.966640	13796.474120	83284.114630
29460.000000	7284.445243	11828.503750	13851.451340	83537.747310
29520.000000	7309.906696	11745.368590	13821.910200	83437.508180
29580.000000	7223.579862	11806.643660	13825.496270	83743.313360
29640.000000	7387.142692	11712.098780	13902.690980	83635.725510
29700.000000	7269.484859	11805.359100	13762.832460	83519.989390
29760.000000	7264.403349	11644.135060	13862.633020	83316.862840
29820.000000	7229.651517	11918.914970	13690.432250	83037.307230
29880.000000	7311.033133	11622.598910	13952.173980	83565.614480
29940.000000	7213.604427	11694.523680	13886.254020	83374.415460
30000.000000	7286.759055	11722.161500	13798.817300	83188.268310
30060.000000	7193.870938	11857.781400	13837.770190	83401.215910
30120.000000	7319.009658	11621.561510	13927.752330	83421.412390
30180.000000	7310.909778	11797.335050	13846.753980	83721.874810
30240.000000	7266.915679	11781.642830	13871.495910	83531.652480
30300.000000	7208.599944	11730.814300	13661.009130	83231.153850
30360.000000	7232.414242	11781.429900	13824.089280	83688.738260
30420.000000	7366.572988	11854.171740	13838.920470	83607.707420
30480.000000	7250.784713	11934.924750	14041.577490	83837.166580
30540.000000	7186.932238	11830.330720	13886.149690	83677.412290
30600.000000	7235.726029	11693.643120	13944.888700	83472.719880
30660.000000	7288.928579	11838.415290	13896.891760	83589.572600
30720.000000	7302.207292	11846.576020	13925.935330	83173.746270
30780.000000	7344.169018	11900.213350	13981.528090	83248.659720
30840.000000	7222.178316	11699.294710	13895.186100	83262.535040
30900.000000	7304.615238	11866.983890	13958.414180	83241.603240
30960.000000	7317.166789	11761.628620	14104.146570	83553.178490
31020.000000	7410.461024	11770.493150	13910.916170	83263.906620
31080.000000	7307.388597	11797.088210	13978.062950	83890.164450
31140.000000	7204.558984	11903.892600	13912.140500	83516.379580
31200.000000	7312.887273	11815.858910	13872.611700	83538.241040
31260.000000	7392.692165	11809.881980	14167.888360	83215.087750
31320.000000	7233.573769	11942.761640	13965.332620	83611.971360
31380.000000	7158.072663	11861.074060	14077.371510	83772.019290
31440.000000	7376.391240	11877.766270	14187.421110	83339.228470
31500.000000	7178.858619	11901.827460	14097.745240	83263.553480
31560.000000	7175.182267	11965.429060	14009.002810	83984.495780
31620.000000	7202.947879	11975.204410	13945.168420	83553.746810
31680.000000	7348.282162	11821.703430	14073.641320	83456.906730
31740.000000	7218.478632	12056.659450	14036.750030	83695.116660
31800.000000	7306.201632	11959.684310	13962.429610	83545.424880
31860.000000	7364.874759	11941.285790	13974.755460	83493.791660
31920.000000	7291.288784	11971.848100	13976.746010	83806.032190
31980.000000	7250.481162	11960.394050	14015.906520	83185.834940
32040.000000	7300.074687	11929.951410	14006.069890	83492.082020
32100.000000	7333.779644	11965.865460	14216.219300	83370.470750
32160.000000	7244.453954	12052.940490	13980.801660	83547.791410
32220.000000	7286.718327	12066.255120	13948.939240	83537.080410
32280.000000	7277.137659	11895.793610	14062.464190	83672.121710
32340.000000	7256.119095	12020.220350	14086.035390	83683.132000
32400.000000	7187.229818	12037.737400	14282.663650	83495.617390
32460.000000	7289.240529	12047.803710	14076.501180	83418.842150
32520.000000	7172.423620	11988.328340	13992.597580	83809.217250
32580.000000	7341.860594	12000.794750	14187.792880	83514.240670
32640.000000	7248.893011	11900.753220	14178.776370	83359.569280
32700.000000	7341.070124	11987.726050	14275.593170	83320.047040
32760.000000	7237.573587	12013.105890	14141.645760	83551.219130
32820.000000	7318.296725	11957.977600	14219.704790	83252.814860
32880.000000	7207.199587	11969.360840	14245.894670	83977.433810
32940.000000	7386.711160	12097.542170	14138.148650	83518.831470
33000.000000	7253.209477	12059.182710	14045.322680	83742.701050
33060.000000	7331.419711	12049.205260	14282.251450	83798.601680
33120.000000	7153.335209	12086.212070	14096.796180	83917.107370
33180.000000	7223.868608	12011.096560	14116.562770	83652.900200
33240.000000	7351.650993	12065.852900	14205.588320	83924.658890
33300.000000	7367.168746	11981.453660	14125.680740	83864.895900
33360.000000	7285.141657	12188.975670	14368.188650	83942.158050
33420.000000	7344.283403	11999.818180	14041.167070	83858.507020
33480.000000	7167.654636	12160.773720	14230.885170	83466.845060
33540.000000	7284.553029	12027.800670	14224.567940	83571.329260
33600.000000	7175.977089	12186.478040	14246.002860	83640.757310
33660.000000	7331.057371	12235.682760	14228.447160	83508.905350
33720.000000	7339.467558	12129.885800	14179.562790	83586.928660
33780.000000	7308.398192	12006.537770	14267.815320	83014.400580
33840.000000	7236.232973	12251.833050	14235.216020	83049.070830
33900.000000	7292.593970	12098.535860	14337.390340	83294.288820
33960.000000	7254.328700	12096.461670	14240.717080	83278.226270
34020.000000	7154.844605	11999.840450	14301.864640	84096.700750
34080.000000	7225.386737	11956.592220	14125.013790	83843.297910
34140.000000	7169.008145	12039.702700	14160.777130	83555.317190
34200.000000	7246.915415	12023.981150	14315.295010	83313.611690
34260.000000	7150.918376	11965.754030	14321.523290	83840.822860
34320.000000	7271.499684	12051.355130	14302.755900	83509.331010
34380.000000	7297.210241	12279.682610	14197.552570	83836.875760
34440.000000	7109.912829	12051.498020	14242.240950	83423.996600
34500.000000	7238.010386	12117.442650	14381.888550	83891.436930
34560.000000	7193.196220	12134.433900	14526.555060	83710.676530
34620.000000	7113.138294	12049.789440	14305.991880	83757.717120
34680.000000	7256.001158	12187.642210	14260.573660	83654.428380
34740.000000	7158.170518	12076.319710	14331.759970	83588.813700
34800.000000	7210.616169	12068.302780	14337.486280	84148.223550
34860.000000	7204.653038	12078.856020	14329.621390	83553.283640
34920.000000	7303.113596	12104.816790	14366.330140	83756.058010
34980.000000	7275.169946	12201.580520	14339.137430	83722.697740
35040.000000	7186.849606	12151.324260	14330.608310	83963.389240
35100.000000	7096.620221	12199.763160	14422.195460	83458.814000
35160.000000	7207.290945	12445.441190	14467.969280	83776.167000
35220.000000	7205.515548	12215.909620	14495.981010	83327.730070
35280.000000	7116.225880	12327.850620	14378.007390	83761.324500
35340.000000	7306.947707	12346.871780	14404.906660	83687.219340
35400.000000	7313.930539	12216.639230	14403.162720	83699.013280
35460.000000	7203.689208	12118.632660	14326.361740	83690.330260
35520.000000	7234.618017	12188.161270	14363.342520	83984.952750
35580.000000	7260.188106	12220.470070	14430.380110	83536.484430
35640.000000	7154.457002	12264.985290	14368.347810	83477.637700
35700.000000	7255.244590	12412.975420	14321.198170	83419.147280
35760.000000	7298.577573	12258.541900	14371.304340	83561.824360
35820.000000	7178.748193	12270.307600	14377.046360	83698.363910
35880.000000	7317.443793	12386.224710	14482.826200	83443.084320
35940.000000	7131.674499	12190.358910	14540.261120	83697.653830
36000.000000	7280.341475	12089.637890	14222.957340	83957.814770
36060.000000	7183.138065	12180.592810	14426.342250	83832.213750
36120.000000	7187.026062	12296.725030	14356.161800	84037.748590
36180.000000	7305.851060	12274.544250	14567.583910	83861.123120
36240.000000	7186.417114	12087.764410	14510.581670	83656.676450
36300.000000	7286.364778	12267.964340	14243.017110	83473.098050
36360.000000	7156.937788	12184.851600	14535.188740	83723.986450
36420.000000	7208.525652	12247.092370	14403.970010	83672.652810
36480.000000	7323.037584	12261.211470	14624.717330	83764.062740
36540.000000	7239.029251	12310.206860	14368.779240	83898.939680
36600.000000	7164.736765	12160.798160	14487.083140	83557.325230
36660.000000	7190.866450	12256.835410	14604.651730	83654.909860
36720.000000	7180.430685	12265.976530	14441.924010	83911.392420
36780.000000	7238.977768	12256.324880	14535.786200	83727.749220
36840.000000	7312.235427	12365.626560	14393.748480	83685.272170
36900.000000	7198.733430	12274.208520	14533.325060	84100.486420
36960.000000	7190.307541	12324.362890	14411.927160	83816.395800
37020.000000	7192.341699	12351.935820	14583.722180	83778.454140
37080.000000	7271.923263	12261.357090	14517.759260	83533.092630
37140.000000	7228.087090	12293.445590	14517.433750	83840.375210
37200.000000	7142.423825	12362.820580	14482.521190	83618.114350
37260.000000	7086.689700	12198.626400	14603.307460	83798.966810
37320.000000	7149.711189	12215.237360	14443.212120	83571.659900
37380.000000	7106.354667	12465.507240	14509.146590	83766.580440
37440.000000	7244.089255	12603.045010	14284.585840	83834.790510
37500.000000	7186.895288	12400.681250	14607.226020	83912.223810
37560.000000	7140.391350	12371.915640	14563.417750	83512.864440
37620.000000	7215.682655	12317.899660	14520.948540	84050.319110
37680.000000	7255.061756	12330.336060	14653.430290	83421.404120
37740.000000	7246.618039	12457.931830	14469.502040	83930.586140
37800.000000	7157.714744	12424.761770	14619.883040	83488.027770
37860.000000	7274.328130	12327.279100	14720.226510	83761.810450
37920.000000	7304.916713	12374.457970	14593.075780	83288.542560
37980.000000	7245.356080	12374.740470	14369.817170	83927.024970
38040.000000	7223.006241	12405.119420	14661.469280	83489.607640
38100.000000	7281.653251	12304.818570	14428.406070	83653.661240
38160.000000	7262.651927	12315.394880	14648.010180	83730.806010
38220.000000	7219.844184	12476.728290	14491.430870	83505.841230
38280.000000	7127.957311	12362.473710	14508.343320	83550.348450
38340.000000	7214.268198	12390.403380	14622.426730	83257.710460
38400.000000	7195.601713	12382.642350	14527.326520	83812.933680
38460.000000	7192.435155	12493.658340	14585.198180	83624.919980
38520.000000	7154.463221	12341.029180	14513.829230	84098.717950
38580.000000	7061.787219	12563.266080	14655.464770	83962.647180
38640.000000	7267.140679	12395.486620	14623.617520	83522.096420
38700.000000	7242.176381	12417.603860	14586.176090	83670.310330
38760.000000	7233.405786	12488.201110	14562.662640	83455.244770
38820.000000	7167.877040	12595.763050	14541.265660	83616.753790
38880.000000	7118.873628	12433.873200	14459.232380	83668.326460
38940.000000	7239.435442	12444.575670	14640.860280	83864.154600
39000.000000	7218.036259	12514.360350	14623.425920	83676.239010
39060.000000	7115.427096	12520.115820	14647.660190	83855.676100
39120.000000	7110.385606	12395.827460	14820.014710	83893.948760
39180.000000	7031.466803	12418.609160	14527.970000	83668.496320
39240.000000	7205.713919	12437.143160	14790.748100	83958.614190
39300.000000	7213.045710	12385.921940	14761.518000	83461.287130
39360.000000	7180.872573	12436.837530	14747.242130	83492.410400
39420.000000	7316.552487	12471.338370	14585.994240	83425.914710
39480.000000	7195.403584	12627.068790	14719.810310	84051.179370
39540.000000	7122.097560	12474.675360	14683.438090	83495.781700
39600.000000	7202.823462	12575.896140	14806.234710	83538.065030
39660.000000	7155.408246	12455.152310	14635.206020	84033.664930
39720.000000	7149.876525	12339.785690	14624.347510	83851.637970
39780.000000	7186.449057	12549.753380	14704.980760	83737.776650
39840.000000	7170.787628	12432.447960	14725.751900	83757.510500
39900.000000	7093.873042	12405.130830	14941.246390	84048.257060
39960.000000	7193.197469	12494.268900	14747.545900	83342.341520
40020.000000	7221.202829	12490.067660	14725.114220	83745.804690
40080.000000	7199.719725	12668.893730	14706.180830	83895.516460
40140.000000	7204.308728	12657.892820	14705.757310	83734.705690
40200.000000	7217.584125	12547.139890	14665.042130	83903.508870
40260.000000	7252.361522	12370.274710	14677.014940	83787.167710
40320.000000	7173.821506	12544.571470	14715.215880	83821.637030
40380.000000	7316.407807	12537.152040	14684.788640	83984.288350
40440.000000	7296.739096	12519.112290	14976.594790	83660.972920
40500.000000	7184.062074	12528.219420	14752.763640	83710.439330
40560.000000	7112.105591	12588.480180	14982.519610	83640.706100
40620.000000	7166.499049	12644.044130	14764.074400	83876.102270
40680.000000	7208.610216	12600.522360	14857.045490	83703.265220
40740.000000	7303.369456	12720.384310	14685.359270	83561.391060
40800.000000	7203.158042	12749.212740	14762.391800	83926.444190
40860.000000	7179.676516	12596.278790	14898.122780	83793.007160
40920.000000	7099.241320	12579.048990	14747.659820	83796.037140
40980.000000	7242.385102	12560.240680	14705.145600	83835.148130
41040.000000	7239.993640	12645.231070	14932.163250	84043.541230
41100.000000	7154.855675	12631.788770	14834.554160	83860.064090
41160.000000	7232.613854	12574.744990	14709.221790	83329.425650
41220.000000	7349.031630	12489.769640	14916.196660	83888.760660
41280.000000	7211.745519	12802.790990	14845.413940	83670.394130
41340.000000	7087.930521	12618.675870	14892.954070	83719.710430
41400.000000	7177.771158	12530.070840	14876.197560	83545.988810
41460.000000	7155.731744	12562.182450	14974.434240	83673.458750
41520.000000	7252.180482	12636.307790	14790.919360	84031.917930
41580.000000	7297.211582	12637.966760	14788.133510	83795.317260
41640.000000	7290.932810	12622.394920	14804.174400	84040.464100
41700.000000	7254.547922	12512.241520	14771.543020	83812.745320
41760.000000	7122.191128	12569.398090	14923.336110	83806.520650
41820.000000	7147.347839	12753.709450	14910.458200	83955.100220
41880.000000	7284.902530	12633.289110	14901.180670	84228.261670
41940.000000	7168.880509	12744.198620	14891.120770	83977.515130
42000.000000	7160.520853	12750.986310	14962.328450	83763.876690
42060.000000	7206.277739	12641.440150	14955.119920	83752.433120
42120.000000	7143.943713	12640.021420	14975.873180	83536.173590
42180.000000	7140.032275	12599.557690	14911.171280	83547.301530
42240.000000	7084.634288	12699.821750	14979.945300	84083.185440
42300.000000	7220.491029	12605.956260	14927.853840	83531.697430
42360.000000	7112.721483	12756.686820	14960.173550	83707.325980
42420.000000	7197.926845	12767.161190	14830.018710	83887.491120
42480.000000	7152.075027	12647.628530	14884.420650	83853.357100
42540.000000	7210.630519	12551.238770	14890.842450	83576.111310
42600.000000	7035.111732	12674.096490	14919.741250	84174.403850
42660.000000	7167.349996	12653.470610	14712.011870	83567.679600
42720.000000	7090.867806	12806.249560	14885.862230	83714.501240
42780.000000	7133.087878	12828.497820	14932.310400	83505.709200
42840.000000	7160.096006	12579.126500	15014.329580	83970.683850
42900.000000	7128.282537	12698.545370	15023.012950	84008.668580
42960.000000	7187.778213	12606.170880	14945.580060	83912.733480
43020.000000	7022.996324	12642.452750	14950.333210	83751.624630
43080.000000	7140.239595	12620.970260	14983.127640	83864.914160
43140.000000	7080.776844	12688.861860	14809.562770	83738.778900
43200.000000	7216.936400	12756.637990	14965.704280	83852.343370
43260.000000	6989.323041	12459.218570	14990.837050	83586.770490
43320.000000	7148.135188	12578.965520	14908.801940	83693.974400
43380.000000	7168.142341	12722.346400	14632.289230	83689.514090
43440.000000	7150.022260	12712.560710	14992.465050	84084.027570
43500.000000	7134.744572	12790.406940	14876.163700	83779.464230
43560.000000	7094.812841	12726.997610	14981.703570	83591.421890
43620.000000	7195.240854	12625.218280	14905.862310	83670.210210
43680.000000	7193.398058	12677.660760	14954.281950	84329.639970
43740.000000	7179.351615	12724.202970	14943.572720	83979.420210
43800.000000	6956.437217	12751.478580	14999.135090	84029.350550
43860.000000	7183.744708	12684.853950	15010.371040	84364.172880
43920.000000	7153.277979	12652.573770	15004.014000	83854.833910
43980.000000	7184.473366	12771.999790	14985.526180	84121.236580
44040.000000	7040.738126	12708.651260	15088.047520	83526.497400
44100.000000	7161.009988	12866.520050	14998.944630	83617.023490
44160.000000	7131.234231	12676.619440	14887.665540	84066.772980
44220.000000	7134.776421	12690.141440	14991.579800	83791.239840
44280.000000	7090.702672	12722.856020	14833.846510	83657.656420
44340.000000	7158.640803	12751.651990	14888.577690	83938.468720
44400.000000	7131.681369	12908.072540	14850.783080	83842.578980
44460.000000	7105.773288	12875.455530	15013.219910	83752.134070
44520.000000	7221.595184	12666.736770	15151.137210	83921.284730
44580.000000	7066.910751	12667.549620	14978.739030	83711.684720
44640.000000	7159.634751	12828.104800	14939.615100	83796.143280
44700.000000	7075.070389	12915.190020	15073.851840	83762.844120
44760.000000	7236.396818	12733.025140	15104.052440	83735.662470
44820.000000	7125.407166	12824.449080	14988.530340	83984.574640
44880.000000	7153.395670	12821.280200	15012.338330	83722.422410
44940.000000	7237.188348	12937.662780	15107.497560	83856.260970
45000.000000	7113.134419	12704.218020	15076.725500	83905.654340
45060.000000	7064.256546	12759.136010	15059.795620	84127.924250
45120.000000	7178.950328	12771.308820	15074.204490	83707.974150
45180.000000	6986.018517	12834.199830	15083.254300	83667.435850
45240.000000	7124.302723	12818.568640	14960.580250	83831.278220
45300.000000	7328.854851	12849.223350	14922.319070	83917.391120
45360.000000	7192.080353	12932.771410	14991.626330	83933.218340
45420.000000	7056.944520	12765.235860	15093.667690	84466.547850
45480.000000	7115.821133	12880.327610	15017.356270	83974.524850
45540.000000	7143.353537	12767.751070	14943.989530	84052.308710
45600.000000	7069.480462	12749.438330	15018.265650	83862.064920
45660.000000	7182.122224	12915.753390	15039.147650	83585.554720
45720.000000	7122.963198	12813.114550	15079.301040	84001.033370
45780.000000	7128.231241	12925.253480	14978.534130	83779.994660
45840.000000	7071.106526	12807.914390	15138.301730	84049.220330
45900.000000	7064.505466	12769.529430	15091.375760	83940.124090
45960.000000	7138.988330	12871.561700	15233.773710	83883.873270
46020.000000	7217.315507	12886.574820	15151.715780	83825.654570
46080.000000	7101.240058	12927.131550	15192.982310	84457.457220
46140.000000	7106.700341	12830.102540	15105.495060	84004.377140
46200.000000	7103.933004	12997.902380	14994.954230	83859.316600
46260.000000	7096.967472	12974.969860	15279.119180	83819.128110
46320.000000	7156.135234	12813.447820	15060.283460	83870.721220
46380.000000	7143.197071	12965.241060	15145.361410	84052.648180
46440.000000	7175.489499	12878.119370	15146.140630	83878.684930
46500.000000	7096.913818	12977.184450	15252.123220	83706.792690
46560.000000	7148.172634	12806.716930	15125.361080	83764.616310
46620.000000	7132.719428	12940.352400	15201.862070	83733.351780
46680.000000	7136.546426	12803.963610	14984.660500	84101.570270
46740.000000	7081.234398	12898.194710	15148.815080	84224.969340
46800.000000	7036.553124	12780.829980	15181.869850	83975.076460
46860.000000	7094.995206	12912.789470	15179.657050	83495.669950
46920.000000	7132.775256	12849.163590	15264.009450	84028.652040
46980.000000	7139.197348	12957.824470	15182.615660	83945.310670
47040.000000	7128.906849	12934.651300	15138.135960	83743.625880
47100.000000	7116.658558	12883.069800	15088.990110	84181.203090
47160.000000	7204.650351	13032.931700	15247.006500	83753.986250
47220.000000	7275.171472	12768.735230	15037.509170	83450.839090
47280.000000	7108.030645	12900.513530	15377.942470	84358.532840
47340.000000	7134.091189	12958.297660	15098.348730	83652.955240
47400.000000	7126.456628	13028.356640	15094.198690	84168.371570
47460.000000	7071.447253	12840.483050	15249.876150	83942.995960
47520.000000	7104.790707	12887.742930	15141.765340	83537.970130
47580.000000	7086.578871	12862.016520	15174.249630	84143.018220
47640.000000	7241.087413	12965.774310	15200.166520	84048.137330
47700.000000	7175.806311	13030.921490	15170.434470	83926.024590
47760.000000	7068.455546	13125.708740	15135.034370	84126.361550
47820.000000	7080.922262	12852.839820	15146.057170	84250.646840
47880.000000	7154.566939	12959.809880	15027.659440	84008.589160
47940.000000	7005.513783	12923.829760	15289.532870	84268.025640
48000.000000	7100.737932	12934.220250	15138.154510	83814.763090
48060.000000	7081.884884	13007.561440	15239.104090	83830.114880
48120.000000	7113.492518	13106.894230	15066.002360	84101.529290
48180.000000	7164.558497	12970.888550	15251.023190	83937.568550
48240.000000	7081.147428	13043.992320	15192.529700	83639.779680
48300.000000	7163.919740	13099.463670	15216.088650	84137.549450
48360.000000	7095.175961	13054.166110	15248.891940	84094.765630
48420.000000	7098.587150	12887.489890	15149.484990	84260.565810
48480.000000	7165.984001	13084.049340	15169.685580	84004.006070
48540.000000	7042.403092	12893.764940	15334.087800	83942.192190
48600.000000	7087.902962	12887.601030	15124.223430	83924.484240
48660.000000	7160.010275	12996.326450	15278.161330	83840.413930
48720.000000	7054.590241	13075.688330	15209.514010	83972.665770
48780.000000	7117.972610	13053.529410	15241.231900	83744.347470
48840.000000	7068.334306	13122.746640	15194.507230	84114.789800
48900.000000	7143.924083	12927.675950	15186.323460	83919.896060
48960.000000	7115.717567	12941.080500	15261.415760	83745.731750
49020.000000	7039.527624	13030.705190	15229.145920	84131.905170
49080.000000	7110.751787	13108.972880	15276.913280	83732.845450
49140.000000	7091.283741	13028.562380	15156.735230	84015.912550
49200.000000	7190.267581	13094.480660	15270.131350	84062.948150
49260.000000	6936.808851	13079.811070	15177.164920	84075.709670
49320.000000	7111.546793	12977.861660	15271.204550	84189.739340
49380.000000	7130.902491	13083.962420	15326.840530	84305.779250
49440.000000	7089.804823	13079.612720	15237.165030	83996.201600
49500.000000	7153.028804	13067.775230	15319.147740	84000.920730
49560.000000	7146.202989	13095.956090	15348.153190	84164.892910
49620.000000	6928.435856	13198.344210	15219.578050	84334.005880
49680.000000	7055.409108	13003.346400	15343.015590	83991.300070
49740.000000	7149.246286	13023.571800	15288.539490	83828.146680
49800.000000	7100.443807	13108.335410	15329.930030	84131.423350
49860.000000	7052.939935	12973.601190	15257.557280	83676.275960
49920.000000	7031.371094	13145.162500	15197.858420	83774.723090
49980.000000	7224.656709	12868.518430	15251.072480	84023.676970
50040.000000	7017.494476	13082.481760	15318.533340	84052.452460
50100.000000	7044.538907	13209.338420	15172.472080	84326.666210
50160.000000	7114.497057	13147.924270	15307.748800	84019.004260
50220.000000	7134.821662	13259.169080	15351.781190	83834.274100
50280.000000	7066.255843	13055.455070	15238.199070	83976.241160
50340.000000	7124.879631	13141.573670	15413.282800	83784.599780
50400.000000	7019.907073	13161.840000	15218.541890	83561.132910
50460.000000	7192.647265	13146.250920	15276.284830	84124.699110
50520.000000	7096.762644	13124.079590	15273.352430	84214.245180
50580.000000	7108.740849	12976.796460	15319.615920	84341.300620
50640.000000	7135.448126	13282.038220	15251.902480	83966.331740
50700.000000	7045.333532	13074.322510	15235.438770	83963.662840
50760.000000	7078.446693	13234.873350	15101.359800	84094.399990
50820.000000	7080.655077	12949.044950	15407.443910	83864.048330
50880.000000	7000.012723	13147.858210	15306.225950	84067.964920
50940.000000	7142.148877	13022.120670	15539.395930	84460.807060
51000.000000	7161.924053	13279.389200	15398.232590	83728.690760
51060.000000	7086.674943	13031.494810	15363.492310	84154.430590
51120.000000	7211.719586	13214.138870	15539.549530	84327.252600
51180.000000	7024.536162	13139.699620	15329.900530	84094.481520
51240.000000	7036.662087	13094.986250	15274.982540	83961.364710
51300.000000	7083.281218	13114.780390	15562.597400	83768.067850
51360.000000	7024.543677	13152.256040	15413.607950	84142.362870
51420.000000	7115.106327	13166.223040	15376.393510	84324.881160
51480.000000	7119.861930	13124.614040	15442.898410	84295.391930
51540.000000	7060.676852	13048.101520	15261.574690	83989.412320
51600.000000	7122.133228	13105.391880	15516.165600	84289.001360
51660.000000	7133.091769	13199.257010	15552.851290	84170.824620
51720.000000	7046.385954	13151.065260	15374.529400	83666.402480
51780.000000	6977.011737	13111.965420	15458.108540	84072.649130
51840.000000	7156.814298	13143.878950	15377.530370	84202.984640
51900.000000	7041.673472	13261.648910	15320.202580	84192.151590
51960.000000	7152.377600	13203.432370	15340.967610	84182.421040
52020.000000	7089.204215	13234.723690	15472.369790	84177.818630
52080.000000	7169.938812	13230.070270	15464.463910	83864.227210
52140.000000	7121.405629	13147.387270	15548.481880	84673.672000
52200.000000	7111.984246	13149.770730	15378.989800	84091.605380
52260.000000	7072.055213	13216.056020	15442.108920	84472.738980
52320.000000	7162.398466	13176.873240	15449.794410	83878.883220
52380.000000	7083.300501	13079.775880	15488.173580	83807.771790
52440.000000	6986.855971	13236.117950	15440.435090	84083.362090
52500.000000	7058.414726	13253.341380	15472.174410	83974.412670
52560.000000	7091.270758	13269.804100	15346.513180	84336.055360
52620.000000	6957.358612	13155.740430	15464.060320	83912.789490
52680.000000	7011.564326	13145.415210	15433.297940	84307.144400
52740.000000	7106.893753	13048.466610	15423.563980	84133.972250
52800.000000	7070.709927	13249.392050	15407.901940	84138.215340
52860.000000	7227.443382	13314.782460	15486.669400	83516.452430
52920.000000	6957.902445	13220.445740	15693.331600	84489.664180
52980.000000	7045.967937	13298.558500	15563.127360	84517.045450
53040.000000	7140.460558	13216.162000	15444.277610	84220.695520
53100.000000	7153.862034	13245.988780	15530.550820	84229.354650
53160.000000	7065.990646	13386.279590	15557.125530	84446.976070
53220.000000	7164.717110	13393.077570	15521.547050	84118.308680
53280.000000	7101.170070	13207.710050	15702.106420	84453.905630
53340.000000	7031.445775	13326.704560	15454.436530	84008.573020
53400.000000	7044.327628	13323.085170	15502.811680	84341.046160
53460.000000	7116.149245	13165.966710	15547.690170	84270.936160
53520.000000	7037.476324	13274.217510	15636.702180	84661.994330
53580.000000	7154.975081	13262.426090	15491.228110	84472.670750
53640.000000	7105.322496	13305.826440	15460.484910	84475.952370
53700.000000	6978.936139	13195.380560	15580.777120	84399.020050
53760.000000	7149.507149	13266.577260	15527.070910	84313.315690
53820.000000	7077.490089	13329.519340	15456.037810	84362.488410
53880.000000	7103.469359	13286.079430	15574.717820	84000.102620
53940.000000	6994.644623	13237.149110	15597.754500	84182.781060
54000.000000	6891.105062	13290.791610	15394.502180	83962.708720
54060.000000	7134.109144	13262.017640	15482.376410	84225.214750
54120.000000	7011.951375	13285.855460	15463.569260	84160.293430
54180.000000	7098.269022	13203.321740	15347.568230	84259.539920
54240.000000	7143.333565	13203.673290	15541.475830	84260.170310
54300.000000	7094.298456	13150.967520	15653.158520	84171.765610
54360.000000	7126.973507	13210.589370	15643.277650	84083.347290
54420.000000	6987.795955	13231.262090	15579.568150	84099.958100
54480.000000	6980.809304	13250.287880	15452.159030	84058.964820
54540.000000	7122.081575	13286.224750	15655.684020	84210.374190
54600.000000	7124.760220	13202.772580	15595.535420	83998.064540
54660.000000	7063.947486	13271.130690	15571.731230	84382.956680
54720.000000	7018.168731	13369.884120	15402.745250	83378.299030
54780.000000	7152.116830	13262.055040	15608.888010	83738.643730
54840.000000	7090.291762	13502.394630	15573.868300	84444.176880
54900.000000	7053.851754	13250.056580	15575.777800	83988.434870
54960.000000	7107.902993	13406.261390	15478.758320	83981.311190
55020.000000	6985.974852	13310.448220	15581.215030	84340.117740
55080.000000	7030.678898	13308.660970	15578.865270	84271.887340
55140.000000	7185.899261	13334.329980	15681.749440	84717.289070
55200.000000	7066.736392	13253.474700	15602.309760	84450.801880
55260.000000	7059.355853	13422.714810	15609.678130	84547.414700
55320.000000	7128.358820	13290.545590	15461.297190	84396.592120
55380.000000	7116.020731	13443.595010	15645.926670	83985.203030
55440.000000	7005.402906	13313.160030	15694.203280	84082.516150
55500.000000	7015.726882	13271.309540	15594.666500	84357.779520
55560.000000	7092.571287	13360.184640	15672.812490	84381.992790
55620.000000	6977.187866	13214.564290	15647.561940	84440.852630
55680.000000	7139.963917	13454.554070	15452.522220	83978.911530
55740.000000	6988.685008	13340.840480	15636.888070	84471.572440
55800.000000	7029.205993	13472.574090	15486.036680	84085.500530
55860.000000	7023.381366	13323.119700	15571.989760	83756.400640
55920.000000	7075.938832	13289.738060	15468.212450	83811.662070
55980.000000	6934.504254	13287.783730	15593.183090	84278.825600
56040.000000	7132.142796	13356.095130	15606.918910	84522.302220
56100.000000	7035.411681	13527.706240	15624.403870	84200.851620
56160.000000	6991.205063	13377.148290	15699.730840	83963.184040
56220.000000	6998.329891	13529.091800	15828.239360	84370.846220
56280.000000	7046.972209	13422.618870	15675.848770	84283.696330
56340.000000	7053.022385	13369.204240	15613.428240	84093.195250
56400.000000	7031.051054	13345.575160	15719.465140	83779.545000
56460.000000	7107.382438	13383.240790	15468.849870	84231.192030
56520.000000	7110.828701	13546.347350	15493.003840	84255.388440
56580.000000	7124.133177	13435.505020	15703.981890	84202.712580
56640.000000	7018.367516	13433.441460	15543.084040	84016.930130
56700.000000	7138.133928	13368.731200	15638.703910	83902.766780
56760.000000	7074.390148	13409.672900	15541.067040	84173.661320
56820.000000	7007.187217	13345.863700	15723.315830	83881.173880
56880.000000	7065.184488	13194.932570	15702.677960	83942.657900
56940.000000	6974.378664	13420.288110	15714.283050	84325.941830
57000.000000	7121.241418	13436.591370	15499.891900	84415.185060
57060.000000	7051.368396	13380.369340	15538.105220	84007.837940
57120.000000	7029.729627	13447.579130	15749.715930	84486.359190
57180.000000	7028.071262	13466.919250	15670.514190	84008.934770
57240.000000	7197.377279	13404.128120	15751.516180	83846.159230
57300.000000	7143.796660	13472.642030	15513.840330	84322.703130
57360.000000	7054.080818	13376.617530	15645.370360	83819.847920
57420.000000	7061.025928	13376.954690	15669.127300	83921.432300
57480.000000	7114.427067	13404.333970	15657.035650	84069.944260
57540.000000	7120.527798	13426.918730	15695.394610	84349.133420
57600.000000	7100.357411	13494.987330	15710.326390	83937.035220
57660.000000	7041.168162	13459.745750	15675.378510	84227.796910
57720.000000	6981.619445	13402.297850	15641.650680	84069.328120
57780.000000	7022.994310	13607.146740	15854.054700	84092.834880
57840.000000	7019.955224	13303.718510	15626.628310	84349.373040
57900.000000	7108.673744	13462.062680	15612.025440	84395.532010
57960.000000	7032.007304	13351.052800	15651.464570	84130.085690
58020.000000	6952.625973	13507.924920	15786.180760	84061.063070
58080.000000	7002.497703	13388.757380	15651.726550	84791.555760
58140.000000	7155.362180	13532.651900	15481.034650	84223.716410
58200.000000	7067.304495	13611.653250	15669.965950	84305.734770
58260.000000	7074.491784	13392.264190	15594.896660	84153.415160
58320.000000	7071.091036	13531.002710	15697.534760	83902.151140
58380.000000	6934.500301	13434.919350	15552.466530	84209.790940
58440.000000	7058.025461	13355.657700	15811.936340	84297.928180
58500.000000	6954.121223	13513.068870	15748.519410	84180.412480
58560.000000	7020.156158	13414.908320	15556.047760	84160.557300
58620.000000	6965.160115	13445.387640	15669.502960	84166.645530
58680.000000	7082.351173	13472.050490	15748.895220	84269.992090
58740.000000	6978.670639	13595.072760	15722.205600	84129.731780
58800.000000	7040.904772	13444.467410	15714.317770	83819.973690
58860.000000	7010.511313	13626.411180	15664.693920	84167.603200
58920.000000	7089.056686	13448.708580	15646.931610	84277.342240
58980.000000	6981.004337	13333.464570	15764.119480	84000.869660
59040.000000	7110.033219	13514.707390	15774.124010	83950.456360
59100.000000	7033.972892	13468.859100	15863.894770	84198.377670
59160.000000	7038.723041	13590.134340	15653.348810	84076.133470
59220.000000	7078.329767	13389.378330	15825.077730	84383.904940
59280.000000	6915.570402	13369.516010	15755.151660	84490.371260
59340.000000	7071.797391	13507.635890	15912.225190	84310.630740
59400.000000	6922.946878	13602.298640	15786.370570	84078.024450
59460.000000	7001.728346	13499.062410	15780.999910	84420.079620
59520.000000	7046.025349	13490.598030	15679.243710	84414.852230
59580.000000	7096.876257	13443.549610	15741.556150	84155.755920
59640.000000	7049.424076	13531.413470	15634.014290	84218.802980
59700.000000	7024.327931	13553.505040	15820.028000	84142.024430
59760.000000	7063.703453	13652.190190	15862.068970	84021.658850
59820.000000	7024.291460	13403.561940	15819.993860	84365.140080
59880.000000	7108.210543	13613.820100	15937.971650	84219.937330
59940.000000	7006.824127	13755.170500	15776.280080	84354.738720
60000.000000	6995.021171	13501.082310	15778.317740	84179.631470
60060.000000	6886.898307	13490.252180	15810.328730	84393.469110
60120.000000	7022.649478	13522.944360	15768.558180	84333.340540
60180.000000	7035.798945	13612.088360	15783.356770	84378.986460
60240.000000	7012.938962	13504.390190	15614.826780	84365.315280
60300.000000	7119.398988	13560.740520	15789.350090	84378.982180
60360.000000	6937.803977	13427.526360	15726.646460	84254.187770
60420.000000	7039.387103	13580.594330	15799.663330	84360.950290
60480.000000	6964.161958	13557.369500	15827.511880	84418.174500
60540.000000	7094.142791	13770.567290	15764.711520	84374.876530
60600.000000	7033.636989	13545.895900	15750.439780	84449.770730
60660.000000	6922.267213	13524.347290	15769.788040	84335.740300
60720.000000	7095.407794	13498.581510	15839.963880	84304.900700
60780.000000	6966.893271	13516.100930	15841.145070	84086.489010
60840.000000	6987.159507	13553.319730	15860.942380	84256.502460
60900.000000	7060.837949	13497.418500	15708.636380	84440.253130
60960.000000	6860.839846	13554.314580	15751.292810	84148.583520
61020.000000	6995.841247	13547.070390	15779.771920	84012.175490
61080.000000	6958.566849	13548.446100	15894.018720	83457.020010
61140.000000	6940.518900	13465.370560	15758.199840	84354.943650
61200.000000	6962.716111	13760.227240	15765.927410	84233.425560
61260.000000	7081.537834	13599.735610	15799.678640	84108.063260
61320.000000	6891.874776	13719.993240	15845.658180	84146.305000
61380.000000	6986.246994	13562.119280	15738.009910	83918.796300
61440.000000	6945.253874	13683.537020	15816.963030	84570.831540
61500.000000	7014.753663	13572.773480	15725.878320	84326.511200
61560.000000	7067.487123	13638.427720	15711.151900	84160.889370
61620.000000	7020.772370	13527.411470	15930.184890	84104.673810
61680.000000	6872.677864	13658.187560	15651.289220	84145.238440
61740.000000	6941.506036	13708.647730	15823.518000	84268.051760
61800.000000	6972.947542	13696.072650	15956.173880	83787.052280
61860.000000	7007.311487	13568.219520	15944.113130	84310.310740
61920.000000	6976.737631	13600.255140	15707.656240	84073.862180
61980.000000	6988.029581	13670.244760	15782.411580	84362.445710
62040.000000	7038.380966	13827.792500	15899.538690	84425.339910
62100.000000	6926.676657	13689.506030	15811.553630	84208.273060
62160.000000	6948.166360	13703.433380	15656.611770	84100.230660
62220.000000	6981.852242	13713.809800	15840.687620	84373.290670
62280.000000	7029.421618	13606.517250	15915.202820	84103.431670
62340.000000	7033.542015	13635.772530	15777.981000	83896.022000
62400.000000	7160.092727	13701.029510	15893.707600	84220.031660
62460.000000	7001.263746	13661.410360	15904.979360	84287.571130
62520.000000	6909.987247	13728.238480	15876.427830	84852.360350
62580.000000	7040.117269	13569.296560	15878.456210	84267.240970
62971.700000	16613.339950	16346.632110	17429.226470	84192.059230
63015.700000	17035.606140	16475.840930	17534.389450	84143.544040
63059.700000	17001.536850	16669.619190	17921.537190	84524.097270
63103.700000	16977.958190	16571.690640	17714.202470	84506.962760
63147.700000	17047.453650	16615.985890	17857.715160	84382.203490
63191.700000	17196.266770	16902.249180	17752.941710	84451.513790
63235.700000	17273.402410	16757.772440	17887.135960	84250.850520
63279.700000	17191.729610	16610.057650	17815.684220	84582.296310
63323.700000	17381.188640	16734.114560	17775.439280	84343.271840
63367.700000	17201.798240	16868.647470	17949.749340	84688.881850
63411.700000	17261.311690	16848.956880	17882.896690	85095.467570
63455.700000	17201.741910	16751.522830	17955.245070	84787.647520
63499.700000	17427.295550	16881.893280	18083.910810	84344.106280
63543.700000	17198.515460	16627.852710	18010.219280	84590.393340
63587.700000	17329.269710	16656.788720	17985.968610	84761.008850
63631.700000	17344.705580	16761.372150	17935.744330	84650.182660
63675.700000	17283.541070	16737.079060	17942.094120	84058.465350
63719.700000	17364.158000	16898.058780	17915.606700	84598.041370
63763.700000	17406.606380	16736.975410	18089.777930	84554.774890
63807.700000	17495.699450	16798.657910	18067.156550	84794.185980
63851.700000	17344.880970	16788.376510	17958.229430	85024.822350
63900.000000	17378.656070	16871.197230	17909.834320	84539.651670
63960.000000	17296.562770	17017.142400	18109.439580	84324.744590
64020.000000	17431.921940	16863.248420	18179.246550	84866.877230
64080.000000	17544.122260	16821.337030	18164.876010	84839.268270
64140.000000	17348.837510	16834.840340	18056.489010	84611.416130
64200.000000	17339.595020	17106.251140	17885.621810	84424.668690
64260.000000	17506.890200	16845.028820	17933.111760	84436.145550
64320.000000	17273.754570	16892.639270	17945.071450	84654.222900
64380.000000	17367.739340	16861.037940	18057.344920	84407.229170
64440.000000	17549.748980	16964.895120	18126.834520	84671.358960
64500.000000	17447.995480	16895.257190	18097.566060	84651.278450
64560.000000	17519.528070	17134.165390	18183.920500	84689.810740
64620.000000	17413.752180	16802.765810	18334.715050	84092.449660
64680.000000	17611.006700	16857.911420	17971.694860	84378.392400
64740.000000	17343.388100	17026.738210	18116.412680	84778.330770
64800.000000	17345.975740	16923.386930	18028.400770	84347.139060
64860.000000	17327.957170	16928.924410	18111.661560	84717.229550
64920.000000	17541.731860	16939.317280	17982.546040	84527.644870
64980.000000	17327.574220	16978.152270	18058.278070	84793.809960
65040.000000	17686.637600	16750.649310	17903.175040	84677.775770
65100.000000	17531.506470	16987.458980	17983.429480	84671.138420
65160.000000	17500.941710	17061.507760	18222.122470	84417.703150
65220.000000	17391.206430	16858.571950	17959.836580	84808.590650
65280.000000	17485.494900	16942.249960	18002.411810	84684.677100
65340.000000	17515.695380	16895.185390	18110.809270	84515.017060
65400.000000	17378.553250	16905.108170	18175.076100	84571.988380
65460.000000	17274.988930	16999.301120	18108.504640	84470.507570
65520.000000	17373.361630	16885.775510	18064.919120	84659.581540
65580.000000	17535.593560	16993.225730	18051.148360	84754.681440
65640.000000	17566.072140	16825.010410	18107.623570	84571.203150
65700.000000	17461.140240	16889.504180	18065.008290	84367.082580
65760.000000	17653.723510	16940.888100	18264.652170	84270.736090
65820.000000	17548.718280	17058.093860	18156.033160	84486.701960
65880.000000	17544.007570	16896.517790	17980.071080	84686.715320
65940.000000	17587.937340	16883.959160	18178.608010	84342.280900
66000.000000	17571.272210	16994.830230	18119.092850	84755.170670
66060.000000	17639.631400	16978.137910	18440.378820	84616.873510
66120.000000	17594.383290	16985.726590	18167.966540	84323.344870
66180.000000	17661.773860	17077.212500	18092.220130	84670.759680
66240.000000	17607.499990	17079.212440	18325.379970	84559.926780
66300.000000	17382.802600	16983.635480	18171.833730	84069.034890
66360.000000	17477.351420	16963.374880	18165.863740	84639.527810
66420.000000	17683.272140	16971.669620	17903.574980	84897.261310
66480.000000	17651.003700	17090.735060	18141.995260	84877.598640
66540.000000	17653.364810	16949.358490	18261.880750	84625.324810
66600.000000	17607.124130	16944.299670	18259.964740	84653.759640
66660.000000	17621.332390	16988.600720	18138.739650	84392.658340
66720.000000	17444.287920	17029.403110	18066.987510	84736.101410
66780.000000	17553.653250	17003.841800	17940.642040	84558.710710
66840.000000	17582.133610	17002.515080	18227.025770	84601.691140
66900.000000	17557.833120	17040.493250	18162.814540	84830.246340
66960.000000	17593.965220	17070.980590	18232.775880	84668.045340
67020.000000	17585.415110	16825.229360	17896.433050	84575.186800
67080.000000	17528.253350	17029.387320	18158.595430	84351.153610
67140.000000	17718.006340	16800.099790	18213.330900	84716.011220
67200.000000	17696.672130	17000.321020	18366.970190	84251.047500
67260.000000	17669.651180	16902.479460	18333.528220	84872.737030
67320.000000	17679.614880	17005.016550	18173.962170	84628.606440
67380.000000	17451.816980	17147.547620	18366.784270	84351.145400
67440.000000	17609.783060	17026.571070	18264.198660	84470.528930
67500.000000	17656.444440	16961.389840	18205.636070	84508.930800
67560.000000	17435.179000	17055.960910	18241.545190	84626.153420
67620.000000	17597.255660	17034.992940	18255.388930	84958.470030
