0.000000	31673.849560	31316.040230	34144.789750	2352.524916
60.000000	31807.300520	31287.053100	33559.844050	2336.986341
120.000000	31813.539040	31470.598260	33641.470230	2408.971154
180.000000	31687.090350	31740.093140	33458.861540	2445.587738
240.000000	31648.766100	31437.166570	33589.045290	2386.431350
300.000000	31684.003910	31544.636620	33613.654570	2285.566875
727.100000	29084.188900	29313.127090	30331.100180	2387.083037
771.100000	28789.781160	29473.058340	31245.474260	2357.273422
815.100000	29030.201380	29739.144920	31535.537690	2396.990035
859.100000	29131.443830	29773.883070	32189.845080	2419.291751
903.100000	29213.961630	30219.640860	32388.385850	2383.744615
947.100000	29333.586990	30550.093540	32569.930990	2406.443042
991.100000	29465.996040	30734.973490	33256.866290	2437.129715
1035.100000	29722.072200	30875.239370	33717.323900	2458.526666
1079.100000	29759.041200	31534.582090	33916.181370	2466.727296
1123.100000	29907.592530	31642.808990	34610.211270	2431.972872
1167.100000	29820.566320	31790.400000	34648.032520	2326.157180
1211.100000	29687.515860	32060.381820	35448.643660	2370.920050
1255.100000	29932.529150	32225.165720	35699.274700	2358.121985
1299.100000	29974.726890	32429.089920	35985.311290	2313.896475
1343.100000	30272.012600	32640.111030	36406.379580	2376.246579
1387.100000	30107.660350	32912.246520	36596.547120	2254.912540
1431.100000	30231.064510	33311.211330	37195.535750	2337.805405
1475.100000	30071.038320	33414.755470	37384.385770	2325.631900
1519.100000	30618.061450	33789.307420	37614.674910	2368.309887
1563.100000	30566.535040	34000.959000	38087.327900	2337.318476
1607.100000	30424.281030	34468.306040	38427.442850	2266.749757
1651.100000	30655.861580	34333.933120	38900.836620	2335.526125
1695.100000	30574.731220	34697.574290	38996.577260	2322.592251
1740.000000	30883.302780	34956.907580	39418.011680	2280.023656
1800.000000	30890.993930	35193.376370	39725.445500	2317.999076
1860.000000	30672.884500	35476.090700	40464.114320	2276.543716
1920.000000	30970.302510	35691.387360	40514.254170	2254.697569
1980.000000	31015.959890	36083.371180	41064.198960	2293.773655
2040.000000	30849.408860	36503.622350	41329.974980	2326.418338
2100.000000	31430.807060	36398.023950	41757.969700	2311.643545
2160.000000	31237.613760	36983.456120	42336.059420	2312.457869
2220.000000	31203.594280	37293.413190	42626.253400	2279.791437
2280.000000	31390.311050	37376.350940	42853.489390	2267.370774
2340.000000	31515.475550	37744.825910	43048.092160	2273.569294
2400.000000	31563.110640	37968.537720	43513.027250	2306.899604
2460.000000	31670.543080	38537.117060	43750.235900	2298.980671
2520.000000	31459.986750	38508.617560	44145.137140	2199.566089
2580.000000	31685.727130	38810.333870	44565.501840	2212.930750
2640.000000	31837.010460	39324.792870	44565.071610	2210.233239
2700.000000	31913.812970	39607.064330	45278.180950	2223.560745
2760.000000	31968.024230	39665.466370	45189.772730	2165.648383
2820.000000	32072.177820	39853.179080	45455.135450	2152.690527
2880.000000	31957.483290	39915.075540	45954.172080	2230.801104
2940.000000	32377.538480	40539.250590	45879.406910	2164.040295
3000.000000	31993.186050	40265.185790	46263.769640	2222.281371
3060.000000	32260.985750	40719.010730	46462.287010	2162.741055
3120.000000	32098.171580	40905.665430	46931.886040	2202.815313
3180.000000	32272.768530	41318.009660	47110.904390	2124.207912
3240.000000	32371.422280	41039.168130	47245.931780	2132.139271
3300.000000	32381.855900	41624.398180	47643.692000	2151.400479
3360.000000	32453.607730	41651.108470	47825.365650	2180.059056
3420.000000	32491.562380	41875.908100	48025.807010	2064.564293
3480.000000	32602.904950	41863.490270	48287.848860	2136.600917
3540.000000	32632.637740	42198.600840	48523.078910	2073.743911
3600.000000	32634.851910	42300.974200	48690.008630	2095.505293
3660.000000	32685.250700	42762.975550	49074.145990	2195.473842
3720.000000	32772.919750	42882.640990	49365.174120	2129.975267
3780.000000	32789.281720	43211.585330	49386.429140	2116.261323
3840.000000	32649.648430	43006.385610	49260.630870	2062.386966
3900.000000	32867.632510	43251.936910	49760.903950	2111.312387
3960.000000	32814.615640	43451.687970	49806.606380	2098.769877
4020.000000	33015.159700	43529.385770	49986.457440	2048.273739
4080.000000	33050.868620	43639.947850	50242.247900	2085.787118
4140.000000	32968.314710	43732.020530	50264.529940	2108.243665
4200.000000	33174.399620	43987.260910	50636.342520	2078.665361
4260.000000	33138.659470	44301.488300	50627.815590	2083.527498
4320.000000	33230.438000	44315.013540	50657.180200	2058.311791
4380.000000	32868.321710	44489.009150	51009.681160	2048.102073
4440.000000	33151.388200	44738.249790	50705.466520	2067.827431
4500.000000	33307.345640	44724.553930	51311.567000	2085.115201
4560.000000	33377.830060	45005.459460	51889.675880	2068.894524
4620.000000	33373.838640	45085.195710	51807.508770	2011.053581
4680.000000	33424.673600	45168.436010	51720.477170	2047.639631
4740.000000	33394.541110	45308.871680	51715.425970	2044.879625
4800.000000	33605.086080	45709.772250	51908.432890	2000.597007
4860.000000	33281.705110	45677.757130	52562.168500	2007.815004
4920.000000	33382.021160	45781.399580	52349.541420	1959.417831
4980.000000	33644.585350	46108.172500	52853.272900	2021.399887
5040.000000	33747.048020	46299.502190	52523.693060	1994.983437
5100.000000	33664.732680	46169.529340	52629.377430	2001.353149
5160.000000	33485.688270	46301.807680	52858.761250	2001.345450
5220.000000	33625.673310	46267.058950	52973.607020	2043.767807
5280.000000	33609.705350	46518.814010	52701.752390	2065.769719
5340.000000	33731.712080	46641.130410	53134.398460	1972.337019
5400.000000	33619.304190	46924.985960	53218.589470	1985.849492
5460.000000	33841.191970	47191.369150	53582.994960	1986.586330
5520.000000	33859.646170	46788.986850	53763.016400	1998.169586
5580.000000	33927.697810	46923.935480	53429.423460	1952.069424
5640.000000	33745.034320	47171.717710	53779.219870	1991.809847
5700.000000	33815.517480	47038.521860	53767.930100	1969.345002
5760.000000	33963.478650	47300.431440	54268.933990	2012.045232
5820.000000	34202.014840	47637.628740	53897.719690	1957.589107
5880.000000	33964.461700	47628.959180	54570.701850	1986.387193
5940.000000	34071.275580	47838.148230	53995.848330	1973.608953
6000.000000	33953.219730	47942.495670	54358.377950	1995.338734
6060.000000	34149.905480	47948.276650	54298.266430	1948.423792
6120.000000	34145.903200	47917.200070	54635.298550	1964.076623
6180.000000	34447.435970	47971.740950	54694.467550	1981.840540
6240.000000	34286.776800	47901.229560	54498.824950	1923.144774
6300.000000	34281.888890	48057.446920	54541.808220	1967.928374
6360.000000	34137.144520	48097.118600	54931.858100	1995.730200
6420.000000	34330.473060	48357.711800	55010.511730	1923.529645
6480.000000	34358.413370	48562.106020	54918.308090	1940.867964
6540.000000	34153.956690	48961.579050	54903.267010	1938.637733
6600.000000	34420.655690	48814.695360	55067.164710	1942.405848
6660.000000	34297.602500	48886.144020	55562.456150	1947.901991
6720.000000	34363.778430	48971.347160	55156.951320	2013.407895
6780.000000	34506.439100	48986.640490	55706.773470	2000.651533
6840.000000	34371.794540	48886.165310	55473.206640	1928.595310
6900.000000	34524.601380	48948.890180	55745.776320	1989.277754
6960.000000	34555.013730	49326.837550	55845.695610	1964.487191
7020.000000	34787.074250	49205.318210	55642.182260	1980.456919
7080.000000	34436.874500	49370.683960	55916.394450	1938.636229
7140.000000	34848.514130	49508.476160	55784.407060	1988.725079
7200.000000	34631.218290	49351.932840	55936.417490	1921.354986
7260.000000	34549.971760	49497.982640	55798.835420	1973.206242
7320.000000	34839.413400	49730.415420	55873.825100	1993.538054
7380.000000	34509.434710	49645.856690	56415.139710	1890.967144
7440.000000	34521.057800	49831.877010	56166.066220	1929.624602
7500.000000	34387.553720	49761.950680	56153.117400	1938.515421
7560.000000	34750.464080	50247.095420	56241.512970	1907.090204
7620.000000	34542.348570	50112.224760	55959.235160	1975.401627
7680.000000	34792.835300	49804.275270	56332.814410	1941.991492
7740.000000	34466.459040	50029.185670	56588.512000	1897.646221
7800.000000	34837.320540	50269.234570	56458.713840	1942.575755
7860.000000	34716.572000	50139.163580	56713.861500	1927.965393
7920.000000	34643.947840	50174.426160	56859.024640	1935.801962
7980.000000	34755.906450	50233.368070	56384.171590	1914.744453
8040.000000	34695.898070	50406.839630	56912.557800	1933.667411
8100.000000	35104.700610	50221.839630	56607.011820	1935.460965
8160.000000	34996.669930	50522.935040	56854.217760	1896.525456
8220.000000	34785.628930	50312.691720	56732.740290	1895.109991
8280.000000	34912.910160	50384.946500	56914.962990	1880.530707
8340.000000	34905.026600	50620.972830	57037.210350	1961.112561
8400.000000	34877.140800	50944.011280	57374.029600	1883.389231
8460.000000	35133.182740	50955.774180	57000.416700	1905.605556
8520.000000	34930.849570	50787.621860	57039.207650	1898.028297
8580.000000	34965.969530	50790.471140	57213.959250	1922.718346
8640.000000	35093.746960	50883.576540	57148.986600	1837.945880
8700.000000	35098.877380	51002.897260	56836.362310	1865.831762
8760.000000	35158.844880	51017.853560	56941.216620	1907.487117
8820.000000	35156.282210	50954.731320	57313.629790	1908.639529
8880.000000	35116.301300	51297.690220	57195.249570	1853.667162
8940.000000	35003.677790	51266.686870	57587.681030	1969.119347
9000.000000	35248.838220	51203.775280	57519.209230	1946.603826
9060.000000	34889.832710	51383.766350	57410.211480	1868.855360
9120.000000	35134.780330	51273.956920	57490.332590	1897.792606
9180.000000	35278.990400	51536.737920	57503.591570	1886.585062
9240.000000	35070.791330	51559.149180	57471.582760	1929.119204
9300.000000	35260.746450	51343.943470	57535.843530	1859.690123
9360.000000	35292.449170	51630.729090	57457.041070	1901.507173
9420.000000	35119.532970	51567.311370	57767.160600	1943.087105
9480.000000	35223.995290	51427.689940	57476.806430	1923.089104
9540.000000	35148.307360	51411.118400	57909.073760	1859.349783
9600.000000	34987.817160	51529.912380	57769.515930	1912.936133
9660.000000	35359.391770	51659.451240	57666.869930	1905.094725
9720.000000	35045.050800	52014.773280	57744.706950	1892.970701
9780.000000	35181.458000	51649.481940	57969.991240	1858.780112
9840.000000	35150.096960	51974.935230	58080.321670	1891.701539
9900.000000	35191.579300	51850.309920	58133.352670	1943.197720
9960.000000	35435.695600	52053.971800	58198.291460	1895.815757
10020.000000	35171.881450	52156.949480	58198.820400	1863.453846
10080.000000	35371.767010	52086.370870	58179.319300	1884.847749
10140.000000	35427.641620	51765.241190	57945.850940	1894.526724
10200.000000	35241.161290	51966.011560	58074.799700	1839.370956
10260.000000	35492.965940	52347.471060	58254.938370	1873.799529
10320.000000	35366.486180	51962.721850	58408.698590	1838.896933
10380.000000	35393.836650	52300.687080	58582.787710	1854.627972
10440.000000	35180.525650	52121.445040	58339.084270	1921.801914
10500.000000	35531.629570	52278.325090	58240.186830	1872.688987
10560.000000	35433.962030	52020.580270	58365.615930	1901.082835
10620.000000	35397.032920	52139.593460	58287.571300	1879.420850
10680.000000	35759.610210	52139.820110	58406.738120	1820.398031
10740.000000	35502.211910	52119.896120	58207.037630	1831.079530
10800.000000	35244.157660	52239.459570	58517.428160	1831.093931
10860.000000	35482.092440	52571.109860	58601.149770	1815.291653
10920.000000	35516.843080	52322.127570	58455.687040	1823.883628
10980.000000	35585.046320	52534.430870	58517.190550	1893.158415
11040.000000	35371.069840	52368.923780	58659.396610	1902.297054
11100.000000	35411.810830	52687.924810	58617.631600	1828.580756
11160.000000	35399.459070	52404.656010	58235.167900	1887.048931
11220.000000	35571.840160	52712.123130	58975.874280	1868.729410
11280.000000	35359.877340	52776.106530	58606.992630	1845.409211
11340.000000	35552.717790	52609.751560	58724.407140	1883.179713
11400.000000	35494.940920	52510.668620	58695.226400	1843.099247
11460.000000	35670.963570	52728.913270	58883.237370	1868.032305
11520.000000	35594.678210	52312.004420	58788.355200	1813.528023
11580.000000	35552.735190	52763.278340	58829.662430	1909.492586
11640.000000	35605.096910	52543.222870	58754.470350	1805.955681
11700.000000	35900.288340	52653.328370	58938.541400	1799.713887
11760.000000	35488.364460	52620.339400	58877.684550	1852.158608
11820.000000	35769.474730	52972.136690	58941.156600	1847.983171
11880.000000	35696.921920	53131.494030	58852.788840	1822.707976
11940.000000	35645.684000	53061.432060	58954.429360	1887.649689
12000.000000	35877.985550	52675.365850	58700.662880	1858.587503
12060.000000	35676.049260	52999.583050	59098.306280	1832.712487
12120.000000	35996.996250	52887.848420	58736.179350	1845.889073
12180.000000	35422.348570	53150.013530	59135.803960	1843.049762
12240.000000	35666.657660	53001.215410	58915.962890	1773.852384
12300.000000	35643.443760	53353.260780	59180.748120	1890.383807
12360.000000	35729.338000	53198.144730	58975.208500	1847.323362
12420.000000	35813.255620	53278.012790	59120.763660	1868.531425
12480.000000	35835.687510	53024.471380	58895.283330	1845.290317
12540.000000	35599.848840	53412.359910	58825.487230	1824.766452
12600.000000	35633.896340	53149.894670	59029.606630	1831.863077
12660.000000	35795.591240	53347.317850	59232.917060	1849.480311
12720.000000	35755.876980	53157.431530	59247.295870	1872.138943
12780.000000	35645.954250	53428.509310	59315.011030	1808.100817
12840.000000	35818.318300	53357.497160	59199.309540	1856.218187
12900.000000	35851.096220	53187.286320	59207.571000	1865.397977
12960.000000	35724.813540	53232.849400	59323.263680	1845.072017
13020.000000	35826.132590	53133.371170	59312.512840	1845.271934
13080.000000	35931.878660	53204.478710	59249.082120	1833.467034
13140.000000	36177.423320	53376.810550	59461.442050	1820.808686
13200.000000	35915.135730	53311.768010	59112.757550	1831.415138
13260.000000	35758.443560	53276.647550	59004.973240	1862.653982
13320.000000	35728.988180	53361.462740	59546.965360	1851.070378
13380.000000	35830.044700	53642.095760	59270.905900	1876.208963
13440.000000	35904.254030	53570.546180	59330.936540	1832.841379
13500.000000	36178.971720	53429.739010	58938.681960	1860.678375
13560.000000	36031.468280	53691.906410	59266.201180	1888.754174
13620.000000	35761.239470	53465.495380	59383.054120	1831.152778
13680.000000	35730.990090	53759.292930	59466.360930	1875.725640
13740.000000	36092.823750	53630.167860	59347.664920	1873.875699
13800.000000	35986.724280	53793.434030	59600.622670	1822.818887
13860.000000	35924.911030	53351.661140	59183.392140	1852.427650
13920.000000	35908.707670	53424.078340	59252.088010	1866.663418
13980.000000	36066.839410	53482.126140	59403.497000	1878.085426
14040.000000	35994.247250	53846.860130	59537.247290	1863.552853
14100.000000	36138.317150	53211.366180	59474.390530	1815.753347
14160.000000	36284.181790	53756.396250	59713.100630	1905.239506
14220.000000	35926.050520	53390.079620	59377.627520	1876.971408
14280.000000	35857.253490	53593.887220	59467.155010	1849.453867
14340.000000	36074.749050	54013.425840	59434.273730	1947.012057
14400.000000	36088.100890	53597.983720	59878.740260	1826.579313
14460.000000	36010.786250	53717.100570	59921.546490	1906.034074
14520.000000	36094.609810	53739.341410	59764.702910	1822.877625
14580.000000	36033.048340	53397.579070	59592.111440	1808.559671
14640.000000	36075.123300	53791.142050	59642.100180	1858.025398
14700.000000	36341.823890	53779.253850	59936.728630	1875.463747
14760.000000	36001.223490	53657.744470	59499.232930	1884.655769
14820.000000	36023.384410	53721.252390	60119.786000	1863.302262
14880.000000	36132.109540	53874.928280	59820.057060	1909.304341
14940.000000	36167.986920	53592.006720	59704.791810	1963.982989
15000.000000	36329.730880	53838.255850	59840.430180	1896.083089
15060.000000	36349.977670	53983.857610	59809.725410	1920.630831
15120.000000	36338.562710	53883.267720	59552.512080	1862.267793
15180.000000	35992.196380	53589.300920	59541.153990	1931.181156
15240.000000	36084.449190	53804.147330	59789.108850	1909.951547
15300.000000	36337.335380	54090.030410	59602.871270	1893.817808
15360.000000	36166.897550	53739.774210	59419.054470	1878.169906
15420.000000	36073.799820	53701.518910	59546.563880	1905.817361
15480.000000	36183.260740	53671.509570	59787.974480	1869.241913
15540.000000	36069.764010	53761.349760	59810.797310	1783.156620
15600.000000	36194.205630	53793.100760	59678.803550	1858.671696
15660.000000	36385.655960	54056.058100	59431.483170	1859.068129
15720.000000	35922.082880	54393.139640	60002.195580	1847.024507
15780.000000	36269.567100	53977.905010	59979.952870	1949.906544
15840.000000	36246.281420	53779.696350	59801.528280	1912.412665
15900.000000	36180.553500	53830.766500	59977.994260	1908.782581
15960.000000	36193.250470	53895.577800	59992.908700	1831.466242
16020.000000	36174.592780	53771.473070	59307.642380	1869.415594
16080.000000	36114.058310	53832.292360	59659.478110	1866.529752
16140.000000	36515.566540	54101.458540	59554.631630	1821.246972
16200.000000	36407.938500	54170.627250	59789.370270	1838.438780
16260.000000	36354.607670	54175.888140	59960.230960	1845.200991
16320.000000	36079.142860	53918.467340	60007.353970	1883.652063
16380.000000	36456.064260	54015.807970	59931.830310	1804.973005
16440.000000	36563.340760	53819.575910	59825.369970	1828.093268
16500.000000	36828.168120	54045.602070	60025.558340	1797.804514
16560.000000	36241.309250	53961.941670	60107.283270	1772.655694
16620.000000	36276.246650	54086.943980	59912.813950	1894.236524
16680.000000	36329.189990	54015.405540	60099.036160	1851.524407
16740.000000	36268.233380	54025.409400	60188.374390	1850.966098
16800.000000	36516.796910	54234.073360	60234.952140	1825.847456
16860.000000	36565.236910	54099.543280	60374.972640	1857.555609
16920.000000	36350.704900	54488.190970	59892.560880	1862.991560
16980.000000	36241.329670	53942.232860	60040.978140	1836.676959
17040.000000	36358.915880	54118.111890	60071.559630	1857.083301
17100.000000	36346.195150	54017.077220	59653.484220	1841.332657
17160.000000	36465.528240	54035.673270	60118.034970	1835.624371
17220.000000	36543.405840	53990.219790	60090.524480	1809.996192
17280.000000	36584.608770	54086.425040	60086.156280	1886.652515
17340.000000	36419.786060	54152.993510	60093.122770	1847.024196
17400.000000	36357.959010	53843.174390	60088.016410	1881.456563
17460.000000	36437.921840	54216.267210	59880.239520	1868.741250
17520.000000	36499.602210	54095.857710	60240.981440	1825.326959
17580.000000	36704.390270	54017.002940	60529.644100	1778.671935
17640.000000	36451.458250	53835.239250	60456.715640	1876.575320
17700.000000	36528.909310	54242.070210	60014.354720	1798.552439
17760.000000	36434.826140	54061.304930	60272.461900	1851.733420
17820.000000	36400.092020	54203.075550	59678.788080	1833.398795
17880.000000	36504.262470	54152.880500	60477.960180	1831.008409
17940.000000	36500.060380	54382.999160	60299.622920	1869.916922
18000.000000	36565.798600	54400.272520	59969.626080	1810.657386
18060.000000	36579.146380	54212.704500	60235.213690	1867.878078
18120.000000	36529.369780	54139.823850	60259.866450	1860.898899
18180.000000	36345.048210	54137.662090	60317.068750	1828.702613
18240.000000	36500.341300	54762.841390	60402.553720	1871.903835
18300.000000	36651.850060	54478.540800	60659.188750	1912.413682
18360.000000	36379.271780	54197.320790	60226.668980	1810.347581
18420.000000	36410.034160	54109.021290	60199.312170	1815.421626
18480.000000	36427.414220	54403.788050	60093.726610	1869.386799
18540.000000	36516.251780	54014.585070	60580.711990	1868.029817
18600.000000	36515.582220	54252.968710	60309.767750	1839.166271
18660.000000	36458.107960	54071.038580	60380.899170	1798.266726
18720.000000	36373.177390	54459.191930	60210.350060	1846.087409
18780.000000	36811.236340	54353.376370	60433.690280	1854.160220
18840.000000	36407.586610	54535.112880	60608.231740	1849.958049
18900.000000	36961.903700	54381.842240	60422.174280	1866.482487
18960.000000	36791.757210	54364.361690	60419.034520	1807.037739
19020.000000	36701.735900	54388.683540	60367.201670	1843.583931
19080.000000	36645.815410	54328.455400	60088.352780	1770.147553
19140.000000	36545.200140	54442.063770	60431.120640	1873.490163
19200.000000	36590.169330	53924.736670	60221.896600	1827.403114
19260.000000	36634.563650	54360.124660	60406.652070	1867.334844
19320.000000	36542.858940	54160.878190	60350.112830	1868.618126
19380.000000	36596.895970	54370.030690	60412.273630	1874.577506
19440.000000	36672.512240	53889.429340	60508.217130	1867.417274
19500.000000	36726.264550	54170.130300	60439.651290	1825.919590
19560.000000	36820.897260	54046.184030	60218.263560	1851.126539
19620.000000	36692.462540	54283.066400	60312.629070	1805.123722
19680.000000	36538.963730	54222.477250	60006.964080	1806.810557
19740.000000	36782.677540	54760.513370	60418.543070	1895.317859
19800.000000	36541.413520	54238.095140	60225.922870	1880.990802
19860.000000	36774.783230	54594.014730	60736.019710	1804.590081
19920.000000	36774.443170	54563.706780	60649.658510	1842.156813
19980.000000	36732.133210	54312.268780	60501.457140	1821.229056
20040.000000	36867.262150	54446.551770	60669.806870	1805.880321
20100.000000	36755.807850	54486.247940	60585.964470	1851.395199
20160.000000	36805.246290	54133.448750	60523.996980	1852.879229
20220.000000	36553.872510	54234.677060	60624.317340	1892.083157
20280.000000	36964.437160	54124.325950	60610.179230	1961.641404
20340.000000	36964.663740	54140.815780	60485.302320	1909.294937
20400.000000	37092.804000	54471.567530	60423.031860	1919.471088
20460.000000	36880.396630	54078.913410	61065.165020	1946.928402
20520.000000	37091.489300	54454.074750	60721.282070	1913.389324
20580.000000	37079.762010	54206.537230	60551.312600	1974.814465
20640.000000	37016.045740	54271.312580	60452.951260	1970.638156
20700.000000	37036.259880	54340.175280	60427.003110	1914.240843
20760.000000	36768.162800	54488.066460	60586.510180	1839.990956
20820.000000	36579.372430	54140.337990	60528.180300	1822.383286
20880.000000	36796.473710	54336.137700	60239.780450	1861.287090
20940.000000	37111.803760	54450.723370	60399.806850	1847.809051
21000.000000	36795.467800	54110.060270	60713.263160	1857.190093
21060.000000	36751.842880	54414.454480	60623.683910	1796.618492
21120.000000	37021.767010	54504.070620	60495.515370	1840.378637
21180.000000	36689.536670	54568.796850	60687.958990	1831.552356
21240.000000	36693.053950	54294.306010	60226.519070	1882.314750
21300.000000	36738.830200	54300.563870	60538.852400	1887.295053
21360.000000	36910.295820	54622.530220	60930.571340	1912.395437
21420.000000	36761.126340	54260.185690	60831.594800	1952.273592
21480.000000	36717.201520	54213.404270	60557.337950	1830.581550
21540.000000	36767.169260	54524.618140	60509.761520	1850.714002
21600.000000	36831.831880	54450.464340	60783.788000	1881.254774
21660.000000	36942.744320	54436.584030	60209.373060	1871.901688
21720.000000	36785.162290	54274.322790	60637.347380	1897.673211
21780.000000	36805.766280	54469.053190	60490.353200	1895.970386
21840.000000	36982.148900	54433.652400	60924.587430	1922.347062
21900.000000	36691.969150	54358.448450	60510.045460	1843.419777
21960.000000	37142.440270	54420.576160	60625.672730	1838.582997
22020.000000	37074.849820	54466.987960	60393.506960	1862.866550
22080.000000	36862.550300	54157.665740	60984.945640	1873.629171
22140.000000	37070.844580	54065.077230	60733.898390	1892.972553
22200.000000	36720.048310	54521.349540	60627.021890	1751.109491
22260.000000	37004.582950	54498.447100	60861.430480	1890.437910
22320.000000	37177.425730	54535.173100	60722.720650	1807.290051
22380.000000	36840.020480	54827.760380	60953.055830	1824.567452
22440.000000	36941.086670	54422.587960	60796.602100	1789.295467
22500.000000	36853.201590	54248.519340	60531.769180	1863.682837
22560.000000	36742.919190	54041.451330	60740.582330	1815.553500
22620.000000	36825.000730	54087.389830	60309.049020	1803.182661
22680.000000	36946.413810	54519.464430	61029.169430	1808.530161
22740.000000	36969.063260	54255.669070	60682.892050	1870.183721
22800.000000	36699.581280	54467.449290	60771.469100	1826.230705
22860.000000	37234.609530	54719.165200	60640.890270	1789.948698
22920.000000	36939.246200	54536.351820	60790.196750	1806.675513
22980.000000	37134.261390	54105.929350	60730.803910	1854.745992
23040.000000	37006.609890	54296.414610	60825.486670	1828.995915
23100.000000	36825.088940	54420.780640	60702.217790	1855.478117
23160.000000	37199.990290	54341.647930	60716.576120	1899.915199
23220.000000	36905.944780	54268.655150	60570.683030	1805.746800
23280.000000	36968.896620	54360.931450	60843.160180	1823.590306
23340.000000	36989.261070	53950.610710	60848.944590	1791.966516
23400.000000	37256.662110	54274.741390	60701.667350	1826.626448
23460.000000	37133.820550	53962.474180	60922.150510	1777.084912
23520.000000	37249.825180	54466.830580	60539.952230	1849.938771
23580.000000	36878.103450	54285.861840	60575.498180	1821.684821
23640.000000	37527.591690	54392.156370	60706.039370	1759.099388
23700.000000	37124.287230	54398.287010	60902.920620	1811.165204
23760.000000	36965.883610	54528.208280	60819.143020	1791.474674
23820.000000	37093.287140	54471.050260	60935.990270	1759.620942
23880.000000	36976.326770	54626.433980	60764.218630	1818.035611
23940.000000	37220.659090	54156.631750	60738.351860	1810.390010
24000.000000	37219.066090	54357.798500	60773.956330	1809.325523
24060.000000	37264.532110	54301.721130	60697.755050	1799.301738
24120.000000	36984.810470	54462.587630	60676.015720	1795.602153
24180.000000	37009.298440	54363.137130	60955.473340	1841.246737
24240.000000	37346.531050	54539.116460	61097.780170	1756.417334
24300.000000	37226.166390	54421.577840	61115.430020	1779.185229
24360.000000	37304.213870	54447.586390	60859.993630	1812.999424
24420.000000	37137.166310	54262.594070	60852.819990	1823.528899
24480.000000	37194.927000	54047.025080	60796.125430	1823.240275
24540.000000	37119.278910	54266.259910	60679.177750	1815.970941
24600.000000	37260.202650	54542.117180	60833.352750	1819.069212
24660.000000	37196.862230	54420.438320	60742.464430	1757.439390
24720.000000	36990.137100	54485.554620	60912.284320	1796.367454
24780.000000	37371.921910	54460.211450	61061.368510	1822.759242
24840.000000	37346.142040	54696.118650	61012.411600	1900.501447
24900.000000	37037.198820	54469.237810	60832.847140	1818.913293
24960.000000	37259.965170	54532.962750	60777.297090	1787.047399
25020.000000	37440.983250	54407.997490	60826.551560	1790.680191
25080.000000	37265.225620	54441.107270	60614.402110	1821.366673
25140.000000	37172.890530	54525.351490	60672.823350	1777.535028
25200.000000	37125.812090	54073.307640	60787.209140	1831.152834
25260.000000	37222.229000	54363.295450	60840.437930	1798.983487
25320.000000	37187.597090	54490.320360	60830.521950	1815.593462
25380.000000	37260.655150	54364.146420	60849.414270	1799.131723
25440.000000	37050.046790	54719.749410	61009.717710	1796.493944
25500.000000	37307.060950	54306.702670	61156.672630	1794.189396
25560.000000	37333.860280	54200.123760	61052.254510	1812.957015
25620.000000	37422.683120	54327.234750	60719.704090	1820.823592
25680.000000	37453.656400	54367.949230	60991.392040	1870.182467
25740.000000	37491.422060	54268.107420	60891.666400	1803.321658
25800.000000	37438.083230	54489.041010	61053.349160	1812.197000
25860.000000	37518.207180	54408.696550	60878.739530	1829.978373
25920.000000	37416.166610	54325.180840	60741.911470	1785.736914
25980.000000	37266.877860	54407.596620	60832.853300	1793.121201
26040.000000	37280.234760	54645.938820	60754.381210	1797.407347
26100.000000	37416.150850	54130.562330	60850.686160	1781.187649
26160.000000	37467.394460	54520.066690	61069.999200	1824.036576
26220.000000	37278.760740	54275.757390	60769.085350	1831.461719
26280.000000	37282.364430	54600.513960	61027.743300	1792.512095
26340.000000	37422.649560	54288.154440	60919.701310	1818.915846
26400.000000	37459.899660	54396.002700	61216.609640	1862.204692
26460.000000	37566.258830	54299.555420	60663.746910	1835.491245
26520.000000	37334.815390	54425.796110	61275.481320	1824.613847
26580.000000	37617.059660	54209.737270	60872.781030	1837.836576
26640.000000	37202.223050	54284.103560	60875.148720	1859.674745
26700.000000	37619.822660	54257.388490	60896.184260	1770.140600
26760.000000	37304.753300	54146.030250	61212.992490	1783.006117
26820.000000	37685.301640	54297.322060	60803.819440	1810.273252
26880.000000	37401.941240	54117.160940	61144.446710	1819.688592
26940.000000	37506.335530	54348.143630	61043.393510	1796.502990
27000.000000	37465.910860	54275.996850	61254.144240	1797.633384
27060.000000	37646.166440	54316.817730	60934.515640	1842.724957
27120.000000	37542.707000	54471.145160	60898.433750	1811.524491
27180.000000	37563.881830	54454.070340	61154.186690	1768.857547
27240.000000	37537.881570	54430.011200	60795.297780	1836.692113
27300.000000	37472.025090	54596.584740	60868.572380	1801.108576
27360.000000	37142.906060	54527.663720	60789.994610	1808.752646
27420.000000	37527.782110	54571.581820	60924.677230	1762.660532
27480.000000	37420.570580	54301.637080	61560.796790	1845.625427
27540.000000	37776.119820	54195.811940	61279.532840	1825.958846
27600.000000	37584.699920	54343.466850	60727.432510	1884.629630
27660.000000	37429.525620	54360.982000	61044.707070	1879.712180
27720.000000	37375.641600	54481.515990	61174.182250	1848.090371
27780.000000	37430.363300	54493.642800	61106.221480	1805.330702
27840.000000	37418.381010	54402.164550	61457.537200	1793.790553
27900.000000	37477.018400	54268.726660	61210.784640	1824.541256
27960.000000	37614.792970	54354.457930	61124.599490	1824.932964
28020.000000	37826.296250	54444.603350	60802.735790	1845.767242
28080.000000	37572.443520	54269.430450	60772.023890	1804.940814
28140.000000	37556.373200	54198.428170	61208.458660	1792.919938
28200.000000	37411.741330	54253.800940	61080.891290	1784.853480
28260.000000	37471.591610	54404.095760	60838.814170	1839.386521
28320.000000	37656.098770	54277.588560	61334.751870	1815.695356
28380.000000	37306.217250	54401.601280	61029.379330	1789.954427
28440.000000	37513.339590	54262.722660	61241.722420	1854.998667
28500.000000	37473.910290	54209.482780	60745.497990	1828.091808
28560.000000	37451.894710	54522.238060	61294.092940	1831.461146
28620.000000	37787.844230	54242.678960	60783.394020	1855.003135
28680.000000	37415.206210	54358.480780	61504.228120	1854.749298
28740.000000	37701.987260	53899.758390	61106.216750	1838.391865
28800.000000	37463.603760	54420.905070	61125.900590	1862.062775
28860.000000	37578.843320	53970.563550	61134.360070	1832.343936
28920.000000	37587.343950	54174.153720	61195.121570	1801.199409
28980.000000	37691.705180	54297.783010	60675.316270	1769.549762
29040.000000	37777.876190	54098.013560	61420.028480	1858.042607
29100.000000	37591.349280	54185.856420	61102.811710	1913.314875
29160.000000	37614.879580	54162.753230	61100.788980	1845.518975
29220.000000	37921.660630	54298.494100	61184.669540	1852.832186
29280.000000	37680.461270	54410.581950	61237.222460	1796.201532
29340.000000	37710.360850	54267.474440	60968.067990	1832.462020
29400.000000	37501.941270	54326.000230	61166.318220	1918.977700
29460.000000	37568.640400	54312.013260	61131.186270	1809.571995
29520.000000	37579.346980	54579.890230	61564.838670	1807.098919
29580.000000	37437.094440	54342.439310	61071.327450	1841.252679
29640.000000	37315.323870	54107.498750	61540.296520	1849.222112
29700.000000	37793.089560	54183.066340	61216.298330	1806.906419
29760.000000	37750.830850	53949.983940	61241.870440	1870.946827
29820.000000	37747.153980	54393.315590	61341.228810	1826.420599
29880.000000	37507.815550	54142.256200	61235.149840	1835.382820
29940.000000	37981.924320	54305.048300	61066.951630	1819.301171
30000.000000	37697.631240	54108.805560	61458.329290	1825.156416
30060.000000	38015.021690	54273.568640	61094.374780	1830.352015
30120.000000	37713.014700	54400.945560	61225.298930	1848.833885
30180.000000	37698.810840	54137.557580	61101.609470	1870.656228
30240.000000	37502.173480	54332.913030	60987.485630	1875.481854
30300.000000	37719.435900	54044.374530	60997.250830	1744.852320
30360.000000	37621.499120	54175.604420	61145.080600	1801.300458
30420.000000	37644.136230	54274.016980	61302.971920	1767.957301
30480.000000	37490.381170	54412.200500	61436.518520	1860.717023
30540.000000	37850.178920	54253.280550	61016.907800	1851.355003
30600.000000	37822.632890	54302.898130	61430.896340	1853.415171
30660.000000	37871.959360	54487.421760	61248.718340	1841.565838
30720.000000	37739.183780	54248.871900	61240.670300	1815.316134
30780.000000	37764.979200	54267.113390	61078.832190	1859.167117
30840.000000	37676.523180	54227.186450	61005.034980	1871.643791
30900.000000	37617.250580	54210.649010	61123.904470	1822.910219
30960.000000	37711.506320	54278.916200	61065.279550	1825.536097
31020.000000	37931.641340	54251.246010	61246.966420	1833.453915
31080.000000	37641.930590	54140.226630	60977.751060	1827.607672
31140.000000	37611.546400	54205.917020	61496.796550	1843.421701
31200.000000	37725.404540	54076.867430	61185.843240	1846.757472
31260.000000	37906.901920	54140.750510	61001.006850	1836.899260
31320.000000	37633.283430	54117.290770	61560.374860	1840.194034
31380.000000	38078.226040	53889.614690	61593.372660	1824.429696
31440.000000	37824.835310	54125.680560	61406.672330	1820.453105
31500.000000	37820.994010	54382.909060	61012.924700	1836.458301
31560.000000	38022.411860	54223.515180	61245.251190	1877.869674
31620.000000	37773.304990	54132.505800	61363.968750	1841.904341
31680.000000	37664.544370	54099.686630	61112.228210	1808.140316
31740.000000	37588.805600	54127.344280	61326.692880	1795.238084
31800.000000	38169.069940	54009.587640	61334.011730	1851.649251
31860.000000	38052.175900	54251.819400	61530.113840	1764.552837
31920.000000	38077.436580	54276.772420	61274.737050	1854.569506
31980.000000	37831.572540	54201.617790	61458.687150	1788.573429
32040.000000	37880.172680	54226.382950	61226.386450	1806.399719
32100.000000	37796.791580	54076.910750	61259.856710	1848.056885
32160.000000	38031.791910	54180.006400	61101.487010	1795.305044
32220.000000	38138.121290	54075.055440	61284.188120	1817.496958
32280.000000	37911.399230	53848.189010	61183.423590	1832.994089
32340.000000	37867.243510	54219.464050	61386.083590	1859.315233
32400.000000	37998.189910	53995.962240	60913.541770	1818.811921
32460.000000	37916.382280	54229.745160	61132.062210	1850.223322
32520.000000	38244.771630	53876.471890	61102.155860	1826.281125
32580.000000	37880.549140	54166.356880	61461.506940	1805.941828
32640.000000	37913.310690	54077.308610	61478.270010	1891.485622
32700.000000	37963.292180	54318.581000	61221.531930	1883.472565
32760.000000	37950.627820	54345.715800	61427.453140	1793.512881
32820.000000	38376.582410	54480.711180	61450.906400	1812.415707
32880.000000	37992.689790	54421.655150	61421.973900	1840.238871
32940.000000	37859.361010	54025.635370	61254.411040	1867.690291
33000.000000	38019.973590	54239.933760	61252.099640	1821.242458
33060.000000	38291.869820	54436.477660	61084.874580	1824.879035
33120.000000	37689.408770	53977.413760	60945.045450	1923.512444
33180.000000	37792.112430	54120.183880	61430.172050	1891.681925
33240.000000	38050.188800	54051.003780	61344.993660	1879.657825
33300.000000	37987.422520	54385.101890	61050.101030	1932.692031
33360.000000	37834.396440	54256.914320	60880.104000	1926.094803
33420.000000	38361.648840	54503.633880	61624.390620	1913.218327
33480.000000	37955.577890	53917.542470	61237.223200	1841.452089
33540.000000	37962.117340	53837.890620	61486.525440	1825.949416
33600.000000	37934.003980	54183.654940	61065.273240	1786.119246
33660.000000	38307.831380	53990.625110	61469.592220	1834.921047
33720.000000	38045.451170	54362.046860	61252.651970	1808.567951
33780.000000	38228.720910	53856.637420	61116.108300	1804.068281
33840.000000	38036.987700	54175.269600	61153.889240	1833.138674
33900.000000	38095.563540	54178.334690	61257.879070	1855.437511
33960.000000	38096.289970	53900.272640	61489.917040	1828.609990
34020.000000	37985.100490	53990.902270	61637.276580	1831.080616
34080.000000	38247.071990	54021.720700	61205.838790	1859.903583
34140.000000	38038.133490	54096.909500	61276.448930	1887.726455
34200.000000	38109.123440	53951.914020	61355.239390	1933.532617
34260.000000	38260.721580	53830.962510	61058.618150	1832.420470
34320.000000	38028.280720	54117.059730	61476.385070	1842.738314
34380.000000	38181.844910	54259.733290	61468.446900	1885.231909
34440.000000	38223.805280	54561.086100	61324.261710	1846.947703
34500.000000	38061.252790	54398.377930	61777.331130	1832.678291
34560.000000	38123.370320	54164.577530	61193.547610	1855.718159
34620.000000	38336.883140	54255.638920	61252.307620	1845.001221
34680.000000	37860.414980	54327.340030	61377.296370	1842.250756
34740.000000	38154.748900	53918.209490	61412.655320	1835.504191
34800.000000	38335.939120	54016.862240	61194.108790	1850.360550
34860.000000	38276.965040	53933.132130	61604.700510	1801.206296
34920.000000	37938.100000	54267.081380	61722.264440	1816.992869
34980.000000	38186.963310	54315.674290	61292.676160	1866.675227
35040.000000	37976.920830	53980.969900	61472.291500	1851.290247
35100.000000	38187.197370	53766.343650	61288.307330	1819.663240
35160.000000	38489.668150	54067.066340	61557.675600	1826.622060
35220.000000	38303.944200	53979.316930	61505.692160	1829.694493
35280.000000	38186.021510	54076.524780	61667.826360	1843.755482
35340.000000	38324.066230	54167.168360	61548.832060	1816.330962
35400.000000	38141.046760	54044.231380	61545.414580	1836.336057
35460.000000	38033.444060	53971.222950	61656.059980	1874.482381
35520.000000	38372.329760	53685.868600	61490.947320	1918.347999
35580.000000	38171.435460	54125.538500	61515.493810	1834.768971
35640.000000	38400.392550	54029.217070	61436.540460	1850.147893
35700.000000	38417.574240	53893.006260	61689.456790	1806.295086
35760.000000	38084.451120	54081.813390	61289.636300	1837.168683
35820.000000	38245.037610	54182.631400	61194.592730	1914.341273
35880.000000	38242.832130	54059.091680	61246.490150	1845.974166
35940.000000	38177.570680	54300.149770	61130.758590	1835.071310
36000.000000	38531.823390	53960.821810	61949.479620	1853.849215
36060.000000	38493.630420	53827.553640	61147.067370	1850.122739
36120.000000	38438.215940	53916.240880	61278.724630	1833.011648
36180.000000	38355.155430	53868.344930	61539.672030	1787.208040
36240.000000	38172.331930	54043.850420	61312.497990	1892.741359
36300.000000	38430.642940	54313.184330	61583.599490	1773.119742
36360.000000	38177.261320	54123.428820	61497.959850	1879.019303
36420.000000	38350.377840	53879.500230	61360.660340	1844.605234
36480.000000	38260.990960	53852.898780	61447.625760	1871.809500
36540.000000	38327.105650	54178.204710	61407.643680	1861.790050
36600.000000	38559.708020	53877.594670	61432.593520	1867.886097
36660.000000	38099.615270	54091.846620	61568.960830	1897.915810
36720.000000	38212.067280	53927.140930	61365.540280	1841.225621
36780.000000	38442.317490	54009.163180	61697.174270	1808.879212
36840.000000	38588.467600	53988.700410	61675.135250	1815.199795
36900.000000	38430.673470	54136.849550	61339.609720	1855.502725
36960.000000	38463.367320	54260.419350	61706.869740	1782.853739
37020.000000	38301.126460	53764.812600	61448.723260	1898.335530
37080.000000	38340.202260	53934.018280	61510.935320	1770.259444
37140.000000	38272.989190	54192.343010	61551.679500	1847.773014
37200.000000	38176.370060	54062.758520	61766.690130	1881.782707
37260.000000	38414.624560	54061.920660	61707.017920	1764.169586
37320.000000	38454.422430	54156.030930	61566.610070	1779.219976
37380.000000	38401.238290	53941.688170	61391.896320	1762.421162
37440.000000	38431.679290	54391.612210	61595.983220	1814.643099
37500.000000	38162.292540	53801.035780	61464.822940	1848.653562
37560.000000	38554.464380	53817.982310	61420.808240	1831.452145
37620.000000	38413.674210	53947.494900	61192.155100	1838.629502
37680.000000	38339.368040	54007.470540	61329.825570	1803.307117
37740.000000	38258.205770	54144.125610	61556.544060	1803.978370
37800.000000	38654.805710	54125.194470	61674.480710	1773.663517
37860.000000	38334.098400	54252.562870	61456.871080	1809.657921
37920.000000	38451.897330	54077.074240	61717.432110	1818.056540
37980.000000	38397.868990	53778.328040	61658.512430	1796.295365
38040.000000	38542.810360	53865.307430	61603.304330	1823.424461
38100.000000	38449.297380	54094.889640	61343.076540	1770.065790
38160.000000	38131.651770	53941.374070	61326.589220	1792.013033
38220.000000	38305.378880	54044.545640	61384.615010	1834.856137
38280.000000	38105.841290	54079.648810	61450.005240	1803.696116
38340.000000	38342.791670	53851.696650	61448.415050	1864.207462
38400.000000	38561.539430	54021.362950	61518.615530	1787.890826
38460.000000	38399.105970	54279.668230	61545.026870	1764.780833
38520.000000	38070.709570	53791.214840	61596.841620	1779.550495
38580.000000	38600.210440	53738.675590	61745.506530	1761.297096
38640.000000	38640.986590	54031.443140	61551.615790	1852.684189
38700.000000	38354.106580	53944.642690	61461.528650	1786.731020
38760.000000	38213.759590	53654.129040	61610.823990	1827.208214
38820.000000	38527.338600	53799.754850	61570.918790	1710.866063
38880.000000	38517.336430	53884.870350	61435.069540	1806.833114
38940.000000	38615.761430	54167.722670	61297.631570	1835.142689
39000.000000	38550.827180	53994.463360	61537.979030	1801.269125
39060.000000	38654.395310	53885.476970	61481.285880	1840.649933
39120.000000	38501.276290	54071.356980	61575.463150	1763.865905
39180.000000	38558.436890	53771.637750	61202.646350	1760.786215
39240.000000	38664.902550	53851.938580	61950.960650	1774.911401
39300.000000	38540.759050	53730.091260	61808.257280	1798.476677
39360.000000	38631.879920	54041.620500	61732.103240	1842.181985
39420.000000	38584.172410	54010.455970	61787.823830	1833.595905
39480.000000	38464.411890	53801.515040	61461.937630	1745.027878
39540.000000	38428.501230	54117.235590	61740.464080	1799.288708
39600.000000	38636.535200	53844.023750	61614.448800	1816.501218
39660.000000	38680.668650	53942.876450	61607.085960	1810.571200
39720.000000	38495.367110	53869.064230	61551.499100	1827.464305
39780.000000	38684.249680	53875.911480	61122.207400	1798.343279
39840.000000	38454.341130	54164.095750	61446.751090	1778.833483
39900.000000	38656.071840	53877.601160	61913.435480	1843.935260
39960.000000	38357.571750	53521.910530	61531.278350	1851.470891
40020.000000	38331.394810	53725.568330	61835.979410	1761.279624
40080.000000	38404.536790	53847.750150	61345.874780	1801.679809
40140.000000	38559.668300	53801.590090	61634.203520	1794.314949
40200.000000	38634.983030	54002.383660	61811.782950	1819.090345
40260.000000	38734.889520	53728.980950	61666.512560	1855.626471
40320.000000	38740.426490	53931.372690	61538.017910	1822.286560
40380.000000	38422.023140	53878.246320	61926.354770	1818.058423
40440.000000	38542.342950	53912.992360	61264.271510	1832.233712
40500.000000	38895.501450	53816.056250	61860.101520	1846.986721
40560.000000	38623.551130	54347.013080	61727.027450	1828.026254
40620.000000	38658.624420	53437.149760	61387.809560	1868.988922
40680.000000	38702.193480	53688.958240	61432.184990	1865.969057
40740.000000	38712.611270	53716.637180	61618.983120	1897.855474
40800.000000	38583.357470	53857.906410	61553.656030	1873.106446
40860.000000	38620.840520	53811.823660	61559.273290	1874.511351
40920.000000	38329.582560	53955.438790	61578.461210	1888.348268
40980.000000	38897.451030	53701.203560	61525.462900	1898.797682
41040.000000	38681.449880	53776.016030	61798.615590	1880.218071
41100.000000	38657.751650	54082.961970	61858.285030	1904.555707
41160.000000	38779.259310	53976.966410	61813.493380	1841.760154
41220.000000	38580.514790	53903.982300	61614.600020	1828.956068
41280.000000	38506.458960	54035.470700	61720.460910	1814.385916
41340.000000	38771.776900	53746.800490	61917.144880	1810.305367
41400.000000	38911.191240	53891.442790	61236.602170	1815.581495
41460.000000	38927.644220	53419.244930	61431.206470	1812.898030
41520.000000	38758.139400	53594.142780	61558.268400	1807.734679
41580.000000	38577.452450	53768.699290	61545.086430	1793.666046
41640.000000	38525.849200	53731.796030	61851.398170	1776.586599
41700.000000	38776.712070	53683.593110	61549.893490	1838.952079
41760.000000	38892.583960	53669.975470	61402.570200	1834.670899
41820.000000	38633.137640	53610.341020	61503.138450	1867.538539
41880.000000	38746.148870	53945.357030	61409.670320	1822.804797
41940.000000	38860.196530	53428.296290	61411.101460	1834.114827
42000.000000	38868.095180	53772.027640	61578.976340	1776.017140
42060.000000	38403.589800	53632.244560	61471.012680	1792.945231
42120.000000	38667.185240	53833.743240	61759.705130	1809.432374
42180.000000	38714.722750	53602.603170	61457.604300	1844.862079
42240.000000	38778.731470	53796.454480	61618.182070	1778.240409
42300.000000	38624.265490	53818.071730	61632.168160	1793.240268
42360.000000	38634.058000	53720.036400	61583.539390	1781.653520
42420.000000	38783.784110	53414.218950	61711.468630	1826.895111
42480.000000	38888.834770	53628.536890	61578.047860	1711.372011
42540.000000	38687.685290	53939.603690	61673.972250	1779.571457
42600.000000	38823.743670	53782.061130	61753.964910	1832.645499
42660.000000	38690.232610	53816.642660	61770.838900	1829.495173
42720.000000	38648.355680	53894.610240	61445.997120	1872.453022
42780.000000	38811.266140	53761.897930	61874.716530	1808.621966
42840.000000	38648.592690	53832.353290	61320.477960	1793.371903
42900.000000	38794.859730	53798.596440	61592.663370	1752.481103
42960.000000	38973.982250	53699.532970	61595.512390	1806.668965
43020.000000	38837.547150	53824.097300	61273.079180	1780.630930
43080.000000	38750.812360	53634.910860	61764.984950	1789.203145
43140.000000	38869.909950	53565.670090	61778.467210	1871.256580
43200.000000	38565.821120	53753.490240	61775.340940	1783.073425
43260.000000	38736.875100	53827.234540	61781.518130	1810.482223
43320.000000	38805.803980	53598.207790	61885.351290	1833.417595
43380.000000	38882.027240	53980.831300	61583.691320	1806.042985
43440.000000	38981.436830	53924.163280	61633.850620	1789.010131
43500.000000	38906.076760	53817.731010	61519.433460	1776.382307
43560.000000	38723.009980	53859.351850	61795.116880	1847.110283
43620.000000	38898.204150	53490.694440	61696.856350	1796.032238
43680.000000	38588.623170	53864.932810	61785.905480	1779.037950
43740.000000	38854.795790	53898.223880	61654.058650	1790.541147
43800.000000	38780.954860	53731.707210	61899.613450	1729.138560
43860.000000	38817.356690	53630.505770	61539.432760	1753.148693
43920.000000	38964.464930	53208.165910	61537.959600	1825.672187
43980.000000	38764.469120	53735.946520	61565.072290	1795.487264
44040.000000	38956.140000	53687.125020	61656.575040	1836.156534
44100.000000	38870.644510	53726.170690	61754.292670	1834.775420
44160.000000	38819.292020	54009.642650	61560.782590	1795.210447
44220.000000	38764.645750	53627.842330	61611.999870	1836.504466
44280.000000	39185.655180	54038.587390	61770.038470	1833.265598
44340.000000	38984.871390	53734.962390	61648.179450	1812.131088
44400.000000	38860.650960	53546.375680	61561.762240	1812.263327
44460.000000	38975.978540	53582.698630	61975.084970	1828.927520
44520.000000	38879.443970	53323.422010	61722.959920	1848.276121
44580.000000	39023.512810	53382.106370	61690.695360	1798.421991
44640.000000	39178.909820	53683.806540	61528.874690	1788.310627
44700.000000	38883.629090	53700.266700	61977.860570	1806.717933
44760.000000	38853.838990	53528.482000	61502.509430	1761.429612
44820.000000	39255.119300	53717.995720	61537.007320	1744.518897
44880.000000	38893.412650	53546.052420	61378.217430	1808.636602
44940.000000	38850.094740	53553.197190	61576.604610	1793.299502
45000.000000	38982.826000	53713.657320	61765.308890	1768.954152
45060.000000	39052.622540	53515.366310	61718.114590	1780.943468
45120.000000	39061.544110	53474.855570	61958.925340	1799.889440
45180.000000	39087.607290	53257.873290	61821.391900	1785.021758
45240.000000	39089.729890	53660.143500	61500.153010	1787.510320
45300.000000	39163.183750	53591.795200	61612.648560	1793.074779
45360.000000	38816.219020	53711.513310	61561.535920	1782.559044
45420.000000	38916.403460	53340.407990	61923.443960	1780.704201
45480.000000	39020.054600	53814.982260	61524.338290	1755.429365
45540.000000	38999.440700	53955.817730	61676.142340	1839.595474
45600.000000	39222.191330	53569.124540	61822.138540	1753.108172
45660.000000	39109.994960	53603.146880	61827.036390	1809.539031
45720.000000	39146.092820	53766.061730	61600.354130	1782.442603
45780.000000	38829.440410	53228.033230	61721.507510	1810.759916
45840.000000	38974.276880	53608.805800	61634.770680	1753.363711
45900.000000	39044.408960	53427.324370	61765.645860	1766.207086
45960.000000	38928.574880	53375.782030	61648.124320	1772.564089
46020.000000	39280.634710	53541.608160	61752.522720	1712.644306
46080.000000	38834.866880	53485.039910	62031.261490	1812.181851
46140.000000	38937.643940	53660.458290	61912.962410	1733.041779
46200.000000	38864.778640	53411.359170	61630.617770	1783.780927
46260.000000	39147.195610	53433.240590	61471.866940	1779.561712
46320.000000	38991.381060	53766.415560	61752.009960	1759.616055
46380.000000	39025.271370	53598.010290	61796.085850	1790.710852
46440.000000	39115.682700	53921.720270	61494.777940	1765.885357
46500.000000	39207.819720	53738.604640	61587.091010	1700.676988
46560.000000	39196.476340	53737.610830	61794.092410	1776.837856
46620.000000	39189.913000	53755.745290	61836.403820	1758.941123
46680.000000	39226.566520	53790.425930	61813.675360	1788.842331
46740.000000	39240.759300	53386.489970	61358.110460	1766.594281
46800.000000	39146.407540	53786.102530	61533.611690	1827.901129
46860.000000	38865.859200	53485.714840	61527.312100	1709.734050
46920.000000	39220.625310	53649.235500	61790.207850	1734.439257
46980.000000	39117.057390	53509.190070	61724.148410	1798.590614
47040.000000	38946.065400	53552.069700	61909.528930	1752.160894
47100.000000	39052.883710	53682.167270	62019.394570	1724.155417
47160.000000	38795.131310	53784.058020	61916.347370	1789.959136
47220.000000	39257.775740	53719.159900	61611.415600	1759.910542
47280.000000	39064.227750	53451.452360	61663.685480	1745.646034
47340.000000	38708.113100	53423.866420	61884.090900	1779.917524
47400.000000	39050.731010	53437.775260	61435.363110	1780.572374
47460.000000	39046.999010	53103.399820	61857.014460	1818.446178
47520.000000	39404.747930	53475.258770	61927.208620	1857.538267
47580.000000	39159.683200	53499.604780	61775.424100	1844.862469
47640.000000	39112.456510	53669.933820	61462.095880	1764.841329
47700.000000	39218.475120	53883.255210	62255.969190	1820.684195
47760.000000	39309.944460	53509.996030	61707.260360	1795.559165
47820.000000	38966.055370	53147.118610	61426.640110	1821.266935
47880.000000	39106.634740	53431.164450	61557.266940	1784.386186
47940.000000	39341.489170	53342.414370	61896.748660	1813.946458
48000.000000	39332.794800	53697.407710	61448.462230	1791.327534
48060.000000	39357.171050	53534.552310	61535.465230	1801.327065
48120.000000	39090.007100	53565.235010	61755.668210	1780.811539
48180.000000	39302.510140	53311.952110	61733.218350	1786.731901
48240.000000	39177.266790	53447.065210	61804.716820	1776.443106
48300.000000	39293.197090	53507.634430	61559.265600	1810.203308
48360.000000	39250.966340	53623.500960	61416.357410	1834.429104
48420.000000	39316.973300	53505.760030	61851.256940	1793.296122
48480.000000	39258.444090	53557.806190	61638.685960	1794.925305
48540.000000	39417.970400	53512.901440	61880.721290	1748.339102
48600.000000	39327.052190	53505.157790	61844.342080	1888.296695
48660.000000	39095.410540	53428.612840	61690.595970	1827.176441
48720.000000	39362.149970	53490.567270	61687.671170	1821.213659
48780.000000	39365.370390	53657.357740	61940.498110	1728.110321
48840.000000	39270.259980	53756.958130	62112.143760	1746.811707
48900.000000	39257.486640	53646.486570	61870.696080	1832.192417
48960.000000	39401.645140	53569.714480	62002.968740	1730.921750
49020.000000	39281.145630	53848.644700	61985.289650	1768.161691
49080.000000	39356.720060	53492.603590	61809.208450	1778.321851
49140.000000	39403.712910	53612.401100	61844.572020	1809.072528
49200.000000	39286.405950	53507.105550	61578.836520	1789.775923
49260.000000	39376.948840	53633.465090	62040.114730	1771.607386
49320.000000	39183.020240	53385.283010	61624.483630	1782.724855
49380.000000	39503.663140	53555.981090	61786.256260	1707.385322
49440.000000	39558.871140	53599.526260	61861.193520	1774.416328
49500.000000	39097.956470	53628.537720	61553.828430	1857.277846
49560.000000	39336.486920	53425.727670	61582.440000	1800.217538
49620.000000	39436.962590	53314.081880	61872.288320	1813.287190
49680.000000	39237.651270	53537.993840	61694.232430	1763.966352
49740.000000	39171.717390	53500.176340	62226.207260	1795.031865
49800.000000	39359.846120	53339.370310	61563.987690	1785.983715
49860.000000	39255.757190	53405.926220	61480.335930	1815.099953
49920.000000	39389.487780	53592.238630	61816.689360	1742.445104
49980.000000	39380.326570	53370.492810	61655.490090	1754.829155
50040.000000	39494.796870	52919.859400	61796.907910	1716.616890
50100.000000	39200.159620	53579.244090	62130.511020	1782.259573
50160.000000	39340.935160	53371.586320	61851.847210	1743.756080
50220.000000	39134.855830	53389.674330	61756.609060	1767.557513
50280.000000	39307.859400	53576.989910	61713.446490	1731.365485
50340.000000	39188.914350	53514.986480	61480.076820	1733.976527
50400.000000	39070.082780	53643.542810	61468.522550	1793.611213
50460.000000	39432.099970	53582.472650	61527.509060	1813.805499
50520.000000	39521.074380	53105.274430	61459.592870	1804.740781
50580.000000	39434.214260	53687.308460	61439.002070	1803.742900
50640.000000	39599.224650	53113.908020	61421.118930	1751.535252
50700.000000	39388.569650	53644.020410	61795.062550	1772.868676
50760.000000	39399.693770	53641.980950	61458.051640	1745.791646
50820.000000	39172.772790	53306.228310	61602.433170	1790.110401
50880.000000	39183.436020	53639.465460	61635.860410	1771.887374
50940.000000	39451.545580	53401.024750	61935.849220	1778.648585
51000.000000	39441.236250	53276.564610	62050.292310	1778.422739
51060.000000	39350.902580	53407.133490	61778.228210	1745.010097
51120.000000	39237.308070	53509.549440	61648.264030	1772.409651
51180.000000	39543.316680	53592.613280	62103.183800	1766.227547
51240.000000	39490.677910	53390.811400	61514.200920	1710.833006
51300.000000	39348.108660	53297.332210	61690.640020	1760.356879
51360.000000	39452.694880	53262.110970	61921.625990	1830.850655
51420.000000	39420.004200	53211.813210	61903.903510	1798.115768
51480.000000	39415.446750	53394.087700	61773.136580	1827.066646
51540.000000	39481.049950	53570.523470	61813.961390	1838.695067
51600.000000	39390.416400	53394.619540	61545.230750	1727.130727
51660.000000	39370.955710	53751.006630	61782.742370	1755.098032
51720.000000	39405.481690	53398.781890	62092.195800	1781.667163
51780.000000	39739.843850	53394.643990	61602.168250	1802.623378
51840.000000	39353.044490	53258.824200	62139.974590	1790.272306
51900.000000	39627.563870	53503.616090	62008.632260	1713.206686
51960.000000	39455.003210	53308.649330	61632.697860	1771.179305
52020.000000	39342.576490	53387.331470	61978.067320	1731.487572
52080.000000	39632.633760	53446.130470	62063.884990	1706.666512
52140.000000	39505.317330	53385.488480	61900.497240	1781.724911
52200.000000	39735.342930	53310.671430	61936.289760	1815.584794
52260.000000	39649.354050	53342.795480	61931.442620	1738.584666
52320.000000	39342.567230	53334.031250	61842.706520	1818.740888
52380.000000	39739.747790	53368.187770	61840.558320	1780.373235
52440.000000	39656.702160	53537.551330	61888.897860	1820.565950
52500.000000	39401.196040	53608.357370	61777.251380	1795.684731
52560.000000	39579.349260	53370.987860	61721.558750	1832.584564
52620.000000	39763.470350	53264.723080	62085.522430	1774.369538
52680.000000	39391.494440	53439.363890	61973.225160	1803.899679
52740.000000	39465.381890	53336.138470	61965.786070	1781.013417
52800.000000	39520.995230	53098.147170	62160.260110	1802.235528
52860.000000	39783.754150	53116.258760	61919.874770	1807.687582
52920.000000	39603.404750	53300.766610	61978.582190	1790.702187
52980.000000	39366.908450	53253.452350	61970.990370	1790.678521
53040.000000	39574.629630	53344.944180	62085.985880	1781.375892
53100.000000	39492.521890	53419.384830	61981.402870	1776.465390
53160.000000	39399.524920	53247.262880	61887.342070	1792.451005
53220.000000	39587.185570	53272.882520	62124.804250	1779.652399
53280.000000	39554.939190	53179.662970	61702.850570	1774.817813
53340.000000	39469.077050	53633.878370	61725.175880	1745.852632
53400.000000	39628.287550	53281.094590	61578.136450	1779.239751
53460.000000	39809.602680	53407.986540	62189.460340	1774.664501
53520.000000	39647.589880	53404.931550	61763.421240	1743.599334
53580.000000	39567.630450	53286.842450	61994.731940	1825.785591
53640.000000	39233.747110	53513.876380	62086.786810	1825.297010
53700.000000	39762.385170	53274.171540	62070.907300	1776.540650
53760.000000	39726.571780	53409.400120	61944.318040	1732.448582
53820.000000	39288.541120	53454.386800	62189.446350	1800.518285
53880.000000	39561.937900	53573.811770	61920.907460	1779.365468
53940.000000	39742.444790	53439.914080	61643.802360	1792.145159
54000.000000	39538.773410	53513.672450	62004.120160	1808.818440
54060.000000	39709.709870	53138.597060	61604.868470	1740.081149
54120.000000	39372.447990	53437.557920	61907.768830	1781.928530
54180.000000	39550.158920	53340.094320	61781.249540	1767.347022
54240.000000	39626.832040	53247.554710	61967.982630	1760.000545
54300.000000	39787.538910	53235.455210	61777.574860	1805.891691
54360.000000	39419.248630	53528.363980	62058.785620	1823.086623
54420.000000	39617.500950	53483.228250	61890.683820	1844.950209
54480.000000	39527.370980	53490.238550	61863.521970	1773.995073
54540.000000	39760.365820	53469.582330	62190.784160	1799.805703
54600.000000	39626.176230	53408.613970	61729.650510	1756.522941
54660.000000	40031.519730	53279.470460	62021.770030	1780.338352
54720.000000	39839.068440	53536.782660	61839.905930	1774.617716
54780.000000	39658.712780	53140.546770	62192.613400	1866.458032
54840.000000	39723.190670	53608.518710	61652.631350	1778.572355
54900.000000	39693.259470	53627.143850	61893.870240	1750.945613
54960.000000	40043.743140	53390.923600	61821.491890	1827.393696
55020.000000	39804.348460	53281.153440	61817.015570	1766.946636
55080.000000	39830.172370	53185.792800	61938.268340	1737.447984
55140.000000	39720.668250	53248.575750	61781.493060	1801.452464
55200.000000	39727.683930	53458.934300	62092.409010	1880.494204
55260.000000	40051.904800	53268.441420	61902.351690	1902.333610
55320.000000	39704.928200	53141.704900	61755.250660	1765.410225
55380.000000	39808.545810	53065.718450	62100.839640	1799.545669
55440.000000	39386.112270	53290.720310	61949.953080	1812.001109
55500.000000	39989.551450	53424.273100	62306.510380	1803.740419
55560.000000	39683.590000	53339.606400	61945.911410	1852.731244
55620.000000	39651.974840	53550.967530	61993.415490	1775.511145
55680.000000	39907.374260	53106.439250	62177.330690	1791.782036
55740.000000	39662.248810	53624.924810	62391.952570	1750.621791
55800.000000	39848.341880	52992.124150	62097.981620	1813.223420
55860.000000	39562.148600	53246.181780	62245.737710	1836.257645
55920.000000	39969.238010	53409.877990	61839.649250	1826.621333
55980.000000	39615.391890	53383.881480	62343.446530	1853.096626
56040.000000	39788.958210	53301.530440	62292.493350	1749.130901
56100.000000	39725.540060	53370.341150	62361.800150	1798.217347
56160.000000	39687.835490	53407.773590	61804.439160	1839.022155
56220.000000	39552.334640	53069.379050	61939.563770	1825.588413
56280.000000	39977.987170	53119.974030	61912.881470	1823.479943
56340.000000	39632.707120	53361.394330	61753.637000	1766.388975
56400.000000	39971.963020	53106.732750	61809.899110	1789.172747
56460.000000	39660.090890	53381.514560	62120.239370	1828.203119
56520.000000	39814.846160	53166.626360	62029.416130	1822.295017
56580.000000	39889.398440	53350.217500	61967.692570	1848.854006
56640.000000	40024.208010	53459.069130	61812.351230	1812.190704
56700.000000	39947.517260	53115.547200	61799.924440	1787.356082
56760.000000	39901.425490	53083.728560	62265.468000	1843.882957
56820.000000	40063.426180	53360.431180	62097.942080	1772.884974
56880.000000	39658.317280	53034.916030	62180.663580	1821.532545
56940.000000	39820.011240	53374.483180	62212.272430	1780.449451
57000.000000	40008.734550	53212.366870	62043.456130	1830.675874
57060.000000	39879.481310	53255.595330	62008.337350	1803.582482
57120.000000	39809.562000	53430.722870	61895.860260	1826.607683
57180.000000	39990.847410	53190.617120	62228.231830	1801.712897
57240.000000	39871.441470	53210.012420	61947.305870	1829.855695
57300.000000	39888.627040	53355.844000	62430.579340	1838.332748
57360.000000	39928.651520	52840.299000	62181.278690	1797.234300
57420.000000	40085.776470	53035.507090	62207.883950	1828.586676
57480.000000	39786.703590	52987.975970	62431.172490	1786.052765
57540.000000	40057.769830	53012.102360	62122.015190	1846.208479
57600.000000	39750.582650	53227.934460	61954.508020	1862.021315
57660.000000	39783.682900	53079.874790	62227.508310	1808.058563
57720.000000	39867.995880	53066.143550	62290.755980	1817.124188
57780.000000	39869.996330	53229.468550	61868.698100	1847.007147
57840.000000	40093.520980	53375.177670	62307.622620	1802.232344
57900.000000	40013.261610	53206.057320	62111.333240	1907.431177
57960.000000	39821.078770	53138.237580	62318.308870	1843.541358
58020.000000	39943.510580	53142.338520	62329.656050	1887.023379
58080.000000	40052.578100	53258.957020	62287.773660	1875.597568
58140.000000	40007.644390	53339.753350	62041.810710	1871.140958
58200.000000	39910.911890	53528.909180	62297.289850	1859.916939
58260.000000	40130.953430	53327.430900	62041.750220	1810.659352
58320.000000	40128.770710	53401.868800	61917.275440	1831.238217
58380.000000	39894.856330	53077.852360	62087.430130	1848.099935
58440.000000	40196.370170	53482.179990	62125.851090	1884.868632
58500.000000	40067.722950	53208.716170	61912.336480	1882.943749
58560.000000	39858.400880	53185.931810	62204.618240	1857.808134
58620.000000	40017.901730	53272.043490	62504.555300	1872.160654
58680.000000	40110.241600	53463.864260	62278.340170	1935.339751
58740.000000	39904.119400	53341.485470	62097.615750	1868.001676
58800.000000	40000.895070	53424.644330	62044.672890	1888.792639
58860.000000	40186.728360	53414.369380	61958.828260	1862.144422
58920.000000	40052.278140	53306.042580	62058.041410	1865.759300
58980.000000	39846.347690	53124.949690	62166.265590	1889.384403
59040.000000	40211.628390	53255.484510	62201.223900	1915.740860
59100.000000	40078.126690	53313.424200	61811.099330	1871.012178
59160.000000	40285.978660	53051.919930	62205.584280	1812.497487
59220.000000	39990.596040	53374.380800	62294.381020	1850.249503
59280.000000	39862.402860	53151.273930	61981.945290	1868.024240
59340.000000	40264.392060	53353.925560	62029.931440	1891.383315
59400.000000	40148.227670	53102.683050	62565.803500	1850.400114
59460.000000	40280.439700	52905.997810	62002.605800	1903.672924
59520.000000	40064.616400	53272.230230	62222.580210	1881.611817
59580.000000	40054.395930	53112.474850	62038.815350	1836.830666
59640.000000	40563.890600	53428.029010	61988.598000	1878.084364
59700.000000	39976.664570	53333.936810	62171.261430	1968.289628
59760.000000	40252.121750	53274.016010	62243.204270	1856.861252
59820.000000	40259.839770	53178.504870	62236.588520	1878.053043
59880.000000	40235.619970	53079.651790	62054.486420	1873.391244
59940.000000	40123.227830	53116.653000	62537.639010	1917.505490
60000.000000	40343.865780	53253.163130	62170.106770	1849.840109
60060.000000	40388.994630	53159.719170	62194.941160	1851.196403
60120.000000	40177.874270	53149.023450	62093.405100	1872.804397
60180.000000	40309.777310	53195.986010	62203.157290	1872.700032
60240.000000	40293.078990	53039.206870	62161.420340	1808.197522
60300.000000	40388.065760	53156.787130	61841.373300	1820.288262
60360.000000	40105.885300	53327.162370	61761.725150	1813.151570
60420.000000	40136.150480	52996.947240	62263.468580	1753.968050
60480.000000	40260.654450	53220.613790	62327.968830	1831.754416
60540.000000	40205.046070	52857.124190	62065.783280	1825.483048
60600.000000	40084.276960	53192.957110	62186.584940	1883.805044
60660.000000	40217.317010	52993.831600	61888.377260	1822.732480
60720.000000	40152.055930	53031.493850	62246.519770	1809.017811
60780.000000	40168.265580	53457.162930	62369.944360	1819.960747
60840.000000	40392.537760	53078.591310	62106.311650	1804.632278
60900.000000	40093.516710	53258.064060	62357.464380	1796.510304
60960.000000	40068.370650	52976.221770	61943.202850	1795.958630
61020.000000	40026.749160	53124.683230	62258.666320	1837.162177
61080.000000	40293.590000	53443.868360	62103.235810	1814.350931
61140.000000	40350.955720	53288.325470	61888.842640	1810.017921
61200.000000	39902.195700	53324.207480	62467.887110	1810.644708
61260.000000	40251.186120	53054.191250	62238.591090	1784.007397
61320.000000	40117.772660	53257.009760	62148.973930	1799.327986
61380.000000	40131.403070	53190.324630	62089.681960	1873.611846
61440.000000	40282.379290	53185.170760	62565.770550	1829.603775
61500.000000	40166.343950	53019.367480	62184.226980	1848.408178
61560.000000	40432.733430	53540.515790	62258.802290	1830.190103
61620.000000	40294.549210	53178.236000	62560.795540	1799.482377
61680.000000	40043.788950	53440.494830	62434.976210	1825.905157
61740.000000	40101.504630	53104.371100	61930.253020	1800.407293
61800.000000	40066.129170	52948.946130	62185.715170	1841.938836
61860.000000	40280.293360	53050.954080	61720.677390	1751.291389
61920.000000	40248.740660	53007.538710	62133.549780	1811.967478
61980.000000	40196.510240	53192.570170	62342.425050	1868.618108
62040.000000	40240.237310	52877.717290	62047.951620	1784.179660
62100.000000	40411.585870	53204.048030	62011.697270	1835.594882
62160.000000	40394.166930	53034.044040	62021.349590	1828.209476
62220.000000	40393.819030	53188.153200	62236.245560	1831.069108
62280.000000	40427.463420	53416.494680	62386.555470	1776.579361
62340.000000	40293.851630	53681.084370	62087.367800	1796.955593
62400.000000	40218.818780	53277.399010	62174.577830	1859.427116
62460.000000	40400.333040	53276.084800	62105.399290	1823.555730
62520.000000	40308.294880	53388.184700	62672.048410	1778.701577
62580.000000	40406.806140	52975.093850	62242.800850	1805.034099
62640.000000	40278.444850	53127.170170	62092.025100	1775.038271
62700.000000	40375.467870	53255.391590	62144.751250	1790.693621
62760.000000	40255.055780	53109.572060	62590.475750	1830.856165
62820.000000	40424.200550	53112.832320	62150.849540	1836.752544
62880.000000	40409.278940	53125.138300	62290.065030	1788.453083
62940.000000	40278.970010	53094.872360	62392.019690	1829.985410
63000.000000	40332.931050	53072.245080	62058.802820	1840.375004
63060.000000	40536.733350	53128.115610	62414.884060	1820.604895
63120.000000	40414.293170	53203.371540	62227.805040	1818.688355
63180.000000	40407.360320	53260.612520	62307.331800	1855.817690
63240.000000	40357.442010	53054.017490	62413.211330	1856.625128
63300.000000	40258.508360	53119.682550	62312.517910	1874.070781
63360.000000	40326.663410	52967.834830	62121.584870	1835.734667
63420.000000	40327.053220	53332.498560	62480.322920	1800.697198
63480.000000	40250.465890	53138.196700	62796.831210	1789.542753
63540.000000	40163.326620	53168.877930	62333.157120	1794.254303
63600.000000	40103.870360	52981.625140	62062.590980	1840.840986
63660.000000	40489.067440	53434.457200	62350.463760	1837.597199
63720.000000	40400.296700	52965.780940	62343.247730	1851.871811
63780.000000	40314.059960	53021.670350	61944.572220	1828.349972
63840.000000	40569.352420	53190.106240	62244.602090	1866.389148
63900.000000	40609.387830	53128.786190	62469.627520	1848.947586
63960.000000	40444.171000	53310.834450	62365.797070	1819.218445
64020.000000	40498.313100	52822.361440	62269.958190	1839.048591
64080.000000	40412.445700	53189.785080	62372.244870	1842.916369
64140.000000	40400.050020	53032.398240	62351.497640	1894.845375
64200.000000	40551.784140	53309.473870	62032.956650	1866.928223
64260.000000	40397.798000	53214.631950	61907.359470	1781.203826
64320.000000	40414.565390	53258.154760	62085.043030	1826.076075
64380.000000	40422.221240	53264.140360	62125.105410	1777.616613
64440.000000	40517.649200	53130.793740	62407.225010	1818.239074
64500.000000	40573.544630	53187.350990	62199.813820	1825.623904
64560.000000	40628.842340	53233.428240	62305.133660	1872.175057
64620.000000	40348.280740	53316.956590	62185.117440	1811.156188
64680.000000	40408.802930	52907.236600	62594.217750	1835.407618
64740.000000	40536.849250	53149.696240	62178.640290	1868.929762
64800.000000	40554.979680	53233.064460	62116.908800	1907.723096
64860.000000	40554.981160	53234.388640	62334.710290	1837.205978
64920.000000	40708.554690	53216.839940	62245.002580	1850.327518
64980.000000	40329.980900	53135.382440	62650.300670	1788.889619
65040.000000	40271.996190	53280.951780	62521.094830	1798.892944
65100.000000	40383.277960	53149.458860	62216.024070	1824.688094
65160.000000	40625.650290	53163.281170	62237.859200	1904.434626
65220.000000	40709.674560	53191.865550	62350.892610	1797.722031
65280.000000	40630.725460	52955.369080	62493.394430	1782.649176
65340.000000	40591.015780	53119.791010	62291.761060	1877.823521
65400.000000	40656.306710	52974.767880	62124.221640	1857.974683
65460.000000	40573.683300	53223.490530	62435.419490	1812.219664
65520.000000	40595.662690	53093.858800	62423.625800	1808.866203
65580.000000	40308.850350	53288.549170	62347.688050	1857.360495
65640.000000	40488.907640	53175.699120	62064.850700	1831.278172
65700.000000	40632.634760	52968.127850	62199.102750	1845.436543
65760.000000	40535.587900	53039.645000	62622.092090	1801.212449
65820.000000	40422.213230	53143.836750	62484.028100	1872.881109
65880.000000	40723.148220	53147.610870	62348.981120	1819.534223
65940.000000	40692.924880	52829.058160	62333.097090	1834.231620
66000.000000	40585.516720	53076.893120	62821.162800	1802.669763
66060.000000	40606.448660	53472.893150	62699.866150	1835.570728
66120.000000	40352.925460	52854.148870	62380.636930	1909.032486
66180.000000	40793.350390	53088.381180	62200.794690	1808.389704
66240.000000	40459.885250	53054.742960	62251.044950	1835.778802
66300.000000	40636.229310	52988.482450	62350.937810	1851.585050
66360.000000	40715.335860	53529.551200	62336.444560	1853.646332
66767.500000	83420.077810	85391.991250	84491.170620	1761.546850
66811.500000	85095.163440	86932.256880	89522.243450	1777.866103
66855.500000	84904.518300	88464.630890	92777.653220	1865.578123
66899.500000	85475.938210	89276.101560	94148.033100	1871.320186
66943.500000	85641.170490	89608.998910	95798.409970	1882.506599
66987.500000	86181.709550	90433.096000	97024.583320	1855.560376
67031.500000	86422.041260	91175.279380	97368.612960	1961.160740
67075.500000	86756.740260	90447.002470	97821.125300	1847.757477
67119.500000	86927.980660	91311.821650	98537.223000	1869.626876
67163.500000	86564.871130	90890.027320	98642.300020	1875.592656
67207.500000	87188.486630	91485.027950	98747.417060	1909.238140
67251.500000	87440.283940	91539.297500	98622.950820	1881.774863
67295.500000	87274.137590	91910.689950	98930.287890	1967.469122
67339.500000	87124.486350	91750.893370	98854.946590	1927.800062
67383.500000	87125.331520	91718.297810	99340.965360	1881.835473
67427.500000	87488.226300	91842.689720	99316.266650	1827.266377
67471.500000	87452.541600	91572.024270	99334.025610	1861.704063
67515.500000	87599.743550	91875.528530	99857.110440	1921.089072
67559.500000	87753.832950	91879.534900	99361.272000	1881.839080
67603.500000	87759.589060	92293.567830	99467.354710	1864.541591
67647.500000	87681.971210	91987.046340	99331.871010	1910.463094
67691.500000	87786.661060	92109.070280	99581.528760	1933.714544
67740.000000	87979.387230	92118.420200	100190.724000	1871.526334
67800.000000	88014.896160	92460.559070	99511.165680	1925.277671
67860.000000	87889.847280	92344.672660	100057.538800	1953.500820
67920.000000	88028.331610	92199.795580	99788.829300	1998.514142
67980.000000	88362.025130	92355.271390	99906.009950	2050.949806
68040.000000	87846.186320	92548.884790	100485.069800	2067.602921
68100.000000	88056.617390	93005.752540	100125.595600	1962.217136
68160.000000	87985.827410	92486.879710	100190.580200	2015.755560
68220.000000	88056.361800	92798.793330	100437.602500	1977.167414
68280.000000	88478.536730	92957.020140	100259.154300	1918.263884
68340.000000	87869.258110	92814.568630	100245.912100	1977.397060
68400.000000	88086.872830	93063.345630	100173.570200	1987.338450
68460.000000	88428.682700	92660.157060	100506.322400	2059.351363
68520.000000	88471.180030	92739.321450	100599.158400	2014.734836
68580.000000	88591.451670	92834.315450	100116.124100	2021.901147
68640.000000	88637.927080	92861.512560	100572.257100	2066.209200
68700.000000	88512.478990	92738.012130	100419.676500	2052.725361
68760.000000	88606.714470	92946.898530	100989.249400	2069.164683
68820.000000	88971.494100	93099.529370	100576.898900	2053.011341
68880.000000	88815.805760	93189.858550	100353.490200	2006.632216
68940.000000	88711.443800	93157.083980	100810.009700	2060.884590
69000.000000	88941.409420	93225.090240	100620.914100	2024.697831
69060.000000	89392.684730	93661.441350	100959.892400	2072.079440
69120.000000	88997.313570	93652.396020	101175.411700	2030.645970
69180.000000	88928.200650	93530.745460	101254.025700	2106.021420
69240.000000	88550.803690	93425.737220	100513.040200	2049.273803
69300.000000	89108.021780	93160.379110	100925.541300	2050.193727
69360.000000	89152.018960	93687.938490	101205.386500	2127.162086
69420.000000	89112.580210	93610.694720	101066.451900	2119.136635
69480.000000	88975.395860	93669.361980	101054.964000	2121.451371
69540.000000	89326.166870	93463.209420	101030.452200	2164.765020
69600.000000	89656.118770	94025.211750	101217.471300	2129.700053
69660.000000	89313.442390	93730.255800	101063.012900	2154.635851
69720.000000	89209.149640	93654.488760	100923.718200	2040.814339
69780.000000	89543.006390	93677.345990	101145.707100	2133.487413
69840.000000	89553.015830	94050.580800	101628.238500	2124.841656
69900.000000	89749.587860	93925.070280	101359.737700	2123.488085
69960.000000	89269.859240	93734.431460	101679.033900	2069.081098
70020.000000	89479.042650	93854.761340	101557.736400	2212.836833
70080.000000	89406.679840	93917.950000	100939.439000	2113.406709
70140.000000	89762.494980	94033.027410	101438.899100	2074.465336
70200.000000	89401.612390	93800.634390	101040.231600	2114.106095
70260.000000	89607.895720	94290.097500	101478.069000	2127.082174
70320.000000	89704.232390	94188.674670	101620.276300	2141.106186
70380.000000	89458.583140	93876.114300	101597.501200	2161.796744
70440.000000	89586.553570	94114.242400	101138.382900	2128.402509
70500.000000	89613.868180	93961.482420	101576.307900	2097.274949
70560.000000	89548.357620	94069.875980	101136.190800	2195.783067
70620.000000	89597.308780	94492.427010	101378.450300	2154.525550
70680.000000	89979.409920	94022.141460	101690.389700	2177.844119
70740.000000	89976.090470	94245.693370	101345.845900	2079.920787
70800.000000	89559.636640	94245.707080	101842.561900	2150.385636
70860.000000	89872.649800	94587.081140	101401.830700	2143.127021
70920.000000	89684.459990	94105.032230	101350.924800	2231.294488
70980.000000	89842.339460	94656.734210	101735.295400	2129.399990
71040.000000	89950.850140	94629.116290	101643.525400	2088.657864
71100.000000	90078.771760	94593.924810	101495.408800	2159.971862
71160.000000	89974.098570	93942.407510	101260.151900	2150.325979
71220.000000	90009.646020	94078.035750	101874.134700	2200.478998
71280.000000	90070.290300	94137.957880	101866.442200	2237.953508
71340.000000	90120.848870	94434.315620	101612.308600	2218.415903
71400.000000	90457.474800	94594.357830	102085.271000	2162.988676
71460.000000	90206.918940	94411.777680	101887.205800	2227.250860
71520.000000	89944.696400	94457.415110	102010.427400	2200.907968
71580.000000	90178.587570	94786.167390	102092.047000	2173.727009
71640.000000	90031.703960	94445.208340	101964.006000	2143.387434
71700.000000	89843.790290	94937.632640	102198.730400	2178.968177
71760.000000	90069.038460	94516.227050	102021.157000	2123.749886
71820.000000	89883.457910	94460.112930	101983.111300	2176.098777
71880.000000	90447.739920	94722.186900	101736.164600	2179.689815
71940.000000	90234.401090	94370.390270	101922.506800	2151.562580
72000.000000	90108.816280	94808.432620	101577.899200	2159.106713
72060.000000	90479.918400	94508.356250	102124.907000	2120.691758
72120.000000	89985.250840	95198.591490	101476.539700	2169.571241
72180.000000	90542.390650	94977.570050	101991.929200	2208.929385
72240.000000	90493.468080	94736.651940	102267.373400	2249.926724
72300.000000	89716.354490	94993.831510	102349.027000	2177.219180
72360.000000	90466.451430	94573.866970	102518.689300	2150.040921
72420.000000	90651.336970	95136.796280	101870.915600	2144.354865
72480.000000	90585.091320	94806.750200	102182.078000	2171.329366
72540.000000	90534.158190	94772.423320	102278.771900	2224.721699
72600.000000	90549.121200	94856.148610	102244.947800	2216.375769
72660.000000	90222.441110	95287.127620	102610.971200	2135.778910
72720.000000	90655.746750	94905.223430	102358.184100	2202.931907
72780.000000	90201.775150	95093.043570	102282.498600	2190.545189
72840.000000	90346.094390	95100.275180	102574.444800	2187.959470
72900.000000	90684.274270	94552.790260	102313.863100	2184.855357
72960.000000	90706.113160	94990.878640	102606.291000	2239.668792
73020.000000	90303.427330	95123.403910	102106.147900	2223.957098
73080.000000	90620.881340	95180.662980	102618.371800	2216.775615
73140.000000	90662.509270	95701.342360	102342.742700	2215.836151
73200.000000	90512.622780	95009.042130	102471.204900	2181.240456
73260.000000	90406.298930	95058.972950	102364.087700	2250.822758
73320.000000	90689.030510	94872.169310	102549.887500	2255.552796
73380.000000	90522.462440	95373.121500	102449.722500	2250.514212
73440.000000	90889.574200	95183.150430	102568.785900	2209.628422
73500.000000	90770.139830	95052.111640	102681.666100	2267.810850
73560.000000	91343.805050	95665.277020	102431.677500	2182.313673
73620.000000	91066.267640	95609.181570	102473.243500	2228.097828
73680.000000	90954.429060	95571.607150	102580.152200	2170.204008
73740.000000	91132.247510	95502.004890	102483.585600	2171.059127
73800.000000	90897.456990	95167.069890	102555.836000	2161.242087
73860.000000	91316.210620	95476.942300	102488.646100	2176.869810
73920.000000	90659.029500	95504.536250	102385.698200	2237.754619
73980.000000	90959.304310	95267.362640	102374.710400	2209.039590
74040.000000	91110.639840	95217.453700	102727.731600	2234.764990
74100.000000	91051.214600	95170.471480	102671.294900	2243.732199
74160.000000	90688.858710	95176.977430	102341.158800	2199.335701
74220.000000	91148.779980	95651.401130	102838.333000	2209.061854
74280.000000	91365.135990	95129.681730	102529.696200	2207.124309
74340.000000	90936.960150	95640.897360	102420.969800	2185.904425
