0.000000	3491.221184	3616.736714	3766.281600	3885.406263
60.000000	3432.289169	3728.578529	3696.668239	3929.770355
120.000000	3469.627649	3727.795191	3837.595224	3939.930864
180.000000	3540.198667	3707.458096	3740.340166	3961.197345
240.000000	3638.066999	3708.598849	3779.178301	3987.850988
300.000000	3433.205305	3696.713854	3794.257020	3927.588336
952.800000	3643.819436	3801.316194	3794.058945	3931.784507
996.800000	3638.325112	3863.629982	3764.314607	3866.649895
1040.800000	3657.828029	3765.614310	3803.835618	3966.076005
1084.800000	3644.428840	3710.808124	3765.290951	3965.365817
1128.800000	3668.772405	3762.253591	3724.324171	4044.277225
1172.800000	3657.724921	3821.775287	3784.883173	3947.942791
1216.800000	3687.357912	3785.748134	3785.387576	4032.139813
1260.800000	3635.454446	3772.637995	3837.880888	4104.458344
1304.800000	3755.376720	3832.184839	3764.248715	4032.065232
1348.800000	3652.305188	3850.199265	3847.391152	4197.370319
1392.800000	3585.806092	3787.003136	3823.634269	4192.494366
1436.800000	3669.095882	3858.897202	3848.009174	4214.912793
1480.800000	3731.053283	3816.548714	3890.033474	4122.196472
1524.800000	3598.983385	3782.813370	3825.934692	4135.618156
1568.800000	3694.826520	3876.538401	3904.232436	4176.269976
1612.800000	3748.250535	3852.689523	3843.079338	4353.527533
1656.800000	3763.408079	3849.554842	3933.694415	4248.029483
1700.800000	3828.304467	3791.766905	3949.183648	4319.736195
1744.800000	3778.979265	3846.895679	3910.125587	4309.229504
1788.800000	3794.401127	3856.033734	3874.384238	4367.967407
1832.800000	3830.946339	3837.035939	3926.479573	4456.929616
1876.800000	3832.360747	3930.938315	4026.472656	4477.684261
1920.800000	3870.822572	3865.162690	4021.060712	4383.947307
1964.800000	3848.892873	3841.996616	4001.151076	4494.460451
2008.800000	3804.347300	3856.312142	4017.339217	4436.663548
2052.800000	3858.617167	4002.470517	4066.901648	4542.817216
2096.800000	3860.225136	3857.108977	4028.907166	4642.247069
2140.800000	3857.056330	3922.241264	4057.094686	4626.934897
2184.800000	3870.474831	3921.519191	4119.220215	4628.876715
2228.800000	3912.150514	3897.778645	4075.958258	4731.735636
2272.800000	3880.738287	3907.114433	4031.708078	4639.087257
2316.800000	3821.451929	3822.481499	4118.084746	4769.158472
2360.800000	3866.189474	3881.777637	4128.320424	4635.240617
2404.800000	3980.378022	3860.217745	4121.094842	4754.114128
2448.800000	3900.260260	4011.488016	4094.797527	4863.761797
2492.800000	3980.684654	3915.033340	4115.130413	4666.084114
2536.800000	3972.955579	3914.667433	4186.941050	4769.688116
2580.800000	3976.734841	4004.591362	4154.540786	4774.000106
2640.000000	3921.899871	3984.500942	4149.091998	4860.856470
2700.000000	3930.924647	4025.975536	4115.755128	4840.602481
2760.000000	3940.425421	4096.342231	4235.301091	4880.539340
2820.000000	3926.212647	3896.228130	4101.433972	4902.621970
2880.000000	3938.614711	3998.299860	4111.158990	4964.616201
2940.000000	3968.782999	3883.871988	4170.030174	4922.692488
3000.000000	4031.096343	4006.972574	4214.710507	4908.292059
3060.000000	4044.066111	3927.252281	4260.930150	5020.190472
3120.000000	3992.018861	4001.746813	4207.870344	5099.993409
3180.000000	4066.168846	4027.782889	4342.247718	5093.992837
3240.000000	3944.514923	3979.940712	4187.859361	5067.523869
3300.000000	4034.925000	4080.021567	4167.623671	5140.520492
3360.000000	4113.724531	3957.335118	4300.345490	5126.015565
3420.000000	4008.342503	4049.226348	4316.882568	5141.140134
3480.000000	4062.751545	4039.119895	4403.779179	5155.590891
3540.000000	4165.828713	4046.496973	4288.464095	5168.645016
3600.000000	4043.869563	4044.212041	4407.147326	5280.524840
3660.000000	4055.973100	4004.537611	4305.411818	5272.380696
3720.000000	4236.312076	4085.432073	4329.184411	5306.913083
3780.000000	4166.757649	4127.888357	4372.988918	5252.501925
3840.000000	4129.518431	4066.126682	4363.632836	5334.609162
3900.000000	4138.478978	4064.871114	4434.185249	5497.148755
3960.000000	4201.703110	4163.252308	4466.401243	5496.250680
4020.000000	4149.951651	4085.922783	4380.224446	5451.642291
4080.000000	4157.717441	4161.121419	4428.338256	5356.438090
4140.000000	4185.437048	4120.509249	4394.391947	5525.012010
4200.000000	4186.134049	3965.744407	4474.731993	5432.403429
4260.000000	4116.575927	4085.095990	4453.596422	5423.065498
4320.000000	4178.886480	4063.443459	4488.511774	5559.672591
4380.000000	4136.184797	4041.643153	4457.931988	5588.767164
4440.000000	4132.169719	4119.481806	4459.482465	5502.442996
4500.000000	4278.556956	4123.608474	4516.439581	5577.108440
4560.000000	4257.220686	4105.594998	4479.295716	5577.573702
4620.000000	4213.614312	4148.950398	4466.861982	5647.135425
4680.000000	4190.934572	4097.774607	4608.381612	5600.880069
4740.000000	4248.388296	4098.279380	4517.395967	5706.517398
4800.000000	4264.656310	4147.054344	4447.739066	5604.769624
4860.000000	4244.779384	4184.963702	4521.728017	5637.352016
4920.000000	4220.175841	4146.651011	4489.367733	5699.883676
4980.000000	4309.952742	4128.426213	4630.478105	5708.129841
5040.000000	4306.622651	4182.882388	4621.221587	5749.833310
5100.000000	4319.154287	4147.093952	4609.099734	5702.101908
5160.000000	4363.536862	4247.451626	4617.685512	5835.568208
5220.000000	4254.964684	4169.156300	4644.458143	5812.259133
5280.000000	4404.547575	4175.573091	4620.869254	5739.448959
5340.000000	4218.233101	4221.270131	4651.074733	5786.756869
5400.000000	4315.650827	4187.015884	4599.315799	5845.865350
5460.000000	4305.443792	4202.807703	4706.076578	5841.089715
5520.000000	4363.252851	4339.065287	4677.789606	5881.268697
5580.000000	4451.287345	4208.707584	4641.887247	5886.214123
5640.000000	4361.864398	4262.232295	4638.640956	5938.119670
5700.000000	4410.658743	4167.140979	4652.381538	5866.088213
5760.000000	4403.218140	4226.922040	4782.778690	5953.400636
5820.000000	4500.828882	4144.437668	4685.874650	5859.158338
5880.000000	4403.500824	4277.584692	4672.996844	5864.688527
5940.000000	4464.806290	4198.619136	4729.994711	5928.145965
6000.000000	4413.550137	4257.764288	4764.394069	6013.751579
6060.000000	4391.043636	4267.510526	4706.888966	6002.761212
6120.000000	4363.512017	4205.665457	4765.358814	5929.740294
6180.000000	4446.528763	4312.151855	4791.757807	5998.134935
6240.000000	4431.713882	4260.870195	4757.485852	5946.136887
6300.000000	4485.143055	4227.121237	4805.537988	6057.376399
6360.000000	4500.082582	4308.675773	4804.027048	6081.109683
6420.000000	4444.505655	4216.645377	4727.018093	5987.876172
6480.000000	4404.290477	4243.201667	4788.175942	6154.064010
6540.000000	4494.091457	4200.186871	4791.146369	6124.656034
6600.000000	4480.590882	4302.333889	4835.578586	6105.871875
6660.000000	4469.554890	4300.890979	4882.595243	6159.158168
6720.000000	4457.128936	4161.942917	4797.601199	5985.053185
6780.000000	4458.286329	4233.985320	4839.953027	6039.006942
6840.000000	4463.039372	4285.301918	4782.706589	5971.514394
6900.000000	4449.744265	4220.390561	4817.739576	6097.775004
6960.000000	4394.745104	4223.443176	4902.236834	6007.118864
7020.000000	4454.890627	4225.992153	4779.052627	6022.565935
7080.000000	4547.829344	4303.840498	4862.738294	6156.526747
7140.000000	4541.781016	4292.612586	4869.894470	6145.442821
7200.000000	4536.991848	4358.617228	4926.061226	6153.143224
7260.000000	4505.744900	4404.399455	4924.771656	6037.096375
7320.000000	4538.576392	4297.211936	4899.730620	6309.459503
7380.000000	4606.214941	4290.786475	4828.953540	6090.786247
7440.000000	4575.888645	4325.095727	4877.708346	6301.274350
7500.000000	4583.617407	4326.286764	4970.189920	6200.566154
7560.000000	4511.918746	4314.316240	4888.994464	6316.024367
7620.000000	4489.432701	4268.324919	4961.318702	6152.924402
7680.000000	4662.503080	4305.817632	4825.199248	6191.958187
7740.000000	4492.753841	4351.852224	4965.039000	6232.154527
7800.000000	4607.514450	4413.742290	4949.144008	6169.342748
7860.000000	4526.748352	4437.967209	4967.064726	6219.713193
7920.000000	4629.278897	4304.922217	4870.142895	6248.519693
7980.000000	4682.942921	4298.714890	4932.084253	6233.488899
8040.000000	4618.054269	4379.833705	5088.907748	6195.136251
8100.000000	4566.132426	4349.550820	4933.184560	6444.398626
8160.000000	4540.059436	4325.136830	5035.860369	6321.229318
8220.000000	4580.647128	4379.809030	4922.553270	6282.930037
8280.000000	4548.035791	4382.340797	4959.670078	6288.933281
8340.000000	4569.831709	4244.360461	4881.608927	6330.569061
8400.000000	4649.222179	4428.320253	4917.136769	6218.124470
8460.000000	4592.873662	4352.839016	5039.326213	6364.613472
8520.000000	4558.445313	4312.318730	5086.222994	6277.037749
8580.000000	4665.529619	4289.270720	4985.695021	6289.157886
8640.000000	4701.079439	4334.314688	5057.149246	6379.162801
8700.000000	4634.530842	4302.763472	5009.074702	6333.890614
8760.000000	4598.913103	4327.662287	4936.318014	6247.754752
8820.000000	4643.332952	4315.238580	5125.341593	6306.056273
8880.000000	4717.733952	4356.026382	5062.173827	6359.155936
8940.000000	4664.427170	4370.105405	4982.941260	6435.243767
9000.000000	4644.137814	4305.294708	5012.354853	6392.142274
9060.000000	4729.656133	4342.557665	4999.762559	6379.774169
9120.000000	4800.058340	4271.511108	5114.896781	6354.195067
9180.000000	4741.978799	4346.521350	5024.593030	6349.521405
9240.000000	4590.284782	4305.218520	5092.760640	6280.740066
9300.000000	4641.049105	4383.693084	5102.117931	6274.265236
9360.000000	4688.392046	4368.742176	5046.772633	6325.909784
9420.000000	4731.994494	4437.484346	5058.907750	6242.515793
9480.000000	4606.582956	4381.946595	5047.754814	6334.693670
9540.000000	4663.474589	4340.432200	4998.281764	6410.362931
9600.000000	4688.834981	4311.761284	5078.307094	6381.456532
9660.000000	4665.177725	4371.362948	5056.383930	6322.540286
9720.000000	4663.381781	4332.377152	5009.150047	6295.893125
9780.000000	4686.907741	4304.003626	5094.442762	6303.771337
9840.000000	4654.867899	4293.025531	5096.815089	6373.796159
9900.000000	4709.525067	4332.750250	5060.461258	6341.693142
9960.000000	4717.073701	4344.851999	4971.395356	6334.142130
10020.000000	4686.637827	4274.163912	5119.924986	6436.760726
10080.000000	4656.908106	4424.634727	5062.448502	6404.799798
10140.000000	4658.034656	4302.428846	5012.096761	6418.120444
10200.000000	4607.416869	4249.642833	5118.852367	6479.311132
10260.000000	4775.344883	4403.985377	5015.487600	6454.962617
10320.000000	4763.627766	4256.504802	5098.831749	6387.145421
10380.000000	4666.538157	4285.750538	5054.781638	6307.298028
10440.000000	4595.571115	4371.105677	5010.541067	6448.427190
10500.000000	4728.258008	4293.934542	5074.894183	6402.637126
10560.000000	4754.962528	4307.280819	5080.785302	6347.447771
10620.000000	4809.470426	4339.228536	5033.037856	6389.659950
10680.000000	4723.155549	4368.845585	5145.266964	6429.727035
10740.000000	4664.205495	4341.441798	5091.615021	6474.321564
10800.000000	4678.666860	4384.846614	5138.821517	6395.059231
10860.000000	4670.894652	4279.720132	5065.180153	6463.657389
10920.000000	4680.873891	4395.732871	5168.476032	6361.393294
10980.000000	4743.366021	4327.153921	5145.379873	6449.451257
11040.000000	4726.507996	4296.879114	5153.103549	6419.895256
11100.000000	4701.098919	4399.965118	5137.132389	6441.834572
11160.000000	4783.419653	4433.483355	5207.603792	6569.305210
11220.000000	4720.178945	4394.560048	5206.514858	6435.294411
11280.000000	4716.195998	4381.402346	5210.109262	6423.776369
11340.000000	4749.621868	4390.694586	5147.360423	6482.420193
11400.000000	4810.992934	4334.411342	5117.661112	6478.477081
11460.000000	4773.094434	4439.144705	5141.274748	6468.736515
11520.000000	4779.475793	4439.440337	5198.701667	6471.247029
11580.000000	4723.796262	4331.477466	5235.976520	6505.187657
11640.000000	4705.002122	4300.412400	5178.590873	6474.129138
11700.000000	4752.116042	4380.406171	5153.493241	6560.746338
11760.000000	4836.009137	4382.760439	5208.240855	6438.575054
11820.000000	4791.264514	4325.542911	5254.501754	6453.202773
11880.000000	4791.083892	4419.463891	5286.650583	6430.346785
11940.000000	4760.071401	4410.189860	5119.041337	6428.818145
12000.000000	4735.436555	4373.216267	5158.528820	6575.931459
12060.000000	4753.284414	4442.445086	5234.868543	6512.819306
12120.000000	4745.881205	4434.200101	5250.696131	6572.973201
12180.000000	4867.903754	4500.103933	5254.972454	6469.249472
12240.000000	4818.336907	4470.506410	5325.518160	6562.958091
12300.000000	4826.307139	4404.377411	5254.577888	6505.270567
12360.000000	4851.091580	4459.892838	5185.371390	6559.271196
12420.000000	4843.660931	4405.142768	5205.713192	6507.776457
12480.000000	4857.293326	4488.665364	5265.242154	6401.485137
12540.000000	4763.356525	4364.882514	5312.727205	6510.097215
12600.000000	4921.445151	4440.004121	5256.143585	6571.124122
12660.000000	4968.081220	4370.189463	5301.483425	6575.654404
12720.000000	4862.978431	4492.377227	5374.014916	6510.352906
12780.000000	4898.891993	4488.564244	5281.267274	6628.751581
12840.000000	4941.889877	4544.752502	5273.799236	6589.293585
12900.000000	4916.393494	4486.251115	5267.776227	6638.794439
12960.000000	4937.369530	4409.734208	5293.536253	6597.869031
13020.000000	4907.970746	4472.295546	5375.082253	6581.186284
13080.000000	4849.208748	4472.678239	5320.618994	6570.752262
13140.000000	4923.642708	4545.116471	5255.480335	6521.683892
13200.000000	4885.006496	4500.534591	5238.541770	6553.794691
13260.000000	4852.092612	4568.150430	5288.805857	6515.324117
13320.000000	4859.720544	4504.312175	5401.760105	6640.662282
13380.000000	4890.675630	4462.074524	5291.813881	6653.981008
13440.000000	4908.527686	4484.813943	5373.282717	6528.099482
13500.000000	4922.153766	4516.436060	5298.449280	6585.128290
13560.000000	5005.788257	4448.415626	5286.860608	6567.786457
13620.000000	4974.781090	4490.944085	5402.877798	6567.716521
13680.000000	5004.606480	4512.817859	5315.320754	6709.637606
13740.000000	4851.880991	4528.377143	5417.473737	6546.702075
13800.000000	4863.654249	4590.340498	5237.396855	6577.240494
13860.000000	4885.534719	4479.886606	5428.869655	6499.747590
13920.000000	4985.411828	4487.745483	5285.893000	6625.885337
13980.000000	4883.244832	4463.852359	5365.530360	6595.304432
14040.000000	4952.012515	4506.465192	5484.957802	6534.813815
14100.000000	4978.437341	4576.942643	5450.461965	6623.359714
14160.000000	4943.482131	4520.863381	5309.652048	6663.019951
14220.000000	5035.010406	4537.354385	5375.079673	6658.270059
14280.000000	5079.098630	4521.477740	5444.304601	6608.248699
14340.000000	5054.616433	4530.637821	5372.243727	6700.284003
14400.000000	4947.871835	4552.116967	5335.584068	6619.129702
14460.000000	4956.378997	4608.784466	5337.561079	6689.203318
14520.000000	4926.061007	4485.394614	5380.878904	6651.078053
14580.000000	4951.602144	4680.241847	5417.018787	6646.227318
14640.000000	5026.213392	4605.090458	5363.098675	6615.680098
14700.000000	4959.631244	4548.673884	5437.352586	6743.898823
14760.000000	4973.254898	4572.523708	5397.424007	6645.700436
14820.000000	4956.117014	4568.547401	5465.157462	6622.891674
14880.000000	5092.413340	4633.394545	5496.011563	6565.901189
14940.000000	4959.053117	4488.901864	5467.686687	6663.940422
15000.000000	5014.902958	4603.643655	5386.554779	6560.146677
15060.000000	4941.323582	4580.900195	5459.302920	6718.834672
15120.000000	5048.147165	4618.697308	5507.096410	6697.418930
15180.000000	4955.493919	4555.231101	5353.106215	6754.138161
15240.000000	5049.358739	4602.120973	5481.399088	6707.966640
15300.000000	4999.683352	4604.853526	5409.220319	6832.451508
15360.000000	4999.408482	4599.076258	5371.860470	6639.380229
15420.000000	5015.370147	4612.891520	5463.158026	6637.893015
15480.000000	5081.568893	4520.470885	5478.195086	6629.949160
15540.000000	5119.057747	4551.180248	5386.296988	6656.010905
15600.000000	5024.230057	4642.403791	5555.640950	6671.056088
15660.000000	5022.229224	4568.318192	5494.568836	6658.527932
15720.000000	5097.852771	4522.936515	5502.156432	6658.334335
15780.000000	4993.759003	4515.796407	5490.446594	6665.908577
15840.000000	5056.834190	4635.009229	5488.267646	6605.839118
15900.000000	5150.973671	4713.184541	5520.932156	6611.333152
15960.000000	5028.586777	4662.240406	5540.279315	6696.500466
16020.000000	5092.292093	4630.210067	5485.140627	6678.231119
16080.000000	5033.228733	4629.329336	5521.605877	6670.552861
16140.000000	5075.842644	4632.453354	5469.285094	6779.221901
16200.000000	5097.637480	4718.292045	5510.955699	6828.009469
16260.000000	5078.417087	4597.253915	5447.650599	6710.158077
16320.000000	5049.943602	4672.045785	5578.841414	6668.288047
16380.000000	5119.437539	4633.156812	5522.217298	6698.377959
16440.000000	5151.102861	4630.978920	5522.513848	6715.742507
16500.000000	5126.226674	4600.856257	5584.939157	6716.349427
16560.000000	5095.342520	4694.183843	5559.583079	6723.776791
16620.000000	5006.671722	4734.052416	5532.461592	6712.837437
16680.000000	5167.796066	4695.563749	5569.002613	6713.234566
16740.000000	5038.284316	4632.085946	5474.300705	6676.870447
16800.000000	5115.523530	4718.040674	5586.559937	6686.412272
16860.000000	5219.429007	4739.240760	5648.723521	6789.776413
16920.000000	5142.192917	4775.796222	5513.440997	6690.399133
16980.000000	5134.920295	4666.051395	5622.695207	6679.370492
17040.000000	5023.439997	4711.834882	5441.092794	6682.351946
17100.000000	5171.025548	4656.732944	5506.433149	6753.440950
17160.000000	5107.039096	4656.318971	5565.483151	6699.087702
17220.000000	5159.235791	4734.722903	5609.817854	6681.959862
17280.000000	5127.867453	4635.837984	5503.401959	6733.372210
17340.000000	5102.035911	4708.158131	5661.106948	6753.425558
17400.000000	5119.383406	4736.683274	5604.105992	6578.001766
17460.000000	5115.025568	4721.527047	5533.481265	6680.329702
17520.000000	5171.301776	4737.193190	5559.582265	6744.266748
17580.000000	5212.112993	4774.085760	5611.910271	6742.073482
17640.000000	5006.871848	4674.522314	5662.394140	6714.440767
17700.000000	5192.622079	4629.330691	5570.286157	6669.431164
17760.000000	5213.538175	4625.487441	5587.196985	6771.799406
17820.000000	5242.819371	4739.359285	5513.617525	6728.282133
17880.000000	5093.174454	4674.128856	5694.544937	6727.027322
17940.000000	5146.297986	4695.975723	5545.034176	6775.459159
18000.000000	5190.047541	4767.543792	5716.082307	6759.907656
18060.000000	5133.923342	4684.375673	5678.796070	6621.529276
18120.000000	5279.443948	4717.793312	5581.522853	6655.045383
18180.000000	5205.941773	4780.943354	5642.710065	6643.621970
18240.000000	5189.219814	4693.565435	5535.607778	6757.243636
18300.000000	5197.921790	4741.132265	5675.958538	6684.661813
18360.000000	5177.343696	4715.937379	5554.196454	6808.341351
18420.000000	5259.406016	4770.624863	5637.374222	6689.984508
18480.000000	5239.339634	4761.888864	5679.553037	6757.546038
18540.000000	5204.457775	4746.418841	5613.420324	6776.322692
18600.000000	5198.039041	4713.577164	5610.431792	6722.424537
18660.000000	5280.364601	4672.881586	5598.880796	6756.508560
18720.000000	5193.702820	4706.136213	5694.319859	6760.261973
18780.000000	5259.828158	4743.591212	5673.655967	6740.916379
18840.000000	5221.277482	4865.773335	5588.327052	6843.451046
18900.000000	5215.759224	4783.707731	5651.848246	6755.834715
18960.000000	5287.177496	4820.590508	5636.150804	6791.709608
19020.000000	5192.566421	4802.500507	5679.638427	6886.545839
19080.000000	5305.939051	4750.072206	5515.481534	6807.039466
19140.000000	5278.385092	4801.616303	5672.506526	6752.737616
19200.000000	5293.650293	4809.187176	5662.734067	6866.029816
19260.000000	5275.843472	4728.714462	5727.603662	6839.691127
19320.000000	5231.311457	4950.206744	5712.282793	6766.627963
19380.000000	5199.277801	4821.684072	5617.492006	6900.978747
19440.000000	5342.592937	4750.198739	5664.282568	6713.969343
19500.000000	5230.398755	4822.906589	5745.674056	6780.697941
19560.000000	5240.451689	4753.922451	5724.816651	6862.724530
19620.000000	5252.945909	4776.474108	5775.742360	6810.096189
19680.000000	5350.265819	4841.619223	5751.166483	6847.889207
19740.000000	5349.031596	4880.690000	5798.291839	6783.577636
19800.000000	5390.795678	4882.131200	5708.335400	6868.404336
19860.000000	5342.696648	4726.559714	5771.337621	6866.793775
19920.000000	5227.579646	4889.893678	5722.843416	6912.558221
19980.000000	5428.358734	4943.982397	5751.571709	6870.148589
20040.000000	5444.184536	4918.934352	5811.059601	6855.148074
20100.000000	5335.687929	4890.495938	5833.328941	6715.212214
20160.000000	5373.997216	4943.766509	5811.668620	6871.370662
20220.000000	5445.304705	4892.475588	5791.392328	6774.234753
20280.000000	5281.082212	4863.592842	5908.742594	6806.769806
20340.000000	5275.297876	4916.164195	5843.513944	6932.424783
20400.000000	5394.027668	4867.444625	5786.268022	6890.084158
20460.000000	5382.456211	4930.716862	5815.186449	6890.413712
20520.000000	5419.813076	4882.651245	5730.693198	6958.160350
20580.000000	5357.955232	4929.768338	5818.728810	6911.227845
20640.000000	5401.556759	4911.088253	5886.629052	6878.648926
20700.000000	5382.659829	4948.063724	5738.775413	6813.535140
20760.000000	5338.751730	4967.115523	5850.878230	6979.676304
20820.000000	5291.737446	4992.202968	5877.587307	6900.026097
20880.000000	5459.848252	4999.808620	5814.237063	6926.991271
20940.000000	5343.208103	4955.192208	5970.410274	6874.725577
21000.000000	5491.066865	4872.902906	5840.758701	6741.600959
21060.000000	5365.745258	4941.999054	5840.729616	6894.548151
21120.000000	5286.437018	4858.655554	5851.555134	6901.858841
21180.000000	5396.401060	4925.634731	5909.601321	6817.727236
21240.000000	5497.335748	4974.333512	5718.137720	6999.141412
21300.000000	5406.821362	4933.344618	5827.772257	6926.320784
21360.000000	5416.570925	4920.837146	5840.119838	6874.251680
21420.000000	5395.498112	4944.549858	5928.491986	6961.025050
21480.000000	5448.768126	4974.346020	6005.628214	7045.659027
21540.000000	5442.741384	5024.234063	5925.336642	6852.839211
21600.000000	5463.125693	5139.582921	5870.170869	6998.318909
21660.000000	5517.718571	5059.717968	5969.650326	6915.508095
21720.000000	5489.957115	4928.975055	5879.558911	6954.451715
21780.000000	5493.258382	4906.459718	5874.588499	6952.783791
21840.000000	5542.747478	4944.613626	5887.709753	6968.872815
21900.000000	5404.330539	4986.488842	5915.556732	6875.453687
21960.000000	5430.856220	5059.229951	5925.499812	6889.027521
22020.000000	5475.268603	5038.353247	5836.745070	6947.393867
22080.000000	5590.495154	4999.916205	5827.184943	7030.773146
22140.000000	5502.046208	4932.224904	5908.138256	6871.179361
22200.000000	5526.601608	4949.711713	5919.114676	6995.680811
22260.000000	5571.368824	5054.527134	5916.786287	6996.595682
22320.000000	5427.211808	5135.783340	5882.814113	6988.027075
22380.000000	5479.777886	5044.621269	5886.597002	6965.790008
22440.000000	5580.119212	4982.229872	5840.664011	6889.579618
22500.000000	5440.588327	5062.253587	5903.212538	6983.676271
22560.000000	5578.851848	5072.935374	5811.539067	7020.052930
22620.000000	5449.864685	4959.695023	5923.337798	7022.767652
22680.000000	5567.024192	5037.715993	5884.782357	6916.129032
22740.000000	5483.651893	5028.132634	5916.800926	6950.550041
22800.000000	5459.243585	5045.838688	5947.809620	6955.454650
22860.000000	5604.756153	5153.983445	5827.892102	7035.808315
22920.000000	5549.447547	5102.913384	6026.246951	7027.069197
22980.000000	5566.703285	5046.121233	5918.668808	6992.756376
23040.000000	5556.240744	4959.447480	5970.269188	7015.251796
23100.000000	5583.674282	4969.575056	6046.414645	6980.928322
23160.000000	5576.065846	5080.014780	5969.814801	6987.317151
23220.000000	5566.495707	5111.350496	5967.523700	6877.189294
23280.000000	5566.212203	5073.330294	6033.087325	7091.851988
23340.000000	5686.340317	5033.824601	5985.351690	6924.985071
23400.000000	5583.085263	5094.125602	5956.643308	6999.052814
23460.000000	5507.213765	5110.076282	6009.426419	7071.413543
23520.000000	5405.247080	5166.633174	5918.813323	6993.160871
23580.000000	5557.250943	5100.196818	5926.712784	6901.245100
23640.000000	5535.297623	5103.095907	5929.898922	6966.626241
23700.000000	5533.411015	5131.291572	5958.959605	7048.865206
23760.000000	5633.801465	5112.431158	5943.168988	7128.080720
23820.000000	5536.020501	5057.906794	6034.868988	6827.735385
23880.000000	5632.547715	5161.478689	6060.562257	7135.266946
23940.000000	5488.571975	5151.308244	6016.590621	6947.842349
24000.000000	5607.777377	5111.834941	5981.759967	6906.826677
24060.000000	5560.140323	5154.276449	5996.961694	6941.119344
24120.000000	5527.537966	5090.146982	5991.766094	7041.164250
24180.000000	5603.264511	5095.234665	6051.429912	6975.485365
24240.000000	5519.366550	5179.596512	6001.978144	7014.788741
24300.000000	5630.785169	5109.251163	5934.826915	6921.000953
24360.000000	5569.315215	5160.196024	6014.438865	6953.171094
24420.000000	5588.565245	5059.185182	5967.981942	7023.790816
24480.000000	5733.621221	5046.280741	5948.430631	7083.939090
24540.000000	5614.707468	5095.435232	6060.457932	7040.821806
24600.000000	5522.793627	5134.903164	6092.098963	6983.015828
24660.000000	5515.706835	5213.851438	5911.261933	6856.520828
24720.000000	5614.480354	5109.814935	5959.300999	7088.592523
24780.000000	5651.225209	5113.076261	5962.814830	7076.607034
24840.000000	5518.843113	5233.842865	6026.622903	7055.335048
24900.000000	5628.257815	5141.324028	5886.306338	7069.739370
24960.000000	5604.653383	5133.326972	5989.126193	6968.545949
25020.000000	5646.887316	5157.869020	6018.062810	7038.586726
25080.000000	5594.706031	5046.525202	6057.204533	7024.860002
25140.000000	5617.548646	5194.586749	5926.954088	6979.425226
25200.000000	5672.280121	5117.620203	6062.332910	7115.951716
25260.000000	5640.685545	5171.622845	6042.822989	6979.647860
25320.000000	5625.248187	5093.973117	6034.712079	7045.219148
25380.000000	5531.811881	5053.525291	5932.990077	7025.414580
25440.000000	5684.389548	5240.814162	6081.291648	7066.847031
25500.000000	5676.613269	5131.733111	6028.086113	6953.432953
25560.000000	5620.222787	5180.997807	6055.794244	6979.183826
25620.000000	5695.822742	5149.851974	6072.004325	7012.381507
25680.000000	5596.410697	5202.989148	6019.745109	7068.666637
25740.000000	5667.035462	5168.559627	6078.954289	7060.923987
25800.000000	5669.195594	5126.983723	6092.732923	7000.288934
25860.000000	5672.010576	5130.408313	6049.415112	6986.738011
25920.000000	5610.053555	5235.183169	6029.255246	7075.673921
25980.000000	5690.116332	5192.053490	5988.912419	6991.658693
26040.000000	5683.999936	5075.601550	6075.351136	7044.772834
26100.000000	5656.615986	5143.960386	5952.415421	6989.803864
26160.000000	5743.062314	5221.205071	6032.190343	7011.277271
26220.000000	5670.927905	5193.828061	5987.077770	7134.639627
26280.000000	5674.744226	5230.022435	6122.005619	7041.607657
26340.000000	5691.962671	5180.128967	6002.391102	7087.524575
26400.000000	5712.277893	5194.254672	6132.218728	7023.753003
26460.000000	5684.626197	5263.872819	6025.160083	7013.832596
26520.000000	5643.895792	5175.264868	6056.191067	7018.208403
26580.000000	5716.464149	5181.434656	5986.857083	7144.215647
26640.000000	5739.041198	5233.092241	6208.208406	7131.851561
26700.000000	5650.965255	5269.930253	6057.915410	6981.849608
26760.000000	5669.209532	5224.601249	6113.403194	6940.443899
26820.000000	5674.036960	5349.602624	6119.893379	6988.069478
26880.000000	5716.638740	5184.030669	6160.197134	7061.486889
26940.000000	5686.588773	5273.087573	6094.075008	7118.607369
27000.000000	5656.023471	5186.503338	6015.218285	7098.092873
27060.000000	5681.972413	5300.748253	6181.591774	7015.991864
27120.000000	5672.957210	5260.215626	6051.919557	7109.369107
27180.000000	5701.192464	5238.285610	6136.977017	7089.938813
27240.000000	5695.372066	5188.611884	6110.148396	7028.797105
27300.000000	5720.653323	5244.755245	6040.231176	6966.353051
27360.000000	5705.870110	5192.752236	6162.692785	7070.086155
27420.000000	5739.452663	5250.054176	6137.370042	7085.558725
27480.000000	5742.058627	5236.043683	6174.699739	7030.473267
27540.000000	5767.389990	5200.449369	6169.654416	7042.297734
27600.000000	5750.630223	5162.509157	6129.837426	7070.185512
27660.000000	5646.999167	5279.976634	6095.179533	7204.113177
27720.000000	5694.954971	5269.373424	6088.440228	7029.961438
27780.000000	5747.035273	5288.564026	6114.494168	7139.061159
27840.000000	5734.927250	5239.468553	6087.427103	7138.803659
27900.000000	5764.178844	5290.315943	6092.474285	7151.152482
27960.000000	5731.002139	5217.632678	6170.693090	6990.265262
28020.000000	5757.062642	5331.289881	6172.720294	7067.748600
28080.000000	5550.280144	5267.434570	6116.190289	7063.579435
28140.000000	5782.357289	5308.210183	6089.060815	7066.246057
28200.000000	5758.051112	5243.459019	6104.580789	7094.579005
28260.000000	5744.933251	5279.873387	6051.073789	6931.616390
28320.000000	5809.551529	5303.461892	6103.420739	7161.928862
28380.000000	5812.449686	5240.661803	6127.079411	7163.343935
28440.000000	5762.525858	5385.803180	6159.531876	6929.856918
28500.000000	5706.997180	5423.808952	6172.369677	7035.217313
28560.000000	5756.174191	5348.276648	6101.547602	7161.892395
28620.000000	5700.122839	5339.321526	6102.453722	7008.238277
28680.000000	5719.544654	5268.881324	6146.061385	7038.394182
28740.000000	5757.311655	5295.968145	6092.057653	7032.843818
28800.000000	5779.865246	5267.082207	6055.436935	7109.852127
28860.000000	5828.169179	5220.644701	6114.572103	7107.872388
28920.000000	5643.436292	5222.825365	6172.553113	7040.869587
28980.000000	5689.214319	5354.400143	6115.483190	7005.980278
29040.000000	5820.955147	5331.901431	6269.469784	6973.120355
29100.000000	5741.796115	5334.942585	6174.071425	7099.588806
29160.000000	5700.699244	5248.997092	6045.273781	7054.589943
29220.000000	5732.735228	5190.282029	6238.395445	7066.829353
29280.000000	5714.711644	5323.042890	6199.304919	7031.945387
29340.000000	5748.155239	5279.494546	6191.550457	7067.614188
29400.000000	5811.910440	5308.618191	6090.954305	7049.425745
29460.000000	5664.809413	5346.184914	6167.620529	7093.996428
29520.000000	5791.857844	5272.280417	6227.635680	7151.757588
29580.000000	5803.236389	5329.568747	6179.901985	7067.820475
29640.000000	5818.130659	5297.826794	6159.696446	7102.593174
29700.000000	5738.195556	5347.679453	6167.668046	7042.930465
29760.000000	5622.545719	5343.088532	6109.416889	7203.353131
29820.000000	5710.547390	5254.920098	6134.779076	7113.721667
29880.000000	5761.419984	5362.729251	6229.024738	7046.448261
29940.000000	5755.694510	5329.452639	6181.554137	7084.580542
30000.000000	5798.419923	5371.941912	6200.403713	7149.860531
30060.000000	5817.367383	5295.751442	6167.919127	7076.029754
30120.000000	5721.785135	5288.750898	6094.900721	6996.670846
30180.000000	5811.410178	5249.672963	6049.296641	7070.942750
30240.000000	5802.797692	5414.319396	6171.314640	7111.087671
30300.000000	5768.039490	5391.878456	6218.927932	7119.037093
30360.000000	5739.877437	5314.897930	6100.360139	7044.486902
30420.000000	5764.368010	5323.981672	6174.398492	7106.102525
30480.000000	5796.596518	5373.348583	6166.784285	7134.521588
30540.000000	5856.476691	5369.222648	6276.915339	7070.905017
30600.000000	5776.320899	5325.203669	6251.701488	7022.351045
30660.000000	5739.410045	5391.324677	6157.393419	7213.632351
30720.000000	5799.040054	5345.174468	6169.509629	7130.682278
30780.000000	5817.223371	5307.675648	6139.440989	7121.351911
30840.000000	5827.037806	5371.985432	6224.907889	7049.871203
30900.000000	5806.350369	5312.262889	6124.486755	7108.765978
30960.000000	5816.062081	5416.274945	6150.168200	7075.085923
31020.000000	5763.223886	5403.909203	6171.864339	7111.548373
31080.000000	5877.722639	5355.988006	6293.956301	7187.779012
31140.000000	5851.643623	5339.401176	6145.689068	7108.209867
31200.000000	5902.056728	5315.565681	6202.227346	6915.541227
31260.000000	5888.656217	5331.033576	6165.315737	7023.072164
31320.000000	5735.296575	5398.133868	6276.277058	7117.686570
31380.000000	5750.318410	5400.442225	6188.672061	7288.494342
31440.000000	5932.245274	5343.622612	6235.343685	7051.486173
31500.000000	5822.481388	5344.760444	6152.730053	7147.252657
31560.000000	5887.453085	5414.309889	6257.850730	7209.820756
31620.000000	5687.015446	5367.659693	6233.142316	7206.250474
31680.000000	5870.302057	5386.913182	6170.949661	7014.465197
31740.000000	5843.700377	5399.376189	6206.614026	7203.363888
31800.000000	5858.854338	5482.294908	6114.495786	7105.847957
31860.000000	5753.579479	5458.226050	6184.739271	7085.086845
31920.000000	5800.051103	5505.304826	6238.778032	7066.954601
31980.000000	5849.532569	5355.978476	6272.314872	7199.082004
32040.000000	5737.637290	5444.088464	6172.751557	7172.607209
32100.000000	5875.861730	5308.015162	6160.559458	7145.421180
32160.000000	5920.414979	5431.062337	6283.114908	7138.560099
32220.000000	5872.537206	5395.617221	6366.375161	7160.883312
32280.000000	5847.195779	5312.145133	6299.871316	7179.901001
32340.000000	5919.253342	5450.227972	6325.228790	7196.499629
32400.000000	5811.046900	5485.989524	6224.445696	7163.921711
32460.000000	5794.804207	5461.259696	6219.093044	7131.766044
32520.000000	5937.547115	5446.538727	6286.064040	7201.937491
32580.000000	5860.179321	5483.946011	6294.578988	7151.860688
32640.000000	5892.031229	5426.330924	6178.536281	7215.432844
32700.000000	5972.501884	5425.185374	6237.118269	7250.856203
32760.000000	5924.026619	5526.724031	6274.993860	7095.524468
32820.000000	5872.714597	5484.316238	6234.738164	7299.032146
32880.000000	5942.180239	5376.163319	6220.196027	7247.255431
32940.000000	5895.154881	5546.283385	6343.888714	7202.902503
33000.000000	6073.303826	5470.272929	6275.116424	7202.273473
33060.000000	5894.428648	5438.983494	6287.594961	7174.550166
33120.000000	5916.760261	5356.669737	6366.787427	7135.726239
33180.000000	6007.856082	5487.250009	6371.836769	7204.631002
33240.000000	5944.169283	5346.198291	6210.580481	7187.163562
33300.000000	5942.257638	5469.449219	6223.970018	7251.317290
33360.000000	5994.567548	5569.297669	6384.771537	7284.849425
33420.000000	5944.626993	5579.078107	6361.699624	7302.960282
33480.000000	5882.267418	5513.552858	6417.585586	7111.592236
33540.000000	5987.580043	5437.650557	6421.818013	7331.024006
33600.000000	6040.646762	5445.380008	6337.866038	7107.902683
33660.000000	5957.645355	5525.460294	6296.110836	7272.421266
33720.000000	5992.700246	5480.370821	6367.342541	7202.962638
33780.000000	6019.885972	5515.739653	6381.473406	7218.824158
33840.000000	5973.892026	5560.372703	6281.136227	7268.092780
33900.000000	6070.047857	5551.767317	6285.497089	7143.301073
33960.000000	6069.173922	5453.139280	6291.701449	7153.425269
34020.000000	5945.256480	5485.880517	6326.699640	7217.807486
34080.000000	5965.330131	5529.585852	6278.004531	7156.534526
34140.000000	5951.898899	5548.490984	6254.663367	7222.749536
34200.000000	5979.220447	5570.627546	6290.275297	7170.837964
34260.000000	6008.646771	5494.777412	6376.108949	7165.447667
34320.000000	6050.808969	5553.216727	6387.701626	7240.441981
34380.000000	6008.359193	5620.879457	6298.251718	7200.912986
34440.000000	6011.006067	5522.051658	6206.200231	7229.264870
34500.000000	6092.510539	5545.608541	6381.740904	7191.440402
34560.000000	6005.616961	5591.730611	6397.040219	7169.427238
34620.000000	5905.777915	5496.992690	6379.703762	7224.441267
34680.000000	6098.889685	5583.467546	6339.461057	7237.761424
34740.000000	5975.116026	5623.768823	6239.309237	7155.631536
34800.000000	6047.527904	5505.671355	6395.236148	7240.251169
34860.000000	6023.002617	5565.063794	6298.541762	7258.612228
34920.000000	5936.744824	5462.505841	6339.578160	7266.446661
34980.000000	5936.428546	5489.606392	6298.885168	7251.183398
35040.000000	5980.557956	5530.092997	6358.979067	7156.126989
35100.000000	6139.155525	5598.219443	6519.794121	7240.495974
35160.000000	5949.824517	5494.986175	6368.587117	7249.779938
35220.000000	5955.468666	5526.663200	6379.476542	7146.985757
35280.000000	5979.571689	5469.921230	6413.593824	7254.627787
35340.000000	6056.300328	5614.696355	6423.825019	7174.438229
35400.000000	6026.795254	5524.828418	6322.023856	7215.241265
35460.000000	6093.084642	5608.073685	6252.880884	7233.596735
35520.000000	6085.853356	5526.838246	6329.544167	7378.046940
35580.000000	6080.492996	5535.473972	6393.909527	7184.917158
35640.000000	5926.210967	5533.667631	6319.629385	7231.996490
35700.000000	6063.977719	5633.436928	6353.249683	7272.159972
35760.000000	6092.171765	5544.071936	6344.969457	7319.687161
35820.000000	6102.102211	5632.394668	6386.840549	7286.953951
35880.000000	6047.074900	5648.956543	6409.126938	7262.328274
35940.000000	6052.191627	5587.878960	6361.759350	7296.280980
36000.000000	6073.082443	5669.595267	6407.780572	7307.110739
36060.000000	6068.501534	5703.069434	6407.220899	7229.294831
36120.000000	6094.074004	5534.061827	6190.481631	7214.228191
36180.000000	5897.654760	5591.322205	6392.364461	7273.610003
36240.000000	5954.857772	5542.847652	6361.161016	7298.252576
36300.000000	6037.484986	5616.790067	6346.145142	7239.805657
36360.000000	6132.084822	5591.700208	6413.610167	7262.894590
36420.000000	6122.761053	5643.338559	6456.782217	7215.470294
36480.000000	6076.439195	5580.605415	6453.187264	7248.635851
36540.000000	6110.369309	5610.184439	6385.676515	7325.348039
36600.000000	6092.612605	5618.286833	6438.003898	7278.269943
36660.000000	6006.201757	5535.121092	6347.265423	7290.851591
36720.000000	6019.613061	5708.059535	6299.104101	7206.953129
36780.000000	6052.827267	5586.629137	6475.595434	7343.818969
36840.000000	6023.622187	5613.878447	6497.481959	7241.067305
36900.000000	6105.473079	5642.024137	6450.089177	7242.835061
36960.000000	6072.949360	5581.416645	6368.505291	7254.860125
37020.000000	6059.452945	5643.914472	6299.243013	7277.545260
37080.000000	6061.429612	5575.116626	6430.048222	7323.029756
37140.000000	6081.957507	5639.955565	6324.979008	7185.962002
37200.000000	6099.525837	5535.104016	6423.623957	7282.507897
37260.000000	6007.552266	5503.895114	6345.680853	7187.838462
37320.000000	5990.315956	5632.678627	6459.463068	7233.450503
37380.000000	6195.035634	5641.630854	6227.875707	7281.754116
37440.000000	5982.339147	5607.836434	6346.097238	7129.923779
37500.000000	6048.354695	5566.814576	6293.353810	7226.431025
37560.000000	6063.156543	5537.530982	6419.886143	7237.667855
37620.000000	6180.192772	5618.824170	6224.784619	7288.963004
37680.000000	6005.936768	5657.383784	6233.945778	7206.302140
37740.000000	6023.496977	5563.057453	6460.609081	7287.192932
37800.000000	5945.267411	5427.754465	6322.236443	7156.050369
37860.000000	5980.278487	5562.390312	6319.279635	7266.678851
37920.000000	6015.220824	5560.390889	6443.614003	7284.641673
37980.000000	6008.352340	5546.696418	6398.062026	7189.169623
38040.000000	6010.114762	5545.849210	6380.595363	7080.863284
38100.000000	5991.329297	5532.528313	6291.470483	7188.374979
38160.000000	6017.114658	5513.079252	6384.384122	7218.829109
38220.000000	5899.507224	5537.190605	6357.049838	7266.767620
38280.000000	6113.949502	5540.359891	6276.120954	7212.237823
38340.000000	5930.949221	5592.745796	6384.827775	7189.713857
38400.000000	5917.567960	5460.064124	6387.576793	7245.748258
38460.000000	5992.258758	5614.868927	6263.192802	7266.541019
38520.000000	6059.880824	5522.472894	6438.343696	7228.211466
38580.000000	5992.535399	5606.599293	6439.500959	7157.595448
38640.000000	6016.007350	5707.936935	6375.339854	7216.415873
38700.000000	5991.519378	5575.226759	6326.612475	7253.591169
38760.000000	6034.621452	5634.783120	6398.149914	7266.583951
38820.000000	5987.286824	5563.855015	6335.686251	7117.311919
38880.000000	6076.332704	5597.061604	6288.226925	7266.064628
38940.000000	6049.656603	5543.084820	6372.502867	7207.780266
39000.000000	6110.851133	5535.652635	6349.206349	7220.393184
39060.000000	6013.163436	5585.278382	6341.872545	7308.564520
39120.000000	6026.013217	5563.454835	6363.220771	7303.793351
39180.000000	6105.201628	5603.009515	6327.325778	7234.560111
39240.000000	6082.173290	5561.178120	6315.523184	7271.105768
39300.000000	6081.644193	5688.456833	6381.682485	7220.410244
39360.000000	6025.289993	5608.875038	6331.468021	7219.576402
39420.000000	6087.959085	5639.744499	6455.689641	7223.037553
39480.000000	6036.927779	5565.596935	6399.839930	7295.726350
39540.000000	6043.830670	5725.920274	6384.496493	7271.938831
39600.000000	6078.773429	5567.240621	6453.873091	7093.772617
39660.000000	5991.464975	5602.183555	6368.023495	7184.729576
39720.000000	6045.982477	5487.297767	6352.266790	7206.723725
39780.000000	6091.354147	5574.855560	6423.360526	7359.797817
39840.000000	6145.121224	5618.091121	6392.643491	7203.564557
39900.000000	6044.225461	5632.265556	6448.259789	7327.022518
39960.000000	6097.832906	5667.647148	6363.307727	7246.430716
40020.000000	6039.559484	5625.421440	6306.391038	7289.653354
40080.000000	6081.209192	5690.112578	6407.898252	7227.716891
40140.000000	6007.346432	5661.958012	6323.895492	7292.632445
40200.000000	6125.581827	5707.853258	6454.934927	7316.720542
40260.000000	6084.780684	5602.666100	6460.074142	7173.453421
40320.000000	6044.548918	5585.668142	6466.556229	7375.988676
40380.000000	6090.356009	5583.851953	6429.059129	7255.033520
40440.000000	6044.839046	5675.944092	6445.181081	7365.160807
40500.000000	6219.769505	5794.609032	6526.820028	7226.624279
40560.000000	6048.961497	5675.935999	6419.205447	7243.590460
40620.000000	6091.311254	5672.758810	6372.208466	7264.449557
40680.000000	6095.861023	5643.517173	6347.378491	7255.717256
40740.000000	6146.345323	5545.143070	6368.495122	7220.888587
40800.000000	6209.784466	5712.398467	6466.259504	7267.267386
40860.000000	6078.495085	5762.170584	6432.947145	7238.142415
40920.000000	6108.772691	5712.909689	6407.752940	7179.816671
40980.000000	6132.671738	5653.481015	6452.964155	7133.936795
41040.000000	6142.297471	5682.360854	6426.575984	7286.696883
41100.000000	6163.178822	5668.797371	6445.698187	7261.506937
41160.000000	6206.748485	5627.745173	6369.523997	7337.364146
41220.000000	6063.676434	5735.215163	6373.273370	7252.033938
41280.000000	6220.373857	5608.694444	6351.506567	7339.796591
41340.000000	6061.735759	5751.915065	6336.007321	7217.470674
41400.000000	6078.641459	5696.331932	6529.395706	7244.911312
41460.000000	5978.282770	5638.335709	6441.238254	7182.104900
41520.000000	6133.849337	5633.714473	6430.209454	7208.711007
41580.000000	6137.960820	5624.483784	6379.397425	7237.229865
41640.000000	6107.276811	5651.718975	6479.671010	7188.174156
41700.000000	6138.750347	5679.676184	6390.875710	7298.228092
41760.000000	6093.465285	5729.756582	6431.955829	7224.089162
41820.000000	6073.667031	5687.829375	6403.094986	7322.243237
41880.000000	6152.434419	5675.452926	6342.536945	7309.693961
41940.000000	6027.556680	5743.380208	6423.793168	7309.860911
42000.000000	6161.611489	5653.790336	6409.229932	7229.882046
42060.000000	6096.754675	5709.932037	6450.846683	7279.239017
42120.000000	6224.166741	5696.297482	6474.717792	7365.991080
42180.000000	6129.958319	5647.261723	6536.251902	7282.720680
42240.000000	6177.390740	5685.588844	6461.004137	7271.443523
42300.000000	6184.434284	5675.823849	6451.299524	7290.317639
42360.000000	6130.230220	5602.973043	6345.751027	7362.392428
42420.000000	6163.082963	5701.417401	6402.000644	7227.426727
42480.000000	6205.976433	5768.677529	6554.153041	7319.765612
42540.000000	6161.105818	5790.607359	6452.294372	7319.745935
42600.000000	6257.582178	5663.545522	6420.620491	7362.973288
42660.000000	6135.732641	5842.640349	6434.574406	7316.194656
42720.000000	6202.271874	5687.218998	6420.677389	7334.518842
42780.000000	6093.432293	5673.743855	6464.891653	7345.642845
42840.000000	6037.815847	5713.474180	6522.480045	7407.235230
42900.000000	6175.036305	5683.457331	6369.502987	7264.581253
42960.000000	6088.025701	5712.596548	6388.069432	7172.726901
43020.000000	6146.582751	5653.590566	6396.150069	7130.676747
43080.000000	6127.120153	5709.581856	6400.460094	7168.338769
43140.000000	6075.599600	5639.820674	6401.213536	7327.581673
43200.000000	6046.070580	5536.978267	6389.172342	7150.994000
43260.000000	6071.262055	5631.597060	6372.491289	7221.054970
43320.000000	6036.563012	5575.255664	6281.157627	7195.425400
43380.000000	6104.660340	5686.656750	6316.144856	7189.638499
43440.000000	6185.991408	5696.761846	6369.667702	7285.313694
43500.000000	6006.171163	5611.949088	6332.664832	7320.271569
43560.000000	6083.765906	5680.180693	6288.733086	7154.133132
43620.000000	6095.826858	5620.705109	6463.613403	7198.174318
43680.000000	6213.942285	5558.439021	6365.302874	7167.954015
43740.000000	6103.686019	5631.570925	6449.419528	7209.639063
43800.000000	6102.440257	5662.692100	6367.776322	7202.104354
43860.000000	6044.137441	5625.105411	6400.427397	7260.023342
43920.000000	5977.074471	5692.475077	6402.000188	7158.504053
43980.000000	6138.623921	5689.429012	6487.319716	7244.571243
44040.000000	6074.588355	5660.881021	6318.805812	7183.272539
44100.000000	6007.989562	5691.497804	6361.043142	7296.196011
44160.000000	6146.476390	5718.357924	6281.482391	7184.248027
44220.000000	6132.727063	5523.335168	6334.331395	7289.002619
44280.000000	6069.207194	5580.128447	6477.886391	7338.549275
44340.000000	6180.114556	5769.793912	6308.250892	7336.629187
44400.000000	6162.077253	5678.557318	6462.984724	7190.809382
44460.000000	6153.718858	5662.696171	6423.638528	7290.063455
44520.000000	6082.379400	5729.851859	6319.091753	7355.335528
44580.000000	6141.911158	5685.345044	6412.889812	7302.085332
44640.000000	6155.362151	5756.915242	6328.116073	7288.504552
44700.000000	6190.581472	5702.988623	6417.173283	7176.908572
44760.000000	6145.277057	5743.449271	6495.491513	7172.060885
44820.000000	6185.950966	5618.855514	6373.564964	7180.846667
44880.000000	6068.349235	5706.323596	6445.138756	7345.660233
44940.000000	6147.216810	5602.065184	6495.719449	7196.860668
45000.000000	6055.189107	5663.871090	6352.926398	7158.194076
45060.000000	6043.744099	5650.359985	6351.983952	7209.916980
45120.000000	6081.478193	5579.215027	6311.843374	7196.792746
45180.000000	6139.953989	5683.978095	6338.233816	7199.202173
45240.000000	6089.143413	5644.152625	6314.265664	7307.299630
45300.000000	6077.200737	5645.083586	6342.170375	7245.306685
45360.000000	6098.291750	5631.106420	6347.575938	7243.661497
45420.000000	6069.267996	5723.096911	6372.198997	7218.476997
45480.000000	6095.979995	5759.455222	6396.524993	7242.969896
45540.000000	6121.918166	5726.932522	6466.763925	7102.128863
45600.000000	6092.215715	5622.071688	6278.243207	7253.859607
45660.000000	6126.009481	5622.463654	6374.756485	7250.116515
45720.000000	6010.273997	5570.537723	6318.101810	7222.409590
45780.000000	6190.632023	5697.420328	6402.566041	7344.123253
45840.000000	6112.007210	5644.451696	6373.842398	7219.969128
45900.000000	6102.341859	5654.425275	6442.799449	7393.093250
45960.000000	6184.189176	5803.946203	6459.821019	7138.603106
46020.000000	6123.025415	5728.006494	6432.129119	7145.076260
46080.000000	6194.786981	5707.567285	6360.371579	7194.670885
46140.000000	6092.758770	5694.863042	6394.966436	7159.433290
46200.000000	6082.776132	5681.908635	6472.551240	7370.956416
46260.000000	6061.448416	5731.020252	6302.089798	7200.381574
46320.000000	6183.904661	5691.750850	6358.274794	7283.577126
46380.000000	6184.161600	5791.428686	6354.190892	7259.139823
46440.000000	6046.335848	5598.060502	6308.470819	7180.219922
46500.000000	5945.698424	5682.926982	6472.495028	7228.037331
46560.000000	6104.284814	5723.533345	6416.497695	7249.394881
46620.000000	6184.678012	5644.105340	6496.592181	7179.574201
46680.000000	6089.652222	5754.176228	6334.371354	7261.343163
46740.000000	6181.434151	5659.290419	6464.010083	7311.620533
46800.000000	6184.970063	5787.290330	6459.658613	7208.904690
46860.000000	6162.737881	5659.535314	6399.645528	7213.254731
46920.000000	6196.779832	5779.925368	6394.649700	7315.767532
46980.000000	6093.378441	5650.507109	6442.126411	7224.020304
47040.000000	6101.688012	5632.989934	6436.555920	7329.388553
47100.000000	6061.037806	5664.926375	6406.742713	7278.805224
47160.000000	6104.610405	5743.340817	6434.604022	7252.517851
47220.000000	6205.967392	5659.942020	6378.866852	7251.548600
47280.000000	6072.487559	5620.166974	6343.048353	7228.769725
47340.000000	6011.942063	5772.005078	6306.730401	7283.504964
47400.000000	6251.785915	5650.632201	6508.481156	7292.440191
47460.000000	6068.064671	5778.574018	6499.360719	7369.841123
47520.000000	6068.889364	5654.306392	6461.831646	7229.165112
47580.000000	6146.583954	5664.894438	6366.880841	7261.270252
47640.000000	6185.105910	5742.502817	6405.749966	7308.236087
47700.000000	6094.943025	5741.325349	6440.756756	7204.542594
47760.000000	6198.953042	5775.864828	6388.219979	7279.921677
47820.000000	6218.541774	5652.532413	6483.068227	7318.912084
47880.000000	6111.792253	5820.379697	6417.795412	7187.904492
47940.000000	6244.776573	5615.606265	6491.685284	7205.390553
48000.000000	6188.044022	5720.446014	6480.918131	7262.178547
48060.000000	6188.668990	5818.522483	6459.272640	7208.978773
48120.000000	6228.801664	5719.513092	6484.571989	7326.621243
48180.000000	6216.439125	5787.617563	6458.490338	7320.254674
48240.000000	6212.763588	5693.234442	6448.345150	7280.061176
48300.000000	6142.547777	5856.819927	6449.193629	7258.160024
48360.000000	6189.362975	5760.659717	6447.335398	7359.600497
48420.000000	6224.372918	5720.537101	6421.070514	7178.274157
48480.000000	6133.919203	5668.899556	6409.033063	7316.534347
48540.000000	6207.232219	5829.220921	6514.487191	7418.279011
48600.000000	6283.695339	5718.426800	6432.794114	7280.525296
48660.000000	6299.186702	5889.781452	6444.863483	7197.923939
48720.000000	6224.191028	5705.238379	6461.282919	7261.644190
48780.000000	6190.661920	5764.874724	6357.605414	7352.328574
48840.000000	6250.578505	5768.720193	6496.666791	7327.288492
48900.000000	6320.094824	5747.702178	6551.214835	7356.241967
48960.000000	6182.083079	5770.434149	6361.579466	7277.519432
49020.000000	6232.337218	5778.804421	6521.144678	7442.025316
49080.000000	6260.416927	5810.004227	6489.625524	7232.725223
49140.000000	6263.451148	5760.126395	6575.093677	7305.077210
49200.000000	6254.003372	5956.999059	6472.540540	7401.507421
49260.000000	6306.407817	5974.098934	6405.945510	7288.815923
49320.000000	6146.228494	5914.709524	6501.512491	7253.400284
49380.000000	6234.800584	5883.193754	6532.692918	7241.333779
49440.000000	6297.795547	5920.827772	6554.022358	7343.505983
49500.000000	6281.401408	5804.303518	6630.726984	7399.767644
49560.000000	6330.773069	5743.335015	6453.600631	7404.223895
49620.000000	6202.842661	5918.864920	6484.278860	7293.157323
49680.000000	6242.621722	5796.415097	6430.863382	7314.701323
49740.000000	6266.240616	5846.304966	6449.761665	7245.322880
49800.000000	6218.090360	5815.925944	6483.295460	7276.033420
49860.000000	6256.977880	5783.851021	6443.990391	7349.159441
49920.000000	6133.608529	5801.594398	6405.334513	7373.485869
49980.000000	6274.846943	5834.692724	6483.612979	7376.080155
50040.000000	6348.916426	5830.261331	6510.188739	7464.969093
50100.000000	6208.008680	5726.485974	6420.979901	7379.054910
50160.000000	6281.268407	5776.297208	6664.929779	7277.131273
50220.000000	6261.873964	5914.759096	6520.940670	7223.322527
50280.000000	6213.137092	5814.609970	6499.936384	7248.787228
50340.000000	6268.473240	5818.484991	6594.789347	7343.855476
50400.000000	6272.470711	5870.585838	6463.703258	7378.554706
50460.000000	6331.516322	5885.459858	6483.288413	7291.739254
50520.000000	6328.763510	5797.223911	6600.876155	7168.076502
50580.000000	6367.446009	5888.140460	6501.427498	7379.921520
50640.000000	6228.779009	5843.846139	6514.060740	7440.134534
50700.000000	6213.317876	5706.727173	6565.727960	7271.585278
50760.000000	6285.459951	5825.708853	6491.872831	7441.536352
50820.000000	6183.707367	5810.347871	6552.227288	7306.938915
50880.000000	6273.508684	5885.895200	6483.248169	7409.055580
50940.000000	6400.230418	5797.359837	6409.649253	7383.341698
51000.000000	6122.765811	5903.570674	6490.074519	7307.751950
51060.000000	6245.850702	5828.208590	6542.751599	7402.608400
51120.000000	6243.409873	5842.368378	6479.469792	7346.888212
51180.000000	6286.828306	5806.647831	6587.993730	7237.203645
51240.000000	6279.044893	5953.886370	6409.644121	7272.730908
51300.000000	6223.067978	5859.226658	6516.750895	7383.196136
51360.000000	6227.311661	5839.522820	6467.293871	7321.639278
51420.000000	6236.555370	5873.287250	6475.912904	7394.367966
51480.000000	6258.343831	5885.986175	6525.740001	7372.641687
51540.000000	6286.160639	5787.464536	6396.864418	7382.044840
51600.000000	6295.760529	5829.148336	6596.995656	7341.675434
51660.000000	6270.457921	5820.037766	6481.146007	7193.784985
51720.000000	6249.516629	5882.549384	6582.105687	7281.507471
51780.000000	6213.775623	5841.991043	6456.092919	7245.135234
51840.000000	6357.690407	5738.757004	6520.342362	7357.697283
51900.000000	6159.776584	5779.935523	6499.523292	7264.393361
51960.000000	6248.083031	5773.796676	6412.865592	7263.080564
52020.000000	6257.926020	5792.605676	6442.628910	7274.575172
52080.000000	6240.783079	5895.892527	6466.201578	7292.478837
52140.000000	6174.492555	5765.194777	6434.108030	7284.850776
52200.000000	6238.858297	5771.613467	6485.197593	7303.072054
52260.000000	6048.730995	5801.961358	6386.239908	7435.028661
52320.000000	6203.187741	5711.155695	6363.564921	7417.802429
52380.000000	6233.926684	5886.438962	6422.531032	7341.438539
52440.000000	6203.728974	5898.031508	6573.663199	7338.864071
52500.000000	6266.668054	5718.889400	6399.969812	7193.903669
52560.000000	6277.184952	5810.038392	6432.502874	7284.458374
52620.000000	6310.443244	5876.605671	6471.194990	7412.445451
52680.000000	6175.711896	5794.273180	6467.372489	7350.345951
52740.000000	6220.862005	5846.137469	6355.537736	7379.608313
52800.000000	6184.628883	5842.162932	6587.060873	7312.644967
52860.000000	6336.121926	5857.983521	6381.202644	7309.706299
52920.000000	6275.683137	5842.273438	6519.501372	7235.570667
52980.000000	6254.221328	5762.716040	6391.099438	7276.182947
53040.000000	6212.097414	5768.729965	6469.563946	7292.751677
53100.000000	6219.578284	5809.962641	6480.015268	7290.068373
53160.000000	6261.084459	5748.582665	6443.033176	7352.632802
53220.000000	6319.622649	5929.414309	6468.686984	7215.799634
53280.000000	6139.954986	5754.852234	6415.238380	7426.947592
53340.000000	6241.802936	5773.410293	6429.769947	7262.934153
53400.000000	6210.137466	5773.019280	6385.735259	7355.447534
53460.000000	6120.417753	5770.675608	6404.657506	7204.278698
53520.000000	6214.549697	5747.632249	6461.713607	7195.604743
53580.000000	6209.173309	5823.549211	6443.764403	7238.317716
53640.000000	6255.662727	5859.779646	6372.412861	7255.678991
53700.000000	6299.778471	5774.396250	6564.283368	7303.893295
53760.000000	6237.204000	5857.970440	6425.336361	7170.856185
53820.000000	6268.831812	5909.141865	6428.103444	7232.734005
53880.000000	6217.138821	5688.734648	6528.933712	7362.612842
53940.000000	6161.872388	5898.418303	6442.652128	7363.572222
54000.000000	6136.162601	5747.564393	6472.174241	7396.659790
54060.000000	6278.386125	5796.201089	6517.558318	7366.135222
54120.000000	6251.306527	5781.355130	6477.529133	7299.434068
54180.000000	6234.807450	5828.746844	6522.800689	7231.600690
54240.000000	6220.564755	5798.036215	6463.857437	7369.991446
54300.000000	6143.262533	5807.736237	6453.396482	7346.870860
54360.000000	6250.918927	5795.418340	6583.497216	7365.698840
54420.000000	6222.418619	5766.939524	6531.852695	7303.556826
54480.000000	6310.210165	5842.691815	6422.271921	7312.140050
54540.000000	6178.204085	5771.318604	6417.348862	7251.024451
54600.000000	6288.733521	5808.521672	6512.152092	7290.152111
54660.000000	6082.428886	5815.253303	6497.944447	7303.014907
54720.000000	6232.216038	5733.274617	6484.242449	7361.832314
54780.000000	6380.009901	5926.631358	6566.604128	7308.015154
54840.000000	6271.318428	5789.985686	6405.358455	7324.203875
54900.000000	6218.702968	5874.475511	6418.336282	7384.037222
54960.000000	6204.403808	5790.492762	6494.123719	7220.957460
55020.000000	6184.974506	5831.718056	6588.760524	7435.113020
55080.000000	6226.980166	5943.890037	6505.269109	7286.831108
55140.000000	6358.256186	5807.228688	6440.504180	7328.825566
55200.000000	6351.351958	5939.842869	6493.177651	7366.699904
55260.000000	6299.749876	5925.900453	6542.186885	7311.958697
55320.000000	6340.958663	5919.401790	6540.593692	7345.125660
55380.000000	6323.353002	5830.588997	6633.939571	7283.486738
55440.000000	6361.505910	5916.421037	6485.174779	7382.491900
55500.000000	6306.635531	5923.730823	6602.881524	7447.597514
55560.000000	6318.480067	5827.203085	6540.030855	7346.175627
55620.000000	6442.577744	5916.661607	6668.165818	7490.943629
55680.000000	6290.471223	5937.281082	6563.405138	7413.899092
55740.000000	6260.352538	5827.915125	6562.560728	7414.743125
55800.000000	6301.801007	5966.157382	6501.970968	7362.887024
55860.000000	6355.223151	5976.866102	6591.903859	7422.496529
55920.000000	6317.181923	5934.733173	6505.805772	7364.656153
55980.000000	6384.643483	5844.536845	6688.776024	7370.233517
56040.000000	6230.513792	5852.615796	6446.106666	7551.827940
56100.000000	6383.540205	5912.976412	6467.952246	7452.899969
56160.000000	6343.034875	5936.129810	6500.511953	7439.825390
56220.000000	6289.055303	5861.235853	6634.039408	7369.028406
56280.000000	6318.328608	5767.888180	6590.021359	7396.253245
56340.000000	6315.762798	5985.507062	6571.052328	7396.908538
56400.000000	6330.667949	5907.437310	6453.675308	7242.217461
56460.000000	6265.375577	5834.833499	6600.414300	7322.305819
56520.000000	6315.981658	5911.646003	6607.433868	7449.297419
56580.000000	6302.977614	5965.643387	6548.338557	7363.216631
56640.000000	6228.338202	5890.245382	6557.752450	7422.310763
56700.000000	6426.590665	5888.760746	6557.685272	7428.517939
56760.000000	6329.776529	5902.367255	6487.060695	7295.435084
56820.000000	6312.052999	5898.891835	6576.587956	7520.173849
56880.000000	6249.211408	5921.199950	6508.993066	7418.374488
56940.000000	6365.152285	6007.250288	6574.480299	7481.961632
57000.000000	6285.983685	5914.661848	6512.354905	7308.735176
57060.000000	6249.625429	5980.828508	6614.998163	7548.019910
57120.000000	6427.051488	5983.495703	6614.287616	7370.930993
57180.000000	6402.961757	5943.074499	6498.622490	7370.966715
57240.000000	6328.064052	5891.484692	6570.328018	7598.874494
57300.000000	6312.025079	5972.435456	6593.453061	7419.710899
57360.000000	6327.300007	5817.992315	6591.770439	7393.050021
57420.000000	6292.112490	5773.738785	6603.458116	7423.274403
57480.000000	6338.119455	5921.242344	6463.833992	7387.058031
57540.000000	6173.846084	5961.773888	6513.771328	7299.423893
57600.000000	6430.480356	6007.308171	6661.792307	7316.351711
57660.000000	6294.669697	5874.060505	6477.260595	7348.806008
57720.000000	6319.738463	5890.551384	6515.958924	7368.872518
57780.000000	6338.961563	6003.155090	6557.504346	7458.170401
57840.000000	6221.689656	5932.117513	6534.121828	7363.688170
57900.000000	6263.456351	5912.201177	6545.473512	7487.796099
57960.000000	6295.530354	5897.072939	6498.881815	7390.896293
58020.000000	6247.043746	5932.016348	6600.486641	7407.478107
58080.000000	6393.512569	5914.552784	6551.286059	7359.826427
58140.000000	6354.951813	5934.730079	6588.891060	7300.113116
58200.000000	6285.618972	5963.431616	6575.705865	7370.755549
58260.000000	6459.203399	6009.311534	6572.667397	7415.177290
58320.000000	6435.409577	5943.874846	6519.031957	7423.719141
58380.000000	6310.205193	5817.589504	6560.101518	7449.221243
58440.000000	6378.816088	5926.488956	6499.969151	7507.470290
58500.000000	6358.172141	5935.001984	6584.251885	7252.468561
58560.000000	6301.071263	5856.439099	6612.693556	7356.124426
58620.000000	6275.203656	5969.073112	6594.264010	7381.170747
58680.000000	6305.258614	5977.844927	6551.069523	7405.710757
58740.000000	6395.257198	5926.186585	6554.850108	7438.977647
58800.000000	6413.768833	6081.248772	6420.353021	7493.279655
58860.000000	6350.827265	5906.938631	6721.647204	7332.953366
58920.000000	6328.451564	5986.922752	6603.128375	7450.023163
58980.000000	6299.909474	6034.213988	6581.252253	7415.735360
59040.000000	6310.261932	5840.717959	6535.472616	7372.187926
59100.000000	6342.613438	5952.669217	6547.727076	7496.539143
59160.000000	6349.672888	5923.243725	6492.101826	7363.552061
59220.000000	6242.081424	6005.928246	6659.664346	7358.470843
59280.000000	6361.241732	5874.748234	6571.800612	7426.147604
59340.000000	6364.361611	5959.594723	6539.217747	7330.442226
59400.000000	6267.728573	5852.295060	6550.323755	7449.106381
59460.000000	6279.265928	6001.299062	6606.988672	7406.462667
59520.000000	6410.357422	5978.128574	6641.173955	7455.904125
59580.000000	6373.527820	5878.328447	6513.708051	7438.165533
59640.000000	6323.935854	5975.804317	6572.543475	7361.090526
59700.000000	6366.415135	5908.099047	6531.327382	7472.943359
59760.000000	6382.643346	5881.047887	6608.358908	7426.287641
59820.000000	6380.925497	5961.174899	6501.592701	7444.647870
59880.000000	6422.299913	5966.831851	6643.766688	7526.309557
59940.000000	6438.235420	6029.036324	6569.594460	7490.456761
60000.000000	6342.113030	5843.544783	6574.276079	7457.552922
60060.000000	6289.193571	5868.096580	6484.862671	7428.605884
60120.000000	6256.599213	5928.079461	6493.397694	7326.165173
60180.000000	6278.990664	5947.430301	6501.171567	7368.139890
60240.000000	6407.086092	5881.512380	6570.612353	7441.366527
60300.000000	6391.087896	5950.756377	6519.261431	7523.869907
60360.000000	6265.779694	5937.265354	6560.236413	7438.730271
60420.000000	6287.538349	5975.418370	6799.743658	7502.616574
60480.000000	6297.000974	5869.570811	6611.794369	7515.310366
60540.000000	6363.599244	5927.817068	6625.819860	7444.751485
60600.000000	6349.541984	5913.581822	6531.472640	7306.930823
60660.000000	6341.487705	5825.979230	6535.411321	7411.247895
60720.000000	6325.056798	5950.501396	6655.934679	7321.756960
60780.000000	6403.819957	5884.352628	6483.444871	7387.659656
60840.000000	6366.092954	5965.143131	6660.322545	7421.887760
60900.000000	6392.357376	5952.197876	6561.478810	7536.788875
60960.000000	6509.819286	6053.799972	6607.185991	7410.531846
61020.000000	6385.917254	5956.045247	6488.854453	7452.475100
61080.000000	6379.729957	5900.786050	6540.612982	7268.440820
61140.000000	6394.574738	5937.553233	6545.640988	7285.160268
61200.000000	6288.893341	5935.077096	6580.062728	7413.298621
61260.000000	6333.469269	5974.916218	6585.891381	7403.482971
61320.000000	6389.121341	5878.391101	6559.409019	7461.448927
61380.000000	6404.597234	5993.301783	6578.807169	7415.248877
61440.000000	6335.994935	5819.853842	6725.515563	7497.885439
61500.000000	6377.116331	5996.759493	6556.772418	7500.656396
61560.000000	6358.426360	6057.771983	6692.229595	7358.297898
61620.000000	6339.986249	6021.245134	6598.690916	7433.273791
61680.000000	6377.893080	5922.342054	6664.375666	7487.405030
61740.000000	6284.612287	5951.183429	6640.291503	7440.470918
61800.000000	6358.017032	6021.739958	6603.902361	7430.845174
61860.000000	6358.179110	5982.418027	6736.001172	7373.350120
61920.000000	6391.643401	5810.598878	6481.031738	7525.073005
61980.000000	6536.993603	5965.722238	6591.153828	7475.151660
62040.000000	6462.377514	6078.125970	6541.140114	7465.539363
62100.000000	6380.486586	5962.593151	6652.329560	7400.833705
62160.000000	6492.210159	5972.207844	6728.112050	7427.446239
62220.000000	6380.787299	5903.766075	6620.690357	7458.236895
62280.000000	6424.818897	5953.737624	6610.849776	7370.944074
62340.000000	6463.304107	6035.171253	6628.393254	7329.552328
62400.000000	6395.267096	6103.415938	6599.701821	7446.733718
62460.000000	6449.523047	5948.727129	6583.133486	7463.983097
62520.000000	6359.671248	5941.203414	6580.475030	7340.023000
62580.000000	6348.067094	5988.643907	6573.242451	7453.349257
62640.000000	6450.543798	5983.631558	6604.714952	7426.387694
62700.000000	6351.292936	5934.794741	6659.054292	7447.034818
62760.000000	6344.111260	5945.311634	6634.793292	7337.212872
62820.000000	6288.836327	6020.721566	6558.375171	7491.632281
62880.000000	6440.662309	5911.241422	6545.667459	7325.362565
62940.000000	6426.318696	5928.964805	6648.721495	7459.291266
63000.000000	6365.957791	6048.215006	6577.938707	7432.659787
63060.000000	6302.456000	6025.154920	6591.871858	7463.536745
63120.000000	6411.022889	5997.393101	6617.273555	7416.008395
63180.000000	6403.325514	6099.289045	6672.127023	7293.730294
63240.000000	6465.725973	5950.705010	6563.120165	7476.156000
63300.000000	6439.916082	5995.305464	6619.096937	7304.616692
63360.000000	6447.291964	5984.323385	6552.392701	7280.852415
63420.000000	6325.280372	5934.699050	6528.706525	7440.920163
63480.000000	6341.934441	5929.663592	6473.635291	7314.774500
63540.000000	6363.788430	5968.675296	6585.907965	7366.921203
63600.000000	6438.586993	6052.571864	6598.708814	7317.810853
63660.000000	6409.259799	5936.134969	6633.733031	7324.378807
63720.000000	6456.977272	5811.305994	6551.303308	7347.858381
63780.000000	6244.473971	5963.275583	6520.939905	7267.787862
63840.000000	6272.771427	5895.570827	6543.922239	7397.863239
63900.000000	6253.873458	5883.198898	6480.336744	7371.318587
63960.000000	6265.975592	5802.912724	6470.659092	7305.371122
64020.000000	6298.859043	6004.207321	6551.662309	7429.088621
64080.000000	6421.249718	5941.749573	6604.857396	7358.300598
64140.000000	6324.765825	6033.747454	6626.275170	7319.605132
64200.000000	6344.210532	5911.111025	6524.577802	7323.772483
64260.000000	6490.125665	5890.346468	6516.029062	7394.640357
64320.000000	6231.969370	5969.883406	6535.165379	7330.825697
64380.000000	6323.339042	5935.329497	6468.826959	7339.016187
64440.000000	6278.131475	5930.082841	6563.698873	7306.967948
64500.000000	6319.149070	5897.938294	6560.042898	7293.325427
64560.000000	6335.218543	5899.936800	6546.312385	7423.628854
64620.000000	6354.479367	5858.165172	6667.219802	7287.940338
64680.000000	6332.055698	5909.894246	6612.260700	7262.096457
64740.000000	6247.867787	5884.405502	6491.648815	7344.769408
64800.000000	6404.310807	6005.697265	6592.649378	7315.176834
64860.000000	6452.501423	6015.907223	6570.289481	7328.733428
64920.000000	6293.370262	5906.891066	6550.300901	7386.472124
64980.000000	6225.196634	5929.095118	6549.012898	7368.639925
65040.000000	6281.240902	5975.423995	6502.918497	7358.199005
65100.000000	6219.041978	5898.153649	6611.812325	7404.707886
65160.000000	6299.191285	5937.768704	6490.380433	7328.997316
65220.000000	6306.535188	5889.452811	6525.942870	7394.407236
65280.000000	6289.857436	5841.164370	6589.713420	7361.681566
65340.000000	6432.899964	5885.822578	6473.265948	7352.667625
65400.000000	6277.816706	5896.609462	6527.861811	7391.393009
65460.000000	6297.627773	5823.538052	6505.339530	7327.761136
65520.000000	6312.614550	5839.755485	6508.382873	7305.919294
65580.000000	6387.582323	5813.548128	6492.366403	7345.017093
65640.000000	6170.615412	5815.866965	6500.246573	7267.793046
65700.000000	6215.075229	5994.446364	6467.106284	7390.186894
65760.000000	6265.825750	5842.035829	6557.946960	7225.921200
65820.000000	6278.284287	5866.745753	6492.706813	7236.350588
65880.000000	6342.885909	5823.394232	6368.611649	7218.099450
65940.000000	6203.684917	5938.563650	6490.024636	7269.636687
66000.000000	6259.546412	5836.253233	6469.395471	7347.129002
66060.000000	6198.277187	5913.635417	6486.414420	7229.575880
66120.000000	6229.271001	5885.090444	6511.330314	7241.940931
66180.000000	6260.891393	5928.254309	6474.531738	7320.932003
66240.000000	6251.663061	5862.749164	6516.648834	7289.206281
66300.000000	6239.047902	5834.692238	6469.262442	7367.236609
66360.000000	6285.659121	5820.097642	6512.551573	7341.584345
66420.000000	6284.224641	5853.116465	6531.442160	7233.575352
66480.000000	6177.029203	5720.627880	6514.612386	7371.446168
66540.000000	6227.517228	5805.914905	6428.842278	7343.872117
66600.000000	6181.767117	5875.948027	6431.526158	7280.935539
66660.000000	6299.061482	5816.580267	6490.220774	7143.725798
66720.000000	6226.225144	5844.835397	6452.872671	7298.147353
66780.000000	6282.193104	5802.976575	6459.921524	7355.087832
66840.000000	6249.429863	5852.189504	6479.901641	7252.803031
66900.000000	6261.439075	5848.351032	6477.349541	7167.442255
66960.000000	6305.361873	5867.522347	6404.379221	7361.664250
67020.000000	6198.010270	5899.343655	6461.496151	7261.418294
67080.000000	6280.304267	5876.517823	6349.108327	7219.797422
67140.000000	6297.407886	5890.186240	6452.214029	7212.576765
67200.000000	6222.151865	5832.213913	6480.333217	7210.698348
67260.000000	6186.410619	5904.283436	6382.477365	7306.321267
67320.000000	6160.833221	5898.953021	6471.684694	7266.605189
67380.000000	6215.546872	5764.886381	6463.807797	7279.535114
67440.000000	6185.803200	5821.386572	6478.460736	7316.131030
67500.000000	6283.645531	5855.730551	6460.522702	7219.351392
67560.000000	6227.123731	5738.516937	6369.045724	7291.335153
67620.000000	6151.195427	5805.991613	6468.722189	7246.124840
67680.000000	6207.763254	5799.697407	6420.790838	7244.720161
67740.000000	6202.199032	5843.500229	6452.342017	7202.901457
67800.000000	6204.150276	5828.716919	6408.965306	7232.742551
67860.000000	6236.542491	5959.673889	6473.432709	7253.831852
67920.000000	6178.501542	5851.497528	6450.566103	7281.098166
67980.000000	6250.342567	5727.595335	6442.213638	7248.661030
68040.000000	6261.019268	5768.787387	6498.639646	7283.430100
68100.000000	6238.199466	5894.053380	6464.025663	7137.032863
68160.000000	6199.415663	5757.152406	6451.225488	7184.345825
68220.000000	6203.067003	5755.312735	6416.268820	7329.006270
68280.000000	6241.241501	5809.412248	6415.283316	7217.181873
68340.000000	6177.028909	5811.281931	6456.064289	7271.333046
68400.000000	6137.700104	5804.487758	6528.703192	7269.874124
68460.000000	6171.199045	5763.533063	6462.908473	7180.123588
68520.000000	6263.823286	5726.468517	6329.150551	7173.066020
68580.000000	6229.844408	5763.170395	6372.643359	7218.041776
68640.000000	6216.947880	5780.260341	6286.795221	7182.803359
68700.000000	6195.738993	5774.382092	6332.301589	7338.561781
68760.000000	6127.576362	5834.161652	6463.255180	7207.167186
68820.000000	6263.420234	5826.035506	6448.599212	7258.363379
68880.000000	6286.936051	5919.912679	6439.173317	7269.641925
68940.000000	6142.043810	5724.970857	6459.066222	7311.756993
69000.000000	6194.063616	5783.686923	6451.217168	7255.025793
69060.000000	6196.418248	5818.692943	6519.975654	7203.279033
69120.000000	6356.094670	5828.146862	6454.408480	7130.727268
69180.000000	6367.133445	5953.542611	6478.835227	7265.990244
69240.000000	6272.860005	5833.189405	6432.586112	7298.579754
69300.000000	6257.321293	5870.461572	6434.490608	7206.074195
69360.000000	6192.326255	5891.538830	6431.065492	7218.402821
69420.000000	6276.622624	5838.142499	6476.742672	7341.946548
69480.000000	6185.895579	5755.082247	6337.051727	7334.996370
69540.000000	6190.833728	5889.533257	6502.860892	7157.098135
69600.000000	6237.617558	5789.677711	6483.936809	7128.697223
69660.000000	6220.244111	5753.263388	6461.781082	7283.162577
69720.000000	6186.365403	5758.230522	6287.676135	7207.851391
69780.000000	6193.611314	5778.226530	6475.397689	7251.705851
69840.000000	6187.182548	5813.492983	6438.173491	7235.383246
69900.000000	6169.149136	5826.030470	6299.495692	7214.217703
69960.000000	6261.153450	5900.393472	6356.249595	7267.623794
70020.000000	6187.630057	5792.679979	6391.391578	7342.315878
70080.000000	6117.913635	5831.220029	6395.618640	7244.350739
70140.000000	6190.274432	5780.173226	6414.461095	7182.629546
70200.000000	6221.874976	5819.172765	6505.798078	7245.053685
70260.000000	6255.118363	5747.585719	6369.460691	7251.625995
70320.000000	6206.275784	5841.886901	6304.004532	7208.159742
70380.000000	6221.712610	5800.332417	6376.423868	7281.100496
70440.000000	6202.559203	5773.591555	6491.196956	7349.436343
70500.000000	6212.795889	5835.155051	6380.137494	7173.620627
70560.000000	6206.204265	5765.817679	6546.653564	7342.349591
70620.000000	6279.723816	5849.154705	6479.596782	7241.559750
70680.000000	6254.645617	5824.906074	6496.990995	7292.873273
70740.000000	6224.344414	5834.048255	6479.251682	7270.350737
70800.000000	6280.763168	5794.475343	6433.857783	7194.819111
70860.000000	6094.585641	5844.868066	6432.700644	7284.457660
70920.000000	6200.646101	5950.328577	6358.285920	7231.316795
70980.000000	6175.963331	5794.251707	6344.961075	7256.368412
71040.000000	6221.840911	5805.216939	6390.844473	7173.263581
71100.000000	6182.030209	5811.368120	6348.718217	7324.294389
71160.000000	6203.663065	5804.700569	6353.899985	7259.874354
71220.000000	6178.617604	5726.023781	6441.248647	7181.265376
71280.000000	6229.201431	5822.690976	6428.227524	7245.236380
71340.000000	6163.354890	5897.826175	6424.188802	7189.486206
71400.000000	6129.407815	5811.761341	6363.036011	7154.525122
71460.000000	6244.062598	5791.888851	6349.285778	7328.353755
71520.000000	6088.228701	5766.036805	6456.654095	7167.752675
71580.000000	6220.199591	5813.847133	6468.038821	7181.917538
71640.000000	6188.263631	5829.118734	6371.559000	7255.410872
71700.000000	6047.092109	5790.668839	6455.821497	7317.602525
71760.000000	6089.773128	5778.551852	6300.505130	7179.420891
71820.000000	6266.193615	5835.337593	6264.082246	7293.221980
71880.000000	6218.256864	5807.545427	6419.776190	7233.997568
71940.000000	6195.112744	5743.705129	6324.905110	7263.682024
72000.000000	6198.796194	5828.976508	6369.266888	7108.716492
72060.000000	6237.400046	5739.123463	6298.633946	7191.861474
72120.000000	6141.642350	5782.979246	6420.158052	7259.634878
72180.000000	6098.366409	5807.827384	6308.876096	7276.728735
72240.000000	6225.546627	5691.067103	6371.636556	7183.301957
72300.000000	6080.136224	5767.563424	6387.693597	7262.986786
72360.000000	6174.358905	5821.895452	6518.696841	7152.028980
72420.000000	6208.390702	5810.714771	6490.509517	7297.251164
72480.000000	6197.386470	5801.929483	6322.693767	7154.144146
72540.000000	6171.932119	5802.472404	6369.871625	7156.571828
72600.000000	6190.603781	5768.925334	6434.985355	7252.027186
72660.000000	6147.195571	5787.676205	6409.724407	7219.659317
72720.000000	6254.420979	5788.642940	6381.095877	7269.717560
72780.000000	6151.482240	5708.252585	6311.297555	7188.858065
72840.000000	6274.090308	5893.024940	6361.730329	7309.110322
72900.000000	6291.673658	5764.514102	6399.468396	7224.361117
72960.000000	6234.209799	5882.956231	6336.662470	7033.029078
73020.000000	6155.376269	5853.031266	6377.747634	7245.954410
73080.000000	6278.140900	5833.040413	6424.175661	7327.937485
73140.000000	6287.371119	5887.912623	6460.155165	7110.600529
73200.000000	6262.145573	5744.365159	6389.917809	7255.463862
73260.000000	6269.668058	5841.517387	6401.860467	7372.542747
73320.000000	6179.385251	5842.026739	6383.920350	7227.912889
73380.000000	6195.785074	5839.767875	6447.700460	7206.854284
73440.000000	6155.841041	5855.711342	6448.908600	7090.859161
73500.000000	6158.777111	5841.678244	6391.409761	7199.076857
73560.000000	6204.280579	5792.773187	6379.520149	7093.334180
73620.000000	6292.198415	5711.057994	6416.564688	7154.613696
73680.000000	6291.425819	5803.069200	6292.628649	7171.659388
73740.000000	6136.602984	5747.587787	6356.994088	7235.120503
73800.000000	6135.533074	5782.647150	6309.510925	7274.904537
73860.000000	6172.040455	5757.195774	6366.692449	7166.445563
73920.000000	6232.935974	5780.410761	6385.549293	7167.383645
73980.000000	6148.579300	5764.337848	6438.245756	7255.811450
74040.000000	6173.738889	5760.595699	6365.884550	7227.143959
74100.000000	6236.307113	5826.592153	6300.594093	7126.691339
74160.000000	6223.864958	5848.546348	6381.981194	7193.379898
74220.000000	6186.005389	5783.806686	6336.104056	7189.107891
74280.000000	6214.906442	5799.787919	6346.910245	7196.943249
74340.000000	6195.151855	5771.162855	6435.605254	7257.050994
74400.000000	6279.957938	5839.760660	6386.632942	7224.646434
74460.000000	6263.475362	5687.755256	6360.563258	7264.862041
74520.000000	6250.144024	5716.029058	6380.708913	7279.103104
74580.000000	6189.231323	5737.607013	6367.987225	7222.154330
74640.000000	6109.328764	5761.818007	6395.930081	7255.449983
74700.000000	6165.931656	5760.150541	6231.228382	7271.329208
74760.000000	6223.594363	5692.623289	6508.923439	7258.934294
74820.000000	6274.054862	5777.334614	6380.191646	7142.620675
74880.000000	6131.971419	5826.455079	6415.848460	7172.448589
74940.000000	6243.330595	5746.473036	6471.178745	7110.467041
75000.000000	6130.357831	5753.858562	6343.936432	7315.588799
75060.000000	6206.189911	5707.083975	6363.828074	7214.315922
75120.000000	6178.154032	5768.019790	6315.649164	7193.116701
75180.000000	6162.952613	5806.535845	6406.199697	7219.660880
75240.000000	6120.575872	5673.487142	6303.368133	7108.401929
75300.000000	6162.011576	5777.095133	6419.509085	7277.740590
75360.000000	6249.155633	5813.855667	6438.200535	7206.528997
75420.000000	6146.902457	5690.714707	6380.768731	7258.178132
75480.000000	6140.905161	5781.291613	6403.573157	7193.936910
75540.000000	6181.577229	5865.661976	6426.485001	7258.878370
75600.000000	6129.278787	5698.944355	6371.143879	7171.634189
75660.000000	6288.467778	5761.582822	6384.306117	7182.258494
75720.000000	6172.765668	5685.664393	6377.506416	7202.344321
75780.000000	6112.222865	5841.066037	6392.385174	7173.749264
76323.900000	7586.478289	7225.380226	7450.453264	8270.827672
76368.000000	7557.703309	7270.712013	7606.201353	8636.900190
76412.000000	7552.448491	7371.065127	7729.782023	8699.979557
76456.000000	7613.002430	7288.551414	7843.601453	8745.059525
76500.000000	7515.593791	7278.411087	7807.329494	8831.711775
76544.000000	7641.294229	7366.835718	7768.888863	8895.437965
76588.000000	7606.291667	7220.233933	7711.157163	8926.180744
76632.000000	7591.967611	7370.168839	7871.696763	8908.719089
76676.000000	7536.983451	7299.774428	7783.464049	8986.930849
76720.100000	7498.986721	7262.766807	7779.711135	9005.884478
76764.100000	7600.120711	7358.871016	7952.838121	8874.201408
76808.100000	7619.724824	7344.448694	7768.626612	8932.547604
76852.100000	7548.442759	7278.668544	7852.854229	8978.908299
76896.200000	7601.358242	7357.088308	7831.247816	8956.400312
76940.200000	7580.211587	7264.036374	7813.673569	9056.431376
76984.200000	7686.247944	7569.699136	7826.817221	8892.730775
77028.200000	7542.527476	7407.947755	7949.262841	9095.288453
77072.200000	7651.447840	7409.220310	7923.479882	9113.562898
77116.200000	7610.404065	7426.846757	7895.015559	9058.233211
77160.200000	7528.456243	7358.867586	7915.005825	9025.366798
77204.200000	7730.377913	7413.182623	7781.345766	9094.814278
77248.200000	7613.017786	7464.117401	7897.151063	8937.886853
77292.200000	7726.414449	7512.530453	7988.837095	8979.853053
77336.200000	7731.235264	7404.567050	7866.041340	8924.228869
77380.200000	7613.891405	7478.696799	7931.110887	9170.720127
