0.000000	8652.508560	11327.130870	18563.907590	18191.356490
60.000000	8550.798987	11714.909250	18401.360100	18074.383210
120.000000	8643.702357	11841.819060	18621.814340	18281.380800
180.000000	8582.383814	11491.860220	18492.935980	18251.694380
240.000000	8625.863771	11520.637260	18366.656880	18160.931680
300.000000	8670.913537	11379.673980	18141.597500	18209.619880
1483.200000	8522.759351	11246.400370	18388.936490	17502.465550
1527.200000	8541.673930	11219.676480	18855.509190	17792.416890
1571.200000	8607.339205	11199.468710	19119.426200	17959.807160
1615.200000	8666.752562	11326.754470	19703.278620	18553.254880
1659.200000	8476.111861	11270.858180	20327.289430	18998.882560
1703.200000	8526.316720	11445.277410	20587.200320	19194.044250
1747.200000	8684.862914	11265.379960	21280.607630	19629.946720
1791.200000	8673.810132	11363.235120	21558.584030	20119.328360
1835.200000	8797.479758	11425.887480	22091.117440	20596.823990
1879.200000	8728.474392	11618.739900	22607.128650	21157.739320
1923.200000	8743.772961	11552.243280	23227.170300	21572.961530
1967.200000	8792.846351	11500.715450	23408.501110	22020.648530
2011.200000	8663.152945	11501.876640	23873.877630	22427.423150
2055.200000	8758.651581	11746.299970	24382.661020	23019.812920
2099.200000	8881.739295	11505.216300	24651.309360	23172.231990
2143.200000	8838.681305	11683.958780	25321.663180	23519.686710
2187.200000	8769.059199	11632.917270	25487.137340	24048.824500
2231.200000	8661.047770	11417.238760	25432.204600	24231.671810
2275.200000	8655.145134	11649.952580	25940.314390	24693.979810
2319.200000	8780.498798	11518.135040	26106.724810	24797.425750
2363.200000	8689.148355	11726.379250	26688.800920	25251.720110
2407.200000	8719.989329	11646.685310	26558.636970	25355.178700
2451.200000	8756.237966	11763.336290	27025.513950	25767.552480
2495.200000	8716.185031	11945.133370	27389.628400	25919.422190
2539.200000	8805.682595	11879.587530	27540.659650	26088.371240
2583.200000	8915.067979	11800.537050	27593.719160	26293.023790
2627.200000	8627.809120	11847.653240	27690.744260	26597.449110
2671.200000	8772.627400	11899.972130	27972.192720	26966.240360
2715.200000	8866.114626	11985.155590	28146.921980	27013.981350
2759.200000	8747.650359	11971.428450	28358.948640	27130.970000
2803.200000	8593.217095	12041.036430	28592.310910	27427.769070
2847.200000	8691.332889	11979.136730	28580.958340	27291.571330
2891.200000	8816.878699	12006.176370	28764.806250	27751.617180
2935.200000	8858.216015	12141.624460	28893.996650	27949.486360
2979.200000	8746.143826	12028.022230	28877.185770	28044.990920
3023.200000	9002.982659	12199.807920	29248.983150	27797.437390
3067.200000	8849.731423	12130.043020	29145.031560	28039.069000
3111.200000	8818.918534	12099.487400	29186.355520	28272.673790
3155.200000	8901.175565	12136.918600	29234.228320	28297.209240
3199.200000	8773.158421	12205.983070	29338.410540	28431.133220
3243.200000	8888.001566	12121.218060	29392.074620	28570.936880
3287.200000	8928.000661	12117.527180	29497.539790	28183.985130
3331.200000	8830.743188	12249.930650	29573.365260	28477.245540
3375.200000	9025.149045	12143.666250	29533.892880	28334.957910
3419.200000	8758.480152	12331.927880	29547.781110	28782.312510
3463.200000	8912.114070	12207.183090	29610.471140	28840.042740
3507.200000	8900.223551	12176.010420	29744.965840	28650.641040
3551.200000	8987.063568	12309.142370	29916.544000	28719.802460
3595.200000	8860.400248	12312.248780	29764.654880	28888.377360
3639.200000	8999.126356	12546.697060	29799.947090	29004.854550
3683.200000	8981.266128	12361.721260	29888.840510	29145.315190
3727.200000	8874.293052	12454.969530	29905.094470	29105.602040
3771.200000	9028.827387	12325.193330	29908.608490	29422.664440
3815.200000	8951.553092	12500.368580	29898.092550	29007.492500
3859.200000	8907.122946	12387.666890	29925.988860	29001.762850
3903.200000	9059.699584	12486.920540	29913.630280	29112.833260
3947.200000	8934.616328	12340.350860	30240.965340	29191.364190
3991.200000	9012.390192	12532.950070	30116.515180	28988.893370
4035.200000	8854.074718	12528.054210	29903.986280	28940.144450
4079.200000	8859.401243	12461.224590	30200.158170	29031.486810
4123.200000	8940.306143	12322.229200	30059.001520	29127.574550
4167.200000	8901.560429	12488.048070	30320.040800	29183.921020
4211.200000	8834.863186	12516.625140	30185.647920	28967.094770
4255.200000	8955.051960	12646.184580	30310.061780	29343.186050
4299.200000	8951.985699	12619.835520	30499.704630	29245.041900
4343.200000	8957.995237	12548.726880	30499.878430	29592.048040
4387.200000	8909.249886	12660.202930	30384.114250	29486.225600
4431.200000	8968.030037	12612.133960	30475.261810	29227.901720
4475.200000	8954.540193	12616.831410	30295.544560	29442.371650
4519.200000	8943.091031	12619.348450	30404.564690	29330.983300
4563.200000	8921.696563	12683.200280	30384.985000	29432.259060
4620.000000	8889.665991	12560.539280	30393.314300	29265.939640
4680.000000	8986.973766	12712.145380	30404.615760	29461.976910
4740.000000	8907.204030	12616.913840	30301.738600	29210.786670
4800.000000	8961.907842	12794.294280	30487.358980	29578.284120
4860.000000	8917.767900	12625.610190	30522.823370	29624.809940
4920.000000	8961.155270	12698.215360	30551.827430	29814.972440
4980.000000	8884.336331	12734.861240	30603.409480	29698.040900
5040.000000	8979.814443	12792.068410	30705.012130	29307.372920
5100.000000	8997.359846	12731.796440	30790.619020	29601.123580
5160.000000	9084.783195	12834.069510	30600.776650	29682.429240
5220.000000	8952.116687	12878.290670	30303.767500	29697.617880
5280.000000	8961.187964	12841.352170	30658.668890	29505.960170
5340.000000	8991.324101	12901.169110	30628.269330	29667.225310
5400.000000	9073.019513	12845.529090	30710.910060	29435.018710
5460.000000	9008.071625	12906.342980	30614.726470	29719.366450
5520.000000	8995.277297	12964.137490	30620.764650	29714.600240
5580.000000	8969.889296	12991.427790	30545.388210	29641.810130
5640.000000	9019.377044	12985.562150	30578.195010	29827.312490
5700.000000	9116.866689	12963.194130	30786.976330	29792.185040
5760.000000	8894.281817	12917.737760	30556.720730	29677.280770
5820.000000	8941.081104	13069.262670	30559.137750	29589.020620
5880.000000	8909.785090	13096.274940	30965.552740	29654.646990
5940.000000	9046.096573	12948.056580	30682.914550	29596.725120
6000.000000	8927.308631	13117.903160	30919.138120	29879.393690
6060.000000	8955.286217	13229.249190	30678.743400	29745.517210
6120.000000	8885.158981	13016.543570	30778.124580	29814.727900
6180.000000	8984.413007	13039.038300	31038.320070	29881.345680
6240.000000	8957.135895	13160.838150	30793.779440	29720.908800
6300.000000	8989.901249	13135.333460	30868.002880	29745.575370
6360.000000	9068.919711	13268.314590	30739.725680	29871.702690
6420.000000	9103.043830	13108.546820	30962.640360	29967.182860
6480.000000	9106.751226	13272.962760	30876.508570	29950.388360
6540.000000	9070.784830	13194.363350	30811.325420	29662.564270
6600.000000	9107.328189	13251.289350	31041.062570	29762.273500
6660.000000	9078.029553	13286.140170	31064.912460	29754.649810
6720.000000	9004.130432	13257.912600	30982.353390	29774.424030
6780.000000	9066.090232	13334.159120	30942.938410	29854.845020
6840.000000	9052.272417	13166.614670	31023.545460	30204.756240
6900.000000	9060.485017	13195.297960	30931.093590	29942.778860
6960.000000	9095.464820	13207.582860	30933.887630	29827.637840
7020.000000	9091.676507	13286.924840	30956.708670	29939.547570
7080.000000	9056.598659	13478.452320	30951.713410	29976.586480
7140.000000	9068.965484	13350.085620	31074.816910	30193.754980
7200.000000	9173.604089	13387.762950	31226.519320	29942.352090
7260.000000	9039.249680	13460.328680	30753.119590	30080.762750
7320.000000	9187.328893	13377.795000	31208.518030	30234.375460
7380.000000	8940.491946	13519.210740	31241.815140	30127.734830
7440.000000	9128.968739	13550.692620	30986.545340	30087.056910
7500.000000	9235.049652	13532.636550	31113.683270	30139.344020
7560.000000	9137.895751	13534.213250	31207.267140	30069.126830
7620.000000	9154.003709	13479.240480	30986.318420	30173.189700
7680.000000	8978.310849	13581.065400	31136.988050	30104.728590
7740.000000	9294.036226	13618.226970	31129.061120	30010.958980
7800.000000	9163.977837	13693.780610	31362.589070	30038.489960
7860.000000	9025.128503	13631.767670	31139.087400	29981.505580
7920.000000	9127.841890	13584.725980	31295.079300	30171.358240
7980.000000	9113.941303	13414.922650	31156.603960	29878.955420
8040.000000	9212.700971	13465.433540	31360.627490	30244.654300
8100.000000	9160.704896	13558.489320	31240.632680	30364.388230
8160.000000	9335.666479	13680.915510	31133.374480	30264.658820
8220.000000	9038.276928	13595.319780	31456.634690	29974.502830
8280.000000	9250.028339	13599.283960	31158.194610	30216.167190
8340.000000	9099.109795	13578.124340	31310.874620	30330.905610
8400.000000	9275.033217	13782.796330	31493.766970	30159.250230
8460.000000	9144.240093	13800.333180	31359.500560	30380.193210
8520.000000	9270.648317	13807.053460	31379.344570	30173.666960
8580.000000	9173.485642	13831.675280	31051.254910	30079.922760
8640.000000	9150.080503	13816.039160	31231.238540	30331.035700
8700.000000	9315.349102	13735.647100	31219.275120	30335.678290
8760.000000	9299.512674	13656.887730	31432.368490	30282.035750
8820.000000	9315.777723	13699.623180	31067.987620	30178.858940
8880.000000	9336.298473	13695.716610	31362.460610	30428.450690
8940.000000	9282.079793	13715.363030	31294.972430	30351.607170
9000.000000	9052.594274	13726.834970	31324.263010	30086.073460
9060.000000	9259.917042	13791.524060	31264.795380	30168.959340
9120.000000	9286.574032	13666.868560	31417.527170	30291.028500
9180.000000	9405.624994	13913.588680	31329.035360	30150.313480
9240.000000	9309.288781	13763.442110	31250.151610	30198.221640
9300.000000	9288.600905	13764.982600	31337.895300	30276.761510
9360.000000	9234.192724	13828.490350	31190.655680	30383.895860
9420.000000	9115.235486	13802.218300	31303.960850	30151.382280
9480.000000	9267.495130	13876.800990	31308.149610	30191.600450
9540.000000	9346.990665	13912.482790	31356.774370	30618.895670
9600.000000	9328.704523	14003.979950	31389.623250	30268.038440
9660.000000	9203.365775	13871.763400	31485.796300	30344.216290
9720.000000	9352.934210	13822.810700	31220.599240	30472.934230
9780.000000	9407.237262	13750.335190	31595.703700	30334.700660
9840.000000	9384.300464	13972.648600	31517.120990	30263.992960
9900.000000	9446.004719	14169.594070	31456.443080	30436.148980
9960.000000	9309.366223	14031.789970	31512.756190	30457.436600
10020.000000	9399.953682	14092.992860	31430.398170	30267.911620
10080.000000	9348.257805	13959.036670	31162.757620	30434.369680
10140.000000	9428.202653	13878.575370	31337.225480	30273.139570
10200.000000	9394.195515	13953.585920	31478.231190	30438.021250
10260.000000	9380.199069	14178.133880	31558.346360	30432.483130
10320.000000	9380.355107	14065.550520	31486.120330	30397.963820
10380.000000	9253.029569	14024.192700	31759.895190	30348.724330
10440.000000	9397.758799	14045.152970	31706.086420	30275.069550
10500.000000	9517.315105	14103.965320	31726.705670	30419.107160
10560.000000	9347.385198	14230.781140	31490.138740	30452.615590
10620.000000	9429.175742	14131.427600	31522.083600	30304.701740
10680.000000	9435.568025	14141.835600	31607.684010	30564.380150
10740.000000	9353.848771	14156.271430	31576.536680	30663.530610
10800.000000	9377.553177	14047.998170	31408.936570	30665.496540
10860.000000	9516.405696	14040.754750	31597.720240	30372.585920
10920.000000	9313.120488	14174.938690	31399.703330	30566.993060
10980.000000	9506.982680	14130.611850	31620.507500	30585.922510
11040.000000	9404.796316	14084.704540	31287.621010	30659.864320
11100.000000	9423.811068	14020.172810	31616.242630	30478.712910
11160.000000	9397.267691	14291.176500	31659.350650	30539.742510
11220.000000	9533.430537	14131.733400	31605.600480	30534.900930
11280.000000	9400.296734	14003.773390	31362.325960	30638.417960
11340.000000	9481.389270	14090.192510	31423.350060	30855.278260
11400.000000	9512.704152	14206.604970	31584.493510	30385.145510
11460.000000	9487.669704	14176.143030	31492.128660	30237.204360
11520.000000	9552.741540	14335.084910	31654.848100	30637.946910
11580.000000	9602.856403	14163.098010	31634.417510	30575.737830
11640.000000	9473.145652	14230.254180	31645.413690	30572.540840
11700.000000	9451.605826	14251.688440	31636.565160	30651.448440
11760.000000	9458.778565	14261.447130	31735.108920	30526.301030
11820.000000	9506.943031	14210.017290	31802.733590	30439.888740
11880.000000	9457.183761	14268.813970	31663.409590	30647.223090
11940.000000	9470.237433	14146.999790	31763.234640	30563.174030
12000.000000	9573.341457	14325.604510	31877.427760	30553.762130
12060.000000	9517.571590	14115.455790	31835.806320	30520.926720
12120.000000	9468.708823	14256.441890	31791.488370	30747.743060
12180.000000	9528.525373	14189.328700	31577.868370	30633.542630
12240.000000	9452.921078	14341.522530	32003.571700	30622.541440
12300.000000	9432.648126	14175.620560	31871.101360	30566.188130
12360.000000	9555.182923	14361.932300	31999.887810	30647.751800
12420.000000	9722.953552	14425.950170	31655.418170	30837.946240
12480.000000	9511.574713	14300.194310	31835.628810	30793.898160
12540.000000	9422.417185	14242.853930	31922.084930	30641.302720
12600.000000	9520.243760	14454.961640	31551.018140	30721.011930
12660.000000	9577.014777	14331.241000	31911.312320	30716.023880
12720.000000	9516.917163	14356.824990	32021.880880	30717.025670
12780.000000	9502.323714	14516.756040	31920.633660	30567.592510
12840.000000	9564.530281	14526.996400	31810.089140	30649.456920
12900.000000	9468.294520	14465.552960	32022.047760	30704.562970
12960.000000	9700.284157	14508.286970	31894.196250	30758.573010
13020.000000	9745.847392	14344.447040	31721.485180	30758.092410
13080.000000	9661.657940	14308.646960	31762.871810	30506.273400
13140.000000	9647.514761	14374.540510	31886.405890	30577.494210
13200.000000	9642.378231	14383.915560	31954.810850	30718.223180
13260.000000	9707.431295	14511.044060	31652.335360	30740.203940
13320.000000	9611.554732	14485.549990	31936.369270	30889.998590
13380.000000	9593.963540	14396.516240	31990.325550	30607.393120
13440.000000	9497.325810	14382.568390	31995.958160	30924.762360
13500.000000	9613.736565	14539.698100	32155.820350	30749.813050
13560.000000	9661.838089	14512.876440	31595.237630	30809.362800
13620.000000	9627.105309	14422.161920	31669.506630	30426.145180
13680.000000	9656.478828	14298.250970	31906.723690	30638.995400
13740.000000	9493.690810	14581.383490	32008.788340	30764.191200
13800.000000	9616.082866	14533.324300	31931.031410	30809.305410
13860.000000	9646.755724	14630.803100	31971.153380	30850.389740
13920.000000	9565.748679	14572.553750	32029.851410	30830.644940
13980.000000	9699.236032	14504.611360	32062.395880	30684.041580
14040.000000	9602.733767	14416.709930	32086.156450	30905.964110
14100.000000	9696.434605	14370.893000	31947.278840	30918.865560
14160.000000	9512.007413	14648.174450	32085.522670	30710.361400
14220.000000	9647.026130	14678.634210	32081.526190	30809.343800
14280.000000	9724.482681	14514.304810	31852.022490	30932.728130
14340.000000	9751.403648	14578.096250	31797.349920	31043.498030
14400.000000	9729.290034	14599.222500	32068.895230	31134.795690
14460.000000	9737.506896	14717.664930	32077.035630	30840.356880
14520.000000	9701.504459	14495.208840	32241.062380	30582.688130
14580.000000	9731.378306	14463.870340	31760.819160	30858.526550
14640.000000	9773.539236	14511.214440	32045.411860	30925.624690
14700.000000	9803.850407	14462.842910	32177.370420	30967.042770
14760.000000	9731.791535	14530.743210	32166.396400	30810.006570
14820.000000	9754.646193	14522.007320	31849.444790	30928.767840
14880.000000	9842.382633	14650.859400	32019.736600	30924.897710
14940.000000	9734.921248	14707.625530	32076.034090	30901.184140
15000.000000	9824.128039	14633.350820	32154.994430	30935.317590
15060.000000	9898.360127	14763.435580	31925.193380	30791.083730
15120.000000	9732.549633	14664.403510	31940.227320	31044.301390
15180.000000	9828.678229	14643.057350	32028.248210	31088.588190
15240.000000	9769.325134	14784.036500	32255.515230	30867.164440
15300.000000	9776.167655	14664.909360	32139.681760	30762.777410
15360.000000	9743.977677	14726.910090	32099.317800	30884.328570
15420.000000	9780.448720	14526.535870	32217.596250	30947.603190
15480.000000	9787.556941	14662.450650	31954.541750	30966.783220
15540.000000	9875.236361	14669.152160	31907.315060	30919.091750
15600.000000	9825.605444	14745.373240	32157.332220	30944.899810
15660.000000	9786.999358	14697.677030	32058.856830	31034.037100
15720.000000	9622.717103	14745.435540	31966.388300	30807.242460
15780.000000	9750.752767	14758.756950	32032.804350	31011.186180
15840.000000	9753.110781	14628.811870	32028.805370	31036.792660
15900.000000	9837.578514	14693.110940	32244.303050	31122.827810
15960.000000	9648.740209	14707.311640	32016.372520	31013.302470
16020.000000	9742.046028	14857.727960	32196.746980	31042.432250
16080.000000	9663.277129	14790.036890	32134.690230	30881.040540
16140.000000	9717.169596	14750.745760	32112.151360	30842.263970
16200.000000	9786.218956	14693.086720	32364.700920	31054.294380
16260.000000	9756.461043	14695.248100	32059.790380	31044.468480
16320.000000	9880.517928	14704.687270	32477.488240	31202.874280
16380.000000	9895.250947	14676.743630	32212.202670	31115.439890
16440.000000	9845.995063	14827.866630	32255.549980	31176.824200
16500.000000	9891.304137	14798.597250	32276.570560	30808.389590
16560.000000	9812.940518	14811.042800	32372.774700	31208.595450
16620.000000	9788.546277	14809.825900	32403.391170	30955.951880
16680.000000	9717.287956	14850.811500	32336.736050	30974.708860
16740.000000	9683.544273	14969.946750	32194.096730	30743.982390
16800.000000	9902.919304	14726.512470	32160.073390	31080.731960
16860.000000	9882.415447	14834.488660	32400.701120	31230.871740
16920.000000	9825.865231	14860.692200	32146.484520	31287.600630
16980.000000	9888.616829	14930.316630	32166.019290	31125.672490
17040.000000	9880.634257	14914.057660	32425.102190	31050.701490
17100.000000	9978.901419	14934.488930	32267.469780	31352.984100
17160.000000	9844.740531	14819.499810	32452.168890	31247.138530
17220.000000	10046.793350	14739.342760	32631.366550	30974.188580
17280.000000	9958.791875	14829.767330	32525.620230	31193.903820
17340.000000	9811.160747	14753.203280	32249.436470	31229.703190
17400.000000	10026.063010	14928.464740	32206.047290	30917.536730
17460.000000	9842.831427	14790.346480	32369.263520	31004.353460
17520.000000	9936.820848	14854.114240	32369.905710	31239.525830
17580.000000	9862.139834	14817.879750	32523.285890	31168.967440
17640.000000	9898.135691	14845.987120	32372.719100	31232.377970
17700.000000	9834.434354	14775.576040	32407.472570	31077.191500
17760.000000	9930.802636	14814.617140	32440.230190	31228.630490
17820.000000	9934.787484	14918.570220	32389.097930	31011.225280
17880.000000	9951.070873	15007.196390	32259.816540	31027.073360
17940.000000	9909.560179	14809.135370	32396.783010	31338.951220
18000.000000	10051.333700	14844.588080	32537.864360	30944.867730
18060.000000	10023.779820	14806.929680	32676.496190	31154.914580
18120.000000	9899.847952	14965.865070	32521.346180	31302.753810
18180.000000	9995.858271	14798.479050	32418.586180	31278.197530
18240.000000	9832.308842	14971.513370	32118.206550	31071.737710
18300.000000	9893.936036	14934.042930	32435.183680	31322.291400
18360.000000	9949.584499	14897.311560	32599.269450	31112.503430
18420.000000	9986.920044	14863.733350	32663.639550	31443.576690
18480.000000	10005.573190	15019.856280	32535.670980	31196.133580
18540.000000	10023.468360	14817.600460	32408.236090	31140.102130
18600.000000	9937.088691	14844.482910	32296.548700	31027.242300
18660.000000	9964.339683	14965.489060	32569.346670	31186.605090
18720.000000	10052.932340	14874.759890	32550.089570	31299.189320
18780.000000	10003.266930	14760.714560	32378.404400	31355.342820
18840.000000	9914.148363	14840.769850	32429.712070	31092.330030
18900.000000	10064.118410	15100.776020	32619.364730	31275.988770
18960.000000	9935.251725	14881.013010	32344.149940	31294.070700
19020.000000	9989.510215	15111.090870	32402.175070	31211.036480
19080.000000	10173.010510	15048.271470	32655.228070	31283.554330
19140.000000	10043.157990	15115.085230	32582.283270	31105.278510
19200.000000	10037.075900	14985.927920	32466.097360	31135.331850
19260.000000	9919.678637	14867.806610	32532.904400	31290.660650
19320.000000	10031.394220	15012.217890	32539.873870	31280.236720
19380.000000	9987.167327	14867.487960	32489.648770	31168.306620
19440.000000	9982.021641	14980.659110	32512.419960	31039.420200
19500.000000	10081.238720	14966.392310	32281.187050	31232.375940
19560.000000	9986.915940	15005.695480	32263.545330	31224.875360
19620.000000	9995.855934	14964.742470	32650.930080	31450.782560
19680.000000	10057.243090	15134.997130	32360.323310	31288.678430
19740.000000	10112.747140	14975.819150	32420.976840	30980.215370
19800.000000	9983.757644	14948.181770	32697.497380	31215.301770
19860.000000	10210.400090	14889.644090	32504.025710	31450.353790
19920.000000	10038.471570	15021.432120	32395.074440	31120.801540
19980.000000	10035.666830	15197.503490	32468.718340	31314.011170
20040.000000	10251.206390	14897.269350	32681.304200	31099.492120
20100.000000	10147.768480	14958.463320	32661.332720	31180.731740
20160.000000	10026.559940	15027.265840	32581.529350	31276.911070
20220.000000	10113.905070	15163.376260	32462.024040	31274.751560
20280.000000	10131.397040	15140.075620	32418.196290	31469.969220
20340.000000	10124.189080	15154.882310	32530.402950	31304.475970
20400.000000	10091.869340	14887.563270	32458.499040	31463.097040
20460.000000	10152.682010	15010.760530	32620.346140	31224.067860
20520.000000	10193.121020	15073.808400	32453.306130	31155.972000
20580.000000	10245.228930	15184.018660	32641.097920	31541.988050
20640.000000	10235.055490	15103.757390	32593.208380	31382.447130
20700.000000	10183.501600	15021.055690	32755.270460	31711.609430
20760.000000	10119.506550	15144.886650	32431.851420	31446.455660
20820.000000	10185.507040	14939.262020	32462.922550	31407.890360
20880.000000	10156.499030	15105.061750	32567.196240	31563.842270
20940.000000	10116.344250	15130.801230	32779.388060	31332.767990
21000.000000	10096.613520	15050.683440	32672.426520	31420.683690
21060.000000	10167.170110	15034.109890	32776.122470	31634.432790
21120.000000	9990.563070	15083.070110	32956.025730	31345.229120
21180.000000	10105.563240	14942.215880	32723.934120	31226.078670
21240.000000	10105.636650	15116.800860	32693.647300	31437.230860
21300.000000	10292.786140	14971.604830	32856.005020	31449.469920
21360.000000	10065.495930	15005.024430	32619.040580	31483.024970
21420.000000	10163.227150	15031.898310	32696.445120	31501.229560
21480.000000	10152.129490	14905.391060	32788.163130	31668.124060
21540.000000	10025.148800	15063.463180	32684.952220	31415.242710
21600.000000	10098.246930	15001.317260	32820.409490	31511.823040
21660.000000	10390.287880	15089.731170	32696.311590	31488.413290
21720.000000	10154.633760	15055.740830	32711.808330	31249.712600
21780.000000	10129.803700	15190.007180	32773.879820	31579.800300
21840.000000	10252.064210	15284.116880	32543.203080	31158.460300
21900.000000	10153.443940	15335.195610	32773.045640	31572.461080
21960.000000	10289.734720	15050.977400	32874.114280	31536.149460
22020.000000	10227.689050	15077.793220	32802.381300	31339.863890
22080.000000	10216.806650	15064.931540	32814.811800	31578.906560
22140.000000	10055.940270	15020.073880	32613.806830	31641.133570
22200.000000	10130.542780	15182.751940	32770.349200	31371.290130
22260.000000	10137.089860	15162.017400	32615.786670	31486.865750
22320.000000	10088.166630	15147.846060	32818.185710	31370.896360
22380.000000	10213.985150	15352.665750	32922.397860	31263.214850
22440.000000	10082.710300	15163.514390	33044.541140	31378.867200
22500.000000	10187.647280	15001.131900	32880.654310	31610.775150
22560.000000	10235.507730	15165.053270	33244.994780	31427.106180
22620.000000	10144.190270	15197.950140	32736.827260	31611.376200
22680.000000	10339.320930	14995.893030	32808.245700	31857.122580
22740.000000	10259.663040	15114.896470	32747.936640	31147.838810
22800.000000	10160.364670	15149.644540	32735.622940	31340.151160
22860.000000	10102.814280	15019.106100	32685.412650	31365.509320
22920.000000	10149.419310	15040.719180	32750.274610	31495.165390
22980.000000	10168.464360	15222.180990	32745.161530	31672.151720
23040.000000	10320.376670	15024.675170	32736.978780	31480.355240
23100.000000	10225.264960	15063.797090	32849.093170	31294.513830
23160.000000	10211.572270	15149.550070	33050.478070	31412.767850
23220.000000	10409.595590	15271.595130	32867.788920	31542.216140
23280.000000	10247.271000	15048.135610	33080.818860	31736.058690
23340.000000	10229.690070	15224.857980	32911.429350	31567.986760
23400.000000	10284.168850	15261.118720	33161.778140	31678.167090
23460.000000	10322.196080	15222.559800	32917.739110	31500.119100
23520.000000	10313.430260	15227.827240	32920.074840	31688.777360
23580.000000	10289.425010	15205.979060	32948.127160	31590.217530
23640.000000	10158.096600	15157.525600	32799.493150	31650.529900
23700.000000	10231.849880	15241.362340	33000.679380	31564.549670
23760.000000	10164.957650	15226.707140	32784.675400	31932.155680
23820.000000	10206.765470	15105.559960	33122.442110	31850.103670
23880.000000	10234.248750	15275.928300	32996.812010	31604.663100
23940.000000	10515.976030	15183.996980	32878.146960	31624.834440
24000.000000	10372.068160	15102.771590	33114.877110	31716.414270
24060.000000	10255.610820	15405.626290	33002.631220	31628.777160
24120.000000	10307.324320	15383.423050	33030.945370	31572.628700
24180.000000	10284.153820	15166.677550	32775.805320	31674.702370
24240.000000	10294.156370	15195.718390	32759.939170	31502.450470
24300.000000	10345.979670	15454.414210	32690.771750	31535.510700
24360.000000	10285.028130	15114.224870	32988.062180	31558.855650
24420.000000	10355.722660	15108.352490	32999.465340	31759.253120
24480.000000	10216.856320	15171.281900	32898.996580	31768.748520
24540.000000	10259.338280	15247.733580	32829.369010	31701.982560
24600.000000	10128.244840	15263.813950	32840.471030	31813.600390
24660.000000	10373.414650	15365.249110	32976.943600	31590.506900
24720.000000	10208.415520	15252.564390	33033.342890	31620.718850
24780.000000	10221.212770	15263.214820	32897.678380	31635.105710
24840.000000	10177.578820	15266.565310	32886.020740	31610.461800
24900.000000	10336.247300	15117.001150	33014.938460	31751.346100
24960.000000	10337.798560	15168.555990	33067.360830	31693.625200
25020.000000	10375.533830	15239.561530	33143.032540	31797.376950
25080.000000	10380.247140	15273.195920	32877.361440	31730.407610
25140.000000	10432.300500	15247.295360	32862.072850	31878.947860
25200.000000	10431.504630	15290.000640	32921.766660	31772.521490
25260.000000	10272.363920	15280.199570	33194.051910	31753.363110
25320.000000	10287.513050	15235.179010	33201.419210	31864.610760
25380.000000	10277.007570	15235.758470	33005.473340	31543.892690
25440.000000	10374.997010	15195.382040	33038.598390	31449.429430
25500.000000	10248.299490	15134.645030	32935.349130	31916.925320
25560.000000	10330.645830	15356.559570	33193.665630	31760.179010
25620.000000	10319.869320	15260.446470	33187.175590	31769.039730
25680.000000	10378.540450	15316.785170	33145.098060	31814.612870
25740.000000	10279.271530	15353.176320	32959.454910	31746.754920
25800.000000	10368.095430	15155.650460	33468.132840	31751.555270
25860.000000	10202.183530	15222.000850	33016.579300	31894.501050
25920.000000	10362.621440	15302.081350	33005.948200	31794.250650
25980.000000	10259.226150	15289.586070	33249.678090	31715.021930
26040.000000	10409.382360	15250.995870	33044.427460	31604.398970
26100.000000	10363.031780	15250.764920	32944.883240	31655.149140
26160.000000	10377.911810	15189.249220	33271.006170	31812.830060
26220.000000	10476.859790	15287.195820	32884.585310	31835.304580
26280.000000	10463.515820	15047.510240	33359.846560	31809.052090
26340.000000	10215.656830	15252.907140	32802.032580	31956.170280
26400.000000	10410.759980	15183.273760	33206.929500	31861.576510
26460.000000	10293.958440	15312.137650	33150.125160	31714.484080
26520.000000	10406.914850	15275.599070	33110.484320	31681.054140
26580.000000	10373.328280	15237.609440	33134.357670	31697.996550
26640.000000	10200.290880	15285.412080	33263.471690	31974.807200
26700.000000	10426.505710	15180.659820	33097.488560	31774.428410
26760.000000	10333.504320	15229.284420	33124.822290	31809.217720
26820.000000	10259.550330	15168.680830	32961.858570	31965.470490
26880.000000	10400.191780	15358.147140	33092.049860	31800.365110
26940.000000	10510.392590	15203.633330	32950.093230	31865.805380
27000.000000	10404.736080	15340.405550	33088.755780	31816.238150
27060.000000	10250.336020	15285.798890	33090.905010	31818.756860
27120.000000	10374.134780	15344.890970	33089.255630	31923.685410
27180.000000	10289.027060	15209.049280	33055.020860	31697.080570
27240.000000	10395.353540	15234.608870	33193.630160	31493.560700
27300.000000	10451.759140	15110.612730	33032.850020	32032.439340
27360.000000	10319.983950	15340.153350	33439.279180	31840.479760
27420.000000	10452.324110	15141.662250	33200.551900	32011.100400
27480.000000	10367.178200	15169.786720	33241.280660	32061.845630
27540.000000	10378.264600	15161.356290	33220.395050	31729.974400
27600.000000	10338.328930	15168.907200	33232.354670	31689.415820
27660.000000	10363.795860	15348.573920	33294.954530	31940.039990
27720.000000	10420.083090	15384.307180	33056.288290	31916.830820
27780.000000	10306.163820	15204.759000	33210.186710	31815.349260
27840.000000	10317.496880	15242.147510	32910.664570	31954.558110
27900.000000	10363.677960	15445.612670	33304.363420	31749.847150
27960.000000	10508.553290	15290.757330	33026.826140	31675.699680
28020.000000	10332.821670	15266.056980	33292.408180	31847.432460
28080.000000	10521.073880	15285.556580	33295.179560	31799.325960
28140.000000	10444.319000	15340.044160	33327.308960	31646.917150
28200.000000	10538.356420	15253.458720	33475.439680	31893.211990
28260.000000	10373.938500	15329.129300	33260.522290	31996.406430
28320.000000	10453.731110	15235.111860	33149.060560	31839.820350
28380.000000	10275.591360	15344.888980	33356.340520	31891.456220
28440.000000	10492.353070	15360.737170	33312.501150	31901.550110
28500.000000	10396.635050	15195.105210	33432.715090	31899.067370
28560.000000	10329.773150	15387.390310	33367.551240	31968.782200
28620.000000	10399.606940	15317.017840	33240.863970	32037.248000
28680.000000	10404.550990	15206.980370	33098.857080	31941.283650
28740.000000	10343.899090	15394.667970	33276.343810	32141.102510
28800.000000	10452.569320	15345.893910	33495.632420	32043.337550
28860.000000	10364.561480	15390.551590	33328.481740	31767.251050
28920.000000	10405.216080	15543.442540	33243.882930	31717.548190
28980.000000	10281.064440	15232.838230	33355.201040	31779.808220
29040.000000	10496.531850	15294.924990	33290.111930	31794.270810
29100.000000	10423.541570	15173.617530	33150.680370	31868.703390
29160.000000	10488.406880	15447.295230	33094.859590	31867.032760
29220.000000	10340.377050	15330.463630	33286.438840	31967.479420
29280.000000	10438.011210	15289.519670	33389.478840	31839.535080
29340.000000	10541.131500	15345.264690	33415.283330	31754.884770
29400.000000	10417.897510	15276.096080	33249.368250	31836.639630
29460.000000	10388.499840	15289.889570	33404.565790	31645.394030
29520.000000	10489.363580	15170.709330	33395.342150	31965.572370
29580.000000	10523.964100	15371.307260	33287.713630	32064.377820
29640.000000	10535.094950	15624.330980	33521.279880	31992.010670
29700.000000	10453.033250	15480.960720	33473.346770	32034.487670
29760.000000	10502.340440	15244.321450	33330.248270	31750.567470
29820.000000	10576.879480	15382.070540	33320.868350	32108.989490
29880.000000	10562.922220	15215.276960	33228.668870	31926.073750
29940.000000	10481.069010	15283.961370	33290.942820	31881.637490
30000.000000	10503.146930	15398.473280	33445.105810	32045.674830
30060.000000	10370.466180	15476.243350	33488.064160	32063.754540
30120.000000	10497.764090	15498.456920	33320.777340	32068.025470
30180.000000	10509.527620	15392.251750	33551.421000	31966.816490
30240.000000	10417.749410	15325.412240	33159.354800	31744.066610
30300.000000	10487.352860	15204.385590	33405.257740	32056.362400
30360.000000	10510.109850	15471.666650	33428.594790	31723.179760
30420.000000	10477.407750	15422.444570	33487.858540	32084.859740
30480.000000	10545.263380	15370.598780	33412.627110	32156.054170
30540.000000	10331.377860	15408.394490	33128.866610	32070.886370
30600.000000	10526.472770	15393.590820	33571.923690	32122.415030
30660.000000	10553.532870	15533.766060	33235.279040	31833.739760
30720.000000	10463.200990	15273.063490	33334.540620	31970.082090
30780.000000	10571.822970	15500.432530	33238.104050	31889.083860
30840.000000	10447.514650	15305.089140	33450.575000	31816.314370
30900.000000	10596.364430	15401.678590	33485.153130	32350.945710
30960.000000	10563.841480	15512.300810	33285.258090	32125.721780
31020.000000	10530.062040	15342.949430	33585.795220	32120.558540
31080.000000	10510.429280	15432.835660	33597.459270	32156.381830
31140.000000	10431.886710	15410.439890	33505.344250	32088.807860
31200.000000	10543.836570	15287.456120	33303.265070	32192.980300
31260.000000	10549.449890	15438.412690	33448.051460	31933.403340
31320.000000	10526.886640	15234.098940	33644.061860	32029.744210
31380.000000	10455.681790	15478.226780	33558.875890	32246.728760
31440.000000	10483.226890	15634.213140	33420.908630	32067.938650
31500.000000	10518.380850	15516.286310	33570.057860	32046.235920
31560.000000	10553.733370	15441.767030	33588.197420	31926.875540
31620.000000	10550.687300	15488.710860	33471.208030	32059.902620
31680.000000	10590.612510	15463.492730	33297.546240	32254.508300
31740.000000	10595.895110	15404.906010	33388.457090	31874.568570
31800.000000	10627.479150	15367.204750	33473.275140	32114.494060
31860.000000	10497.544210	15385.110880	33558.220000	32063.065400
31920.000000	10464.194610	15381.328020	33613.944700	32053.970200
31980.000000	10586.120110	15481.116040	33495.758040	32115.037260
32040.000000	10606.486310	15374.265920	33323.585040	32030.596690
32100.000000	10489.747700	15550.083580	33790.710250	32204.906950
32160.000000	10520.641240	15568.591380	33373.035620	32158.158310
32220.000000	10661.013850	15517.003920	33449.421360	32104.345880
32280.000000	10640.440990	15309.777880	33599.021090	32157.919660
32340.000000	10508.405120	15516.471610	33465.459200	32088.946540
32400.000000	10472.293010	15415.858950	33547.430460	32196.077520
32460.000000	10738.555500	15386.932390	33404.542610	32183.390590
32520.000000	10510.752380	15408.044070	33542.004790	32436.140580
32580.000000	10562.253980	15443.988270	33467.946340	32181.097540
32640.000000	10468.244380	15415.119800	33328.071400	32096.707590
32700.000000	10615.378120	15413.517370	33662.710150	32157.191440
32760.000000	10474.123110	15429.316100	33427.740460	32235.148570
32820.000000	10511.608370	15590.344210	33593.713720	32229.632280
32880.000000	10561.343250	15476.401380	33621.171820	32229.292000
32940.000000	10664.988040	15390.416850	33596.098170	32009.283040
33000.000000	10492.787820	15528.729990	33743.561860	31974.058000
33060.000000	10665.763570	15521.244610	33584.493150	32033.893960
33120.000000	10548.612330	15585.103640	33434.723490	32247.188140
33180.000000	10502.554340	15408.261360	33587.744220	31962.395450
33240.000000	10521.529980	15294.757650	33277.818590	32057.349250
33300.000000	10486.360140	15265.465060	33568.166360	32169.381380
33360.000000	10573.443720	15392.658110	33764.824220	32128.423580
33420.000000	10563.094450	15477.765670	33704.170040	32181.450140
33480.000000	10520.264270	15427.289800	33523.574550	32139.003420
33540.000000	10536.668080	15425.772510	33859.535240	32109.508390
33600.000000	10492.720700	15326.268780	33509.404200	32287.052270
33660.000000	10556.119240	15531.257360	33576.428530	32139.501410
33720.000000	10547.771470	15314.950890	33505.207060	32299.022500
33780.000000	10513.532050	15318.644490	33619.323160	32317.003880
33840.000000	10576.754030	15501.340640	33278.896310	32270.698850
33900.000000	10499.713970	15553.679910	33659.708490	32263.525030
33960.000000	10575.619440	15376.335890	34059.524750	32184.836860
34020.000000	10509.130680	15400.176620	33562.787940	32411.706130
34080.000000	10515.423290	15344.358700	33596.851550	32112.921320
34140.000000	10586.341970	15397.240770	33681.411190	31807.337620
34200.000000	10562.428900	15395.992220	33532.244560	32269.737610
34260.000000	10666.585980	15444.723200	33565.843700	32053.737640
34320.000000	10536.058740	15433.991690	33492.118680	32201.541540
34380.000000	10567.947510	15358.164230	33374.775170	32401.537490
34440.000000	10504.943930	15604.642540	33581.296390	32079.700630
34500.000000	10585.814250	15517.704630	33742.748880	32091.475720
34560.000000	10555.211710	15533.888970	33490.161130	32128.765180
34620.000000	10466.794110	15436.639370	33794.952760	32280.371620
34680.000000	10633.833950	15520.863690	33617.157630	31983.759950
34740.000000	10581.820560	15210.599790	33854.164100	32153.645040
34800.000000	10674.615940	15516.922320	33843.172750	32091.343670
34860.000000	10481.678100	15357.601640	33586.034250	32135.318400
34920.000000	10633.602340	15487.565950	33551.376420	32155.338170
34980.000000	10678.489790	15539.106110	33559.211020	32076.881410
35040.000000	10587.444630	15581.290530	33619.679220	32360.243910
35100.000000	10752.911860	15440.491100	33975.183070	32162.120010
35160.000000	10518.554390	15390.273740	33820.794250	32216.207840
35220.000000	10623.033120	15500.472540	33739.569470	32061.108210
35280.000000	10743.455450	15491.328780	33687.866530	32346.058970
35340.000000	10697.199540	15555.678670	33776.158600	32379.546530
35400.000000	10590.195270	15379.894620	33733.913890	32256.325620
35460.000000	10542.108200	15659.431950	33627.012360	32126.789530
35520.000000	10725.332390	15599.294670	33743.546630	32319.640460
35580.000000	10662.857830	15378.668560	33529.112940	32238.275920
35640.000000	10689.143940	15535.410980	33882.361280	32292.764580
35700.000000	10761.424410	15749.469280	33880.300540	32536.966700
35760.000000	10675.703130	15550.011900	33943.219060	31978.025670
35820.000000	10791.265470	15499.305800	33847.685160	32377.551270
35880.000000	10836.678720	15485.283360	33625.635230	32199.260230
35940.000000	10709.116200	15506.042080	33745.239000	32297.685280
36000.000000	10685.630800	15582.290330	33701.767470	32100.857610
36060.000000	10594.725500	15465.008960	33753.857060	32155.482000
36120.000000	10712.809410	15518.534200	33815.664350	32265.806970
36180.000000	10664.182460	15530.416500	33736.984270	32269.449530
36240.000000	10664.506730	15450.759510	33551.741090	32391.883870
36300.000000	10594.994310	15744.712630	33746.767670	32143.927440
36360.000000	10665.123580	15594.279790	33725.725900	31998.482000
36420.000000	10560.044150	15618.519710	33704.919270	32451.592180
36480.000000	10552.803840	15493.788540	33750.258840	32407.119450
36540.000000	10731.593990	15390.570280	33809.795050	32164.993800
36600.000000	10644.333390	15501.634940	34001.719310	32296.919750
36660.000000	10704.790110	15570.055780	33816.513430	32314.367120
36720.000000	10687.010070	15556.913230	33667.640460	32231.373230
36780.000000	10543.782150	15376.367810	33756.909620	32123.840960
36840.000000	10613.693300	15510.876570	34139.684680	31966.180510
36900.000000	10619.014050	15400.646390	33767.594190	32299.328120
36960.000000	10656.173510	15443.409570	33673.260370	32193.569390
37020.000000	10518.662280	15479.578630	33709.192600	32280.079260
37080.000000	10588.623210	15404.403380	33844.754740	32336.997820
37140.000000	10488.692310	15635.786060	33729.697170	32255.944590
37200.000000	10583.802910	15417.755650	33564.091060	32284.542510
37260.000000	10557.816490	15405.201860	33540.424580	32441.449570
37320.000000	10576.725440	15348.641660	33759.546080	32240.950090
37380.000000	10704.173130	15528.286030	33796.395280	32386.374000
37440.000000	10632.199790	15370.241140	33843.375770	32319.758150
37500.000000	10665.507680	15394.479940	33832.553680	32450.673230
37560.000000	10515.930160	15314.399720	33953.905610	32249.302560
37620.000000	10558.214390	15457.086270	33650.454510	32444.813940
37680.000000	10597.425340	15439.091100	34005.764240	32367.308230
37740.000000	10615.094070	15419.322060	33636.052670	32071.140740
37800.000000	10551.153490	15526.314650	33667.955300	32194.049600
37860.000000	10599.181770	15561.896620	33883.149620	32338.174270
37920.000000	10722.339750	15453.553940	33877.850260	32401.068950
37980.000000	10527.369380	15402.092170	33705.899530	32237.023840
38040.000000	10688.642460	15511.774760	33742.073840	32492.459820
38100.000000	10681.282720	15603.032600	33888.752170	32482.637760
38160.000000	10704.938300	15611.352610	33565.688300	32297.408740
38220.000000	10577.176470	15509.678530	33710.810600	32337.909590
38280.000000	10649.841920	15505.621340	33887.637280	32343.793110
38340.000000	10648.555170	15607.481740	33586.233720	32396.590080
38400.000000	10519.208610	15614.891930	33636.685930	32196.260800
38460.000000	10624.187950	15386.511430	33862.698260	32302.125140
38520.000000	10567.052770	15464.873820	33806.559800	32175.159060
38580.000000	10529.674540	15450.677330	33713.419040	32202.764510
38640.000000	10691.868580	15684.108610	33878.392840	32565.129780
38700.000000	10564.197930	15537.520700	33948.949070	32649.761180
38760.000000	10568.248290	15482.411610	33875.588010	32285.560990
38820.000000	10682.588050	15536.975040	33953.034930	32461.813760
38880.000000	10689.565040	15558.730220	33984.805120	32148.548970
38940.000000	10670.147210	15448.039600	33836.228390	32220.843880
39000.000000	10666.107290	15619.093040	33757.606350	32549.361630
39060.000000	10629.990130	15380.341170	33614.956050	32485.972700
39120.000000	10610.124520	15789.698040	34108.214380	32458.973880
39180.000000	10702.717930	15442.081430	33700.508270	32440.177340
39240.000000	10538.748680	15575.452070	33982.125520	32578.671920
39300.000000	10613.882300	15436.625830	33727.255380	32412.220430
39360.000000	10690.709470	15474.425140	33899.773570	32297.050620
39420.000000	10663.767920	15351.539640	33814.115230	32250.067680
39480.000000	10665.510980	15251.544060	33871.970620	32114.213560
39540.000000	10673.888800	15583.285020	33720.429980	32369.830680
39600.000000	10694.041500	15514.146880	34006.002720	32334.566090
39660.000000	10669.512130	15489.404100	33870.685550	32334.835280
39720.000000	10581.590860	15378.020080	33852.566860	32298.154770
39780.000000	10685.733910	15599.649780	33669.564510	32268.427510
39840.000000	10683.559080	15419.483290	34049.088240	32476.618810
39900.000000	10633.319000	15479.835540	33716.908020	32353.886110
39960.000000	10581.800660	15436.447340	33657.790630	32583.275230
40020.000000	10643.046250	15556.124800	34042.454220	32565.172770
40080.000000	10628.582410	15375.812760	34216.163150	32302.960910
40140.000000	10700.259840	15450.684590	33924.280970	32474.947380
40200.000000	10632.281140	15425.720250	33902.407840	32469.152550
40260.000000	10688.621780	15323.406100	34002.005580	32456.276870
40320.000000	10553.494520	15441.740360	33998.045400	32439.936400
40380.000000	10565.511610	15444.096130	34141.806810	32422.026050
40440.000000	10717.272830	15465.413420	34071.946780	32451.940580
40500.000000	10594.634940	15352.395320	34002.604690	32286.664710
40560.000000	10620.633540	15639.965430	34119.471400	32487.007040
40620.000000	10774.211250	15424.152020	34103.069630	32397.157300
40680.000000	10807.418630	15450.886050	34131.300820	32512.378040
40740.000000	10744.943630	15479.548440	33893.024090	32501.934490
40800.000000	10524.718570	15498.371970	33692.404560	32556.181800
40860.000000	10677.031480	15448.503610	34237.785760	32307.808090
40920.000000	10673.896930	15457.710800	34106.333690	32383.664840
40980.000000	10453.007400	15586.840310	34068.830210	32264.952170
41040.000000	10716.099490	15327.219460	34100.483310	32144.071270
41100.000000	10573.770690	15637.954040	33963.701520	32436.698900
41160.000000	10637.606070	15531.422260	33790.604080	32363.521440
41220.000000	10654.794510	15390.016600	33895.055940	32423.316970
41280.000000	10715.832920	15345.754940	34192.036790	32335.663070
41340.000000	10747.967650	15435.225360	33946.374820	32369.693250
41400.000000	10611.926380	15362.155940	34179.448260	32391.212420
41460.000000	10656.445350	15485.165700	34069.645540	32567.622070
41520.000000	10735.519320	15405.466890	33953.995690	32588.897730
41580.000000	10640.653910	15378.745910	33989.913440	32400.266300
41640.000000	10806.932470	15267.663090	33902.940820	32425.252390
41700.000000	10628.977600	15544.754170	33958.897970	32343.216290
41760.000000	10617.555800	15401.698220	34051.907060	32445.259740
41820.000000	10523.619920	15536.391670	33841.965320	32684.718030
41880.000000	10831.766240	15572.846850	33853.387060	32627.188520
41940.000000	10638.767390	15538.302670	34052.346920	32520.869800
42000.000000	10721.384720	15437.711700	34089.574160	32746.279420
42060.000000	10778.456090	15317.423530	34129.009710	32534.329260
42120.000000	10788.131720	15660.346590	33892.623400	32696.939060
42180.000000	10710.079650	15439.176120	33845.354040	32354.589900
42240.000000	10666.153520	15478.305000	33908.012160	32451.262080
42300.000000	10804.194360	15385.227550	34330.932630	32216.097170
42360.000000	10773.416990	15617.579840	34191.639970	32536.499450
42420.000000	10777.988060	15606.075550	33803.018490	32537.301050
42480.000000	10737.913560	15411.963830	34228.265020	32503.311300
42540.000000	10912.553360	15568.451960	33745.239480	32465.088590
42600.000000	10775.895680	15574.348980	34109.965340	32651.033840
42660.000000	10713.085020	15571.180780	33938.848230	32261.443650
42720.000000	10805.796300	15498.484120	34147.208380	32633.767570
42780.000000	10746.888600	15604.409760	33865.854900	32512.969260
42840.000000	10678.087730	15423.880260	33758.585390	32544.894520
42900.000000	10702.353120	15344.112570	33921.661760	32483.025620
42960.000000	10691.601610	15581.428550	34016.385840	32678.398790
43020.000000	10653.570380	15637.240100	33899.236990	32479.918450
43080.000000	10729.601860	15621.085800	34281.885120	32592.229360
43140.000000	10697.674890	15586.143850	34063.722460	32677.730130
43200.000000	10563.413230	15548.542240	34127.141940	32594.821030
43260.000000	10761.652790	15765.304990	34007.721710	32442.041820
43320.000000	10771.409300	15646.190040	33952.485070	32450.210550
43380.000000	10816.248320	15580.333350	34037.791040	32435.369850
43440.000000	10761.055320	15623.332640	33999.070550	32427.866550
43500.000000	10805.395540	15486.358300	34140.117650	32514.409450
43560.000000	10832.810960	15554.782390	34095.685700	32509.087420
43620.000000	10836.362280	15560.981790	34033.770240	32622.926090
43680.000000	10842.142150	15631.673490	33953.700730	32261.342960
43740.000000	10594.409300	15536.050700	33980.398400	32596.065120
43800.000000	10675.346570	15473.983180	34084.939970	32440.005600
43860.000000	10579.334440	15757.354580	33917.751640	32554.887390
43920.000000	10814.762550	15523.279160	33949.277160	32360.393700
43980.000000	10754.534870	15651.209380	33838.743830	32667.837420
44040.000000	10700.885950	15570.596850	33951.729870	32645.741440
44100.000000	10745.536930	15628.364880	34210.878530	32687.150750
44160.000000	10647.839060	15744.206330	33933.860010	32343.521010
44220.000000	10768.089470	15571.938840	34347.728690	32651.816300
44280.000000	10737.260750	15514.504660	34199.910380	32925.107660
44340.000000	10762.277220	15623.476530	34012.653510	32665.725520
44400.000000	10748.892910	15614.228910	34165.963030	32543.486490
44460.000000	10858.377210	15605.743490	34119.442720	32517.915100
44520.000000	10700.088940	15692.002940	34364.822320	32544.075700
44580.000000	10789.040360	15487.989490	34161.983280	32539.949420
44640.000000	10744.544990	15623.517650	34202.736380	32541.139160
44700.000000	10738.888890	15807.506300	34207.116540	32627.353670
44760.000000	10832.396660	15536.566810	34127.825060	32797.305090
44820.000000	10843.520000	15667.414150	34242.103490	32597.975660
44880.000000	10819.989590	15838.941840	34262.982330	32709.201700
44940.000000	10846.386970	15408.517310	34035.867780	32662.529380
45000.000000	10921.249310	15411.397470	34105.162950	32431.166640
45060.000000	10795.116480	15535.589830	34280.890650	32458.100980
45120.000000	10721.660750	15622.787030	34328.551800	32618.484720
45180.000000	10782.167990	15519.859060	34181.468500	32579.807680
45240.000000	10746.937640	15535.628830	34216.420050	32443.880690
45300.000000	10913.516670	15691.289250	34390.656300	32375.438690
45360.000000	10801.395490	15514.036180	34563.478840	32722.159750
45420.000000	10722.286210	15598.366000	34021.093650	32444.240330
45480.000000	10721.503950	15476.805540	34212.748860	32539.539370
45540.000000	10839.414410	15551.068140	34203.083020	32923.691620
45600.000000	10759.786290	15598.984770	34096.805580	32378.418990
45660.000000	10680.468700	15749.655530	34289.458980	32703.782390
45720.000000	10807.455810	15659.602280	34301.781550	32526.986180
45780.000000	10924.223950	15635.654100	34440.298150	32786.569410
45840.000000	10719.137530	15558.657060	34187.150110	32380.094050
45900.000000	10732.763710	15420.291910	34336.673980	32663.496900
45960.000000	10695.013490	15461.984710	34317.319910	32812.475450
46020.000000	10817.095340	15435.548140	34323.816460	32644.813900
46080.000000	10816.517450	15686.899110	34421.609960	32579.378790
46140.000000	10715.870390	15516.524540	34112.433510	32711.854190
46200.000000	10699.161840	15666.570220	34026.857080	32596.886100
46260.000000	10764.697240	15480.210480	34141.770940	32588.636470
46320.000000	10822.630460	15530.010230	34323.505200	32622.710010
46380.000000	10624.677970	15512.171740	34200.354830	32507.521960
46440.000000	10770.903690	15546.703510	34218.100900	32769.913310
46500.000000	10799.758670	15760.304200	34352.060520	32543.727180
46560.000000	10659.479580	15786.736220	34360.374650	32636.321540
46620.000000	10749.911160	15734.282580	34281.400600	32611.781410
46680.000000	10691.745050	15472.922890	34152.318790	32700.497020
46740.000000	10775.256340	15577.701890	34231.689210	32287.915480
46800.000000	10641.126610	15742.594490	34105.889000	32475.216200
46860.000000	10827.304790	15497.023290	34064.800300	32709.807270
46920.000000	10675.995490	15572.613800	34035.078270	32962.411390
46980.000000	10785.300070	15598.996070	34315.816130	32713.341100
47040.000000	10828.490330	15655.344050	34431.167340	32556.591990
47100.000000	10863.714410	15631.315650	34155.295520	32654.905820
47160.000000	10823.728860	15628.963380	34113.109940	32767.720310
47220.000000	10666.920240	15685.901750	34308.408170	32486.894780
47280.000000	10923.214390	15533.676710	34289.892530	32725.242510
47340.000000	10940.703050	15592.878100	34270.034400	32559.346950
47400.000000	10885.988800	15626.438160	34053.936740	32794.432580
47460.000000	10771.826970	15617.388850	34139.163110	32789.397530
47520.000000	10717.497050	15613.028950	34291.606370	32516.948760
47580.000000	10505.908620	15543.459470	34227.691450	32646.122640
47640.000000	10741.130110	15539.887510	34353.398170	32510.805150
47700.000000	10700.927780	15711.190670	34163.424430	32804.827210
47760.000000	10645.469230	15643.621670	34354.784510	32582.855070
47820.000000	10567.563560	15470.888940	34463.486250	32528.099980
47880.000000	10657.185900	15468.279810	34447.687930	32698.518980
47940.000000	10695.014710	15566.251400	34258.306320	32924.658130
48000.000000	10859.316220	15605.246300	34201.731080	32723.523640
48060.000000	10647.319680	15498.840970	34065.394970	32700.210820
48120.000000	10738.867630	15530.902270	34306.504660	32588.027510
48180.000000	10611.293450	15582.094740	34202.786540	32724.333680
48240.000000	10598.703230	15568.800000	33936.397880	32910.209570
48300.000000	10650.637880	15454.368360	34525.306890	32494.700940
48360.000000	10609.541250	15565.805430	34211.833200	32618.903390
48420.000000	10631.200740	15527.962150	34245.006510	32708.925000
48480.000000	10742.116800	15491.223780	34037.460990	32503.084940
48540.000000	10657.890290	15396.816100	34446.012070	32831.162250
48600.000000	10649.538020	15596.051360	34363.256860	32942.343140
48660.000000	10771.963720	15514.001130	34236.064660	32604.213590
48720.000000	10710.930190	15476.824800	34053.873660	32688.115620
48780.000000	10767.043840	15447.119130	34165.166040	32771.960900
48840.000000	10738.079520	15590.771250	34290.053060	32589.114550
48900.000000	10671.633490	15376.277760	34404.108590	32696.924820
48960.000000	10609.345030	15591.778540	34498.581700	32813.701980
49020.000000	10639.120060	15642.792040	34209.357950	32594.287260
49080.000000	10718.913170	15579.020170	34468.962750	32649.216360
49140.000000	10853.124020	15615.532160	34119.450770	32779.022570
49200.000000	10676.993850	15539.689610	34299.022700	32796.968290
49260.000000	10638.404530	15435.681640	34064.764340	33036.973740
49320.000000	10657.786770	15454.007060	34167.967550	32667.161870
49380.000000	10712.313800	15514.172990	34432.713650	32890.859740
49440.000000	10634.588810	15611.938880	34167.971660	32904.709680
49500.000000	10742.115890	15578.983470	34155.562460	32729.424730
49560.000000	10725.677980	15376.018610	34336.162440	32601.874310
49620.000000	10753.964510	15561.560660	34205.880460	32901.844160
49680.000000	10632.208850	15376.853320	34216.947490	32730.590940
49740.000000	10784.688600	15575.636270	34437.050090	32530.610750
49800.000000	10652.267620	15523.412440	34306.218020	32756.403810
49860.000000	10724.479630	15641.725260	34260.743340	32668.141480
49920.000000	10718.751210	15520.383720	34386.901590	32791.357560
49980.000000	10675.196250	15443.786810	34208.499630	32666.884390
50040.000000	10732.777850	15526.899020	34545.439830	32629.233910
50100.000000	10601.062160	15415.066690	34293.193590	32889.767200
50160.000000	10819.320870	15439.219340	34394.115860	32926.196830
50220.000000	10719.977170	15565.684470	34531.757100	32643.300330
50280.000000	10662.005030	15583.751860	34239.493720	32957.632440
50340.000000	10804.620930	15589.029920	34375.362020	32741.595540
50400.000000	10753.221440	15502.951350	34402.150680	32711.435430
50460.000000	10663.474890	15705.749370	34455.902920	32658.238490
50520.000000	10751.094210	15488.121140	34296.314380	32529.799700
50580.000000	10773.936200	15550.102010	34557.925260	32764.472800
50640.000000	10718.586030	15396.144380	34308.210940	32624.891260
50700.000000	10820.799570	15542.024140	34500.897700	32511.979410
50760.000000	10765.727550	15566.044720	34046.256730	32822.323380
50820.000000	10526.770930	15575.636550	34236.736710	32672.097580
50880.000000	10634.044740	15564.333880	34283.439920	32608.012880
50940.000000	10888.651380	15619.228760	34302.645870	32809.812000
51000.000000	10763.020690	15566.592220	34361.255740	32810.220650
51060.000000	10736.896380	15669.362700	34097.306640	32711.701530
51120.000000	10681.028240	15763.447650	34357.610640	32874.143940
51180.000000	10831.198090	15654.767070	34445.153270	32656.517690
51240.000000	10865.580390	15678.113940	34390.128480	32933.013840
51300.000000	10763.771740	15471.740370	34500.541440	32399.568010
51360.000000	10724.936500	15581.365860	34534.917370	32676.209640
51420.000000	10723.272890	15634.073750	34211.906600	32621.539400
51480.000000	10747.225340	15628.618900	34231.094510	32427.084560
51540.000000	10877.099850	15510.815180	34449.717820	32835.691170
51600.000000	10816.733530	15509.406970	34375.806720	32775.513540
51660.000000	10736.342720	15485.708530	34420.108150	32824.743060
51720.000000	10776.455600	15417.744640	34562.470600	32547.638060
51780.000000	10727.751750	15482.247100	34305.138500	32798.399260
51840.000000	10802.161960	15545.070610	34465.831810	32784.914520
51900.000000	10765.496390	15489.954790	34557.596630	32855.392000
51960.000000	10759.495190	15655.868930	34604.864020	32794.494040
52020.000000	10769.560460	15499.660490	34384.954740	32850.949820
52080.000000	10749.239080	15579.052950	34461.373760	32802.045210
52140.000000	10764.008630	15588.154150	34517.239200	32872.103410
52200.000000	10707.844910	15635.598220	34408.871450	32697.926750
52260.000000	10782.510560	15567.315120	34380.028270	32660.207210
52320.000000	10745.078470	15628.645190	34485.755660	32622.710940
52380.000000	10859.404820	15686.225550	34503.018010	32642.759000
52440.000000	10702.629260	15593.399320	34314.732720	32764.716280
52500.000000	10871.027220	15595.132410	34341.139290	32811.126670
52560.000000	10782.978430	15583.482740	34310.884990	32862.070360
52620.000000	10768.769570	15683.460370	34267.348350	32824.798690
52680.000000	10782.333170	15621.720630	34575.567290	32772.827240
52740.000000	10701.383000	15584.326360	34296.045250	32864.911380
52800.000000	10699.549630	15571.417810	34536.780160	32855.622560
52860.000000	10816.203230	15547.140870	34272.120600	32887.989550
52920.000000	10817.004030	15520.150450	34453.344850	32993.340870
52980.000000	11006.931650	15419.229570	34309.149440	32902.184010
53040.000000	10835.080720	15687.460610	34264.801180	32866.011550
53100.000000	10770.238110	15560.747570	34321.743690	32758.966090
53160.000000	10785.140830	15626.891570	34383.016350	32781.235210
53220.000000	10714.805700	15522.166070	34418.203590	32851.691860
53280.000000	10874.503500	15449.961250	34648.459440	32973.736890
53340.000000	10761.119260	15709.230640	34580.499950	32938.501560
53400.000000	10705.554800	15483.322110	34349.722480	32747.142450
53460.000000	10874.814460	15536.963660	34326.317720	32751.564950
53520.000000	10881.070020	15464.368040	34195.513540	33091.221570
53580.000000	10691.165810	15546.586460	34588.964970	32729.574570
53640.000000	10765.821410	15803.486330	34623.532900	32894.063390
53700.000000	10816.723680	15745.280280	34318.462540	32732.774960
53760.000000	10861.461570	15681.588670	34212.599310	32813.791250
53820.000000	10794.501470	15587.656830	34347.521650	32692.784980
53880.000000	10768.850900	15631.456880	34669.995690	33009.418420
53940.000000	10864.106070	15505.584140	34344.404530	32933.105950
54000.000000	10741.374810	15489.098340	34266.092820	32931.583360
54060.000000	10676.774680	15666.079300	34355.355030	32772.268110
54120.000000	10831.279210	15444.969960	34475.614740	32630.742900
54180.000000	10847.913190	15654.788460	34542.742830	33036.242590
54240.000000	10909.718250	15493.627570	34520.260590	32632.319730
54300.000000	10908.065640	15655.102980	34624.544180	32857.009000
54360.000000	10692.483360	15516.574270	34616.162720	32757.994010
54420.000000	10708.765680	15575.486690	34464.992280	32839.962780
54480.000000	10613.804740	15553.107940	34399.870110	32719.335200
54540.000000	10810.510850	15422.447080	34542.150770	32799.093890
54600.000000	10932.214620	15578.564720	34500.338440	32788.518700
54660.000000	10735.842350	15498.222480	34604.545140	32772.808620
54720.000000	10773.481190	15576.513450	34604.134790	33075.845220
54780.000000	10977.845500	15554.260700	34463.806370	32785.149450
54840.000000	10888.700000	15753.853290	34657.000610	32849.313030
54900.000000	10941.101530	15551.354890	34498.395590	32909.098750
54960.000000	10753.507580	15539.049420	34404.527260	33080.874530
55020.000000	10789.618260	15572.115360	34489.404270	32873.073560
55080.000000	10798.616360	15541.147720	34526.436490	33023.676330
55140.000000	10699.543340	15421.455710	34426.833380	32728.022700
55200.000000	10543.255750	15673.924320	34592.186450	32662.184070
55260.000000	10823.559050	15548.793000	34543.191400	32800.214660
55320.000000	10662.625100	15618.139170	34463.564860	32681.325530
55380.000000	10888.389350	15632.035500	34507.528610	32999.563860
55440.000000	10727.602360	15412.263730	34594.824860	32905.755750
55500.000000	10818.921720	15690.690940	34654.588480	32931.022540
55560.000000	10760.463780	15639.593860	34666.344150	32863.762290
55620.000000	10930.601620	15631.135660	34534.112050	33012.349500
55680.000000	10839.091310	15640.425840	34579.083130	32821.674100
55740.000000	10692.803140	15649.883090	34714.032980	32789.384660
55800.000000	10723.495700	15701.393570	34990.053180	32659.998030
55860.000000	10759.763870	15493.798510	34324.589380	33002.729920
55920.000000	10811.097740	15545.517830	34661.581970	32730.371050
55980.000000	10952.270550	15586.130600	34521.046210	33003.772340
56040.000000	10904.618110	15576.738910	34413.866660	32706.271450
56100.000000	10903.767350	15665.150720	34683.553730	32776.642320
56160.000000	10883.075060	15636.146990	34754.542720	32909.341880
56220.000000	10829.893300	15593.275130	34702.817190	32645.574900
56280.000000	10856.176110	15641.421710	34290.389020	32952.514480
56340.000000	10677.460870	15545.785220	34569.536170	32922.862010
56400.000000	10725.483860	15727.398770	34678.507810	32945.336840
56460.000000	10735.252310	15482.205440	34524.701940	33146.685160
56520.000000	10835.539650	15660.904130	34516.328620	32923.264090
56580.000000	10643.114000	15520.347600	34522.375400	32548.255850
56640.000000	10840.699620	15613.788940	34426.460780	33101.249450
56700.000000	10740.693480	15605.994060	34567.048780	32851.603370
56760.000000	10836.260190	15635.535930	34560.957390	32955.699040
56820.000000	10827.593780	15577.225340	34470.375130	32790.130380
56880.000000	10777.815230	15620.935400	34486.842000	32894.328460
56940.000000	10827.811850	15602.584640	34478.374540	33038.617060
57000.000000	10757.583130	15667.891200	34204.775930	32823.315080
57060.000000	10925.338260	15711.594700	34713.352330	32717.754830
57120.000000	10739.317260	15520.738510	34682.900090	33044.719640
57180.000000	10850.016980	15573.189540	34535.182530	32862.992940
57240.000000	10717.647840	15648.995290	34699.744850	32872.094080
57300.000000	10864.027270	15566.880250	34602.664060	32875.235010
57360.000000	10877.174990	15672.997210	34648.210100	33014.082940
57420.000000	10845.043360	15550.762770	34624.391760	33064.092570
57480.000000	10716.787710	15534.962490	34582.961750	33050.188700
57540.000000	10691.429680	15424.260190	34806.014210	33131.274350
57600.000000	10762.349410	15552.574320	34397.011410	32565.442880
57660.000000	10896.918980	15683.859530	34565.819990	32834.437660
57720.000000	10818.273840	15571.351540	34670.992700	32910.561680
57780.000000	10922.057530	15497.811080	34558.565360	32758.160860
57840.000000	10834.553580	15470.978470	34626.378970	32775.404740
57900.000000	10683.229690	15601.983590	34627.880000	32937.509280
57960.000000	10816.057590	15655.169840	34801.159430	32751.369040
58020.000000	10721.327760	15568.371670	34543.608700	33008.653340
58080.000000	10795.196180	15472.028680	34567.877610	33107.146920
58140.000000	10834.778830	15632.706270	34735.391890	32929.289450
58200.000000	10822.021800	15647.219360	34623.832310	32793.280230
58260.000000	10952.055980	15483.654730	34665.496470	32931.483420
58320.000000	10907.015270	15507.278740	34437.892560	32863.609100
58380.000000	10812.929200	15541.214200	34751.498100	32853.464530
58440.000000	10844.929160	15589.877590	34614.299380	33017.282700
58500.000000	10823.361180	15668.120800	34335.130980	33142.458200
58560.000000	10854.569440	15581.583840	34567.502130	33015.785230
58620.000000	10974.418270	15593.451520	34414.631400	32888.221650
58680.000000	10717.388420	15500.510980	34842.235720	33089.054190
58740.000000	10805.419130	15478.623060	34472.229530	32868.905010
58800.000000	10648.429830	15524.063470	34593.623550	32870.846990
58860.000000	10740.813990	15748.042810	34732.683700	33021.037780
58920.000000	10739.143890	15664.933260	34642.849090	33103.603190
58980.000000	11068.101540	15629.909530	34568.354850	33042.898430
59040.000000	10688.449800	15676.283970	34804.657480	33277.186900
59100.000000	10899.018140	15633.502200	34551.214970	33059.141900
59160.000000	10818.363830	15617.089730	34385.359030	32977.571240
59220.000000	10862.586230	15602.496630	34823.135100	32986.856310
59280.000000	10881.423520	15690.872450	34529.307420	32964.071010
59340.000000	10696.845350	15558.961410	34752.170010	33009.732880
59400.000000	10748.546870	15535.411650	34570.343580	32988.686150
59460.000000	10871.322670	15807.724340	34566.814130	32756.298590
59520.000000	10978.465830	15629.323000	34748.310170	32969.953400
59580.000000	10908.134280	15593.931890	34882.273290	32928.125030
59640.000000	10764.438130	15642.260950	34660.940590	33110.341730
59700.000000	10931.515830	15515.554910	34640.191180	33173.455480
59760.000000	10813.251090	15549.103810	34622.133490	33024.696690
59820.000000	10972.803650	15527.042170	34760.418370	33035.673600
59880.000000	10886.429410	15562.787130	34665.438820	32885.783920
59940.000000	10908.182170	15789.251730	34825.579610	32755.079680
60000.000000	10831.883880	15805.049300	34702.040370	32630.948450
60060.000000	10760.050030	15574.558770	34484.386920	33065.862070
60120.000000	10902.237700	15534.272610	34607.217060	33140.447120
60180.000000	10898.652890	15650.489130	34420.381610	32965.604520
60240.000000	10876.841340	15724.595500	34744.319310	33030.285930
60300.000000	10831.078150	15572.549030	34785.051630	32839.548020
60360.000000	10813.191820	15855.643930	34460.005770	33107.994050
60420.000000	10733.168340	15695.844480	34875.739140	32955.148010
60480.000000	10716.914750	15606.480030	34934.351700	32800.011860
60540.000000	10886.569310	15564.973910	34574.773050	32670.438250
60600.000000	10849.926870	15541.328790	34784.521190	32968.976960
60660.000000	10803.683010	15453.706630	34661.344860	32808.859450
60720.000000	10769.820570	15688.412440	34779.978250	33083.160880
60780.000000	10835.787230	15533.332310	34789.351820	33102.107370
60840.000000	10811.121600	15455.623960	34590.883060	33154.566460
60900.000000	10764.432220	15474.919700	34991.704470	33055.114220
60960.000000	10706.057210	15621.285100	34951.832400	32853.665970
61020.000000	10688.198400	15636.004670	34588.885810	33180.179300
61080.000000	10689.924570	15718.734040	34958.115650	32911.618120
61140.000000	10902.948840	15570.749210	34660.426710	33125.457980
61200.000000	10870.528820	15565.453290	34786.038240	33031.246720
61260.000000	10990.079940	15528.833270	34666.208780	32663.785280
61320.000000	10909.865090	15478.093170	34562.986130	33133.140630
61380.000000	10695.714990	15537.875390	34810.973210	32959.081270
61440.000000	10844.267200	15715.621990	34728.242570	33142.430140
61500.000000	10822.638890	15591.774480	34772.968280	33118.004730
61560.000000	10744.117960	15648.918500	34687.904540	32957.043220
61620.000000	10823.136580	15639.240550	34709.206260	32890.500230
61680.000000	10870.631210	15700.361760	34524.425700	33248.457430
61740.000000	10880.855040	15619.534180	34550.109500	32945.372140
61800.000000	10807.576220	15462.407270	34710.194990	33069.989730
61860.000000	10966.926440	15695.720360	34890.307300	33023.060880
61920.000000	10841.629520	15578.878240	34787.567310	32983.554910
61980.000000	10620.525000	15529.052320	34563.191780	32887.877380
62040.000000	10940.083290	15685.725630	34860.118090	33119.308240
62100.000000	10924.585350	15483.585650	34588.935400	32939.094660
62160.000000	10889.709920	15798.178330	34799.937500	32912.338710
62220.000000	10768.400880	15544.153140	34669.356840	32882.022740
62280.000000	10840.368330	15642.316110	35015.819920	33208.409410
62340.000000	10950.501830	15737.999780	34763.153380	33047.168240
62400.000000	10720.689070	15603.422880	34543.133930	32824.089420
62460.000000	10864.969780	15578.030330	34795.244880	33202.700440
62520.000000	10793.678830	15731.086950	34827.853060	32886.757430
62580.000000	10810.234160	15812.427130	34783.427790	33170.627630
62640.000000	10920.116190	15823.713620	34685.910090	33106.474710
62700.000000	10800.027320	15606.775580	34751.671080	33079.313680
62760.000000	10831.258970	15592.897540	34911.467400	33068.552040
62820.000000	10734.738680	15675.486580	34753.101600	33107.204760
62880.000000	10854.496350	15624.789500	34830.129560	32715.147990
62940.000000	10847.229520	15694.296210	34995.982120	33071.057440
63000.000000	10807.734420	15663.177820	34765.528030	32915.933880
63060.000000	10806.020120	15640.674920	35039.714800	33320.087920
63120.000000	10903.055420	15539.607510	34771.326320	32983.415690
63180.000000	10753.866670	15630.930590	34921.438230	32866.716640
63240.000000	10839.662220	15591.470330	34942.991180	33138.771500
63300.000000	10748.435550	15772.831000	34789.845910	33139.854850
63360.000000	10878.583000	15750.563450	34471.696800	33432.587310
63420.000000	10777.504790	15643.372340	34776.059770	33158.066660
63480.000000	10845.969130	15378.527310	34825.718900	33194.783580
63540.000000	10835.744640	15541.667780	34478.051500	32956.413660
63600.000000	10858.185690	15518.307400	34733.692840	33076.723920
63660.000000	10958.758070	15739.451250	34758.244120	32861.187600
63720.000000	10816.944570	15782.420580	34782.865690	32933.009070
63780.000000	10795.596420	15658.567670	34629.972050	32963.305520
63840.000000	10932.223130	15630.217030	34542.921190	32849.056710
63900.000000	10908.914630	15637.089140	34864.265100	32968.402330
63960.000000	10748.779630	15577.919420	34820.488170	32951.096790
64020.000000	10769.143460	15621.573900	34635.490470	33080.948990
64080.000000	10985.763800	15463.684540	35005.425130	33191.199140
64140.000000	10799.644620	15634.566310	34970.953910	33097.170270
64200.000000	10832.327680	15607.045760	34882.081000	33009.342300
64260.000000	10825.612220	15645.068610	34719.740390	32906.466330
64320.000000	10892.927230	15661.295240	34823.685090	32771.703720
64380.000000	10820.694670	15696.715710	34858.688810	33046.558040
64440.000000	10875.956040	15594.864540	34663.301720	33058.574960
64500.000000	10958.182460	15498.486400	34648.699270	33125.158470
64560.000000	10822.477120	15737.463260	34658.977320	33042.431630
64620.000000	10760.208770	15773.717870	34884.360440	33085.009200
64680.000000	10877.542720	15669.141880	34977.185930	33075.284000
64740.000000	10788.537070	15619.115180	34784.337010	32839.777780
64800.000000	10874.897310	15696.973970	34715.409590	33159.360610
64860.000000	10816.050660	15745.853800	34743.984390	33072.311300
64920.000000	10815.143390	15655.173170	34766.370130	32895.735570
64980.000000	10746.809600	15667.830150	34833.601650	33282.365810
65040.000000	10833.104440	15638.657870	34907.947420	32975.525770
65100.000000	10881.632870	15758.668340	34829.751030	32946.450170
65160.000000	10815.547930	15811.926740	34874.168820	32904.050940
65220.000000	10803.717220	15650.433870	34843.208920	33000.386530
65280.000000	10947.859170	15624.019100	35088.274560	32968.434210
65340.000000	10791.230690	15694.358270	34853.076570	33205.060310
65400.000000	10768.781770	15461.932250	35018.840300	33221.665350
65460.000000	10907.048100	15776.856380	34959.050700	33058.037690
65520.000000	10754.901110	15640.525890	34796.807020	33166.233380
65580.000000	10819.529800	15597.349010	34893.478360	33043.204280
65640.000000	10909.379940	15770.382160	34816.155390	33073.163690
65700.000000	10778.675870	15591.821120	34964.096920	33358.753100
65760.000000	10786.668900	15640.573860	34674.630350	33197.999540
65820.000000	10904.663830	15731.191670	34737.405330	32868.327850
65880.000000	10899.600120	15795.640160	34814.921040	33223.839520
65940.000000	10816.017320	15709.174080	35023.307080	33052.199900
66000.000000	10952.798780	15802.122590	34938.933990	33114.334000
66060.000000	10824.093090	15688.344580	35098.935390	33238.362460
66120.000000	10816.390110	15680.144480	34800.602410	33195.779280
66180.000000	10777.192900	15481.907210	34832.780970	33145.179780
66240.000000	10894.288550	15716.163580	34902.660770	33246.012880
66300.000000	10846.707940	15665.136950	34975.539510	33046.499280
66360.000000	10805.574720	15760.881070	35127.015740	33089.383740
66420.000000	10837.192080	15628.532860	34877.312850	33024.551170
66480.000000	10872.524030	15664.593080	34763.549480	32936.128870
66540.000000	10830.203200	15592.706630	34882.585550	33102.112360
66600.000000	10966.351250	15543.491480	34716.374380	33089.845930
66660.000000	10854.782150	15796.493480	34532.320010	33177.509950
66720.000000	10859.323990	15583.918030	34785.350220	33061.191220
66780.000000	10948.662260	15797.787550	34802.912890	33113.901450
66840.000000	10906.619680	15598.578480	34843.054660	33399.203770
66900.000000	10847.712960	15647.251490	34962.335910	33103.332480
66960.000000	10898.186920	15655.981970	35226.067900	33316.710980
67020.000000	10852.333960	15616.089670	34977.221910	33239.049110
67080.000000	10930.817970	15771.356110	35043.414270	33090.121720
67140.000000	10921.318120	15663.826300	34948.439140	33072.629690
67200.000000	10835.733980	15519.004480	34853.861930	33002.752320
67260.000000	10787.850830	15559.198180	34837.462650	33094.568510
67320.000000	10798.299020	15644.436380	35118.158180	33137.196720
67380.000000	10959.518830	15663.798380	34887.222840	33136.670080
67440.000000	10966.400430	15674.791690	34763.995550	33071.657110
67500.000000	10909.356410	15640.485900	34834.994920	33246.140590
67560.000000	10953.991980	15606.989260	34869.768930	33204.682530
67620.000000	10888.099900	15757.398940	34880.578580	33348.241690
67680.000000	10819.273150	15485.021610	35038.758940	33169.694950
67740.000000	11008.801930	15724.904060	35094.761170	33224.779640
67800.000000	10981.232510	15712.177640	35028.851080	33333.430440
67860.000000	10786.862300	15794.265590	34756.124740	33223.917070
67920.000000	10719.325990	15638.814810	34976.736710	33219.509690
67980.000000	10916.435650	15733.110240	35091.774640	33135.218410
68040.000000	10842.475970	15734.207310	35247.037170	33132.582580
68100.000000	11007.633340	15838.897720	35099.170190	33106.508800
68160.000000	10832.040850	15758.023460	34947.113170	33168.932200
68220.000000	10847.401580	15615.050670	34824.788150	33099.907380
68280.000000	10912.222860	15668.637050	34892.970590	33041.097170
68340.000000	10877.267570	15836.866020	34849.311350	32956.068920
68400.000000	10898.947060	15700.936760	34831.267450	33130.954920
68460.000000	10887.287340	15626.451100	35075.772540	32919.930900
68520.000000	10716.483730	15526.460890	35092.725090	33127.115110
68580.000000	10951.166670	15686.441940	34953.804110	33091.584490
68640.000000	10961.531280	15646.225500	35003.679950	33190.802700
68700.000000	10963.364070	15785.420820	35235.180870	33167.673030
68760.000000	10889.969150	15789.419910	34981.717820	33272.112970
68820.000000	10691.895480	15626.818880	34953.797290	33218.004530
68880.000000	10945.074230	15655.330010	35078.991440	33232.152490
68940.000000	10901.560300	15838.404330	35037.673150	32982.468390
69000.000000	10881.886410	15587.683080	35094.498440	33164.149460
69060.000000	10790.326080	15765.335460	35005.282160	33315.407990
69120.000000	10894.167070	15608.252950	34813.177940	33182.081660
69180.000000	11015.276260	15788.459840	34875.799000	33231.847010
69240.000000	10913.673450	15730.491570	34947.998490	33131.599720
69300.000000	11021.630250	15748.624640	35080.642220	33428.330370
69360.000000	10894.209010	15789.430110	34850.373430	33166.970580
69420.000000	10824.920030	15791.568530	34773.587610	33039.354130
69480.000000	10917.626300	15685.310670	34965.613540	32958.882420
69540.000000	10901.573440	15880.061180	34887.012710	33192.119240
69600.000000	10870.706090	15816.284970	35180.775800	32916.568430
69660.000000	10773.530540	15724.249790	34891.720740	33207.217430
69720.000000	10862.086150	15571.489520	35108.351820	33108.224290
69780.000000	10820.569340	15810.790430	34955.961030	33267.611930
69840.000000	10861.511740	15650.295470	35245.117410	33197.233260
69900.000000	10905.086390	15748.865230	35101.206240	33059.951530
69960.000000	10976.803570	15853.053930	35067.305320	33112.033280
70020.000000	10947.756370	15835.043510	35010.020660	33157.030040
70080.000000	10917.718360	15756.465570	35040.845810	33294.510460
70140.000000	10911.741340	15676.123510	34963.706270	33145.963790
70200.000000	10862.368820	15608.482460	34878.077980	33248.445370
70260.000000	10903.490950	15738.167690	34891.566790	33146.409620
70320.000000	10864.539650	15836.274800	35152.175610	33250.808620
70380.000000	10838.723930	15831.165800	35056.473230	33320.564940
70440.000000	10975.859420	15671.177130	34901.288590	33319.025490
70500.000000	10815.110130	15678.777990	34787.036470	33298.509040
70560.000000	10981.075020	15613.671140	35245.702050	33188.242450
70620.000000	10979.687110	15634.986610	34791.790350	33250.634200
70680.000000	10939.121840	15821.981260	34961.071090	33181.819540
70740.000000	10998.540900	15754.821550	34848.942970	32987.592730
70800.000000	10973.647060	15916.584420	35219.876650	33037.728840
70860.000000	11037.764880	15706.051290	35148.714080	32976.853770
70920.000000	10895.348510	15749.801700	34795.440030	32989.291380
70980.000000	10910.295720	15853.493120	34943.623240	33130.465100
71040.000000	10881.526480	15776.749550	34986.397530	33294.193380
71100.000000	10984.512830	15652.902050	35198.105300	33141.044930
71160.000000	10947.436170	15792.494280	34970.788350	33043.102760
71220.000000	11006.118640	15845.383120	34901.608960	33222.891860
71280.000000	10758.428890	15675.104360	34969.681300	33147.426770
71340.000000	10949.692340	15584.191470	35036.579710	33058.091800
71400.000000	10757.886340	15567.306580	35022.788290	33227.449570
71460.000000	10941.148700	15695.354160	35217.466840	32987.194710
71520.000000	10920.967510	15713.515660	35117.950410	33308.776130
71580.000000	10945.951660	15766.579180	35132.099960	33251.263900
71640.000000	10869.264040	15745.111690	34963.265940	33152.631760
71700.000000	10955.874430	15694.459630	35257.614960	33074.993290
71760.000000	10919.820530	15688.543550	34953.653150	33321.118000
71820.000000	10962.477210	15652.526230	35161.660270	33318.803330
71880.000000	10937.925410	15617.213520	35009.048500	33338.642570
71940.000000	10803.023630	15773.324340	34964.178380	33156.912930
72000.000000	10837.279660	15591.860630	35046.527220	33300.111020
72060.000000	10904.564190	15623.710360	35024.716300	33346.130860
72120.000000	10848.225820	15566.558740	34848.266470	33205.386390
72180.000000	10710.266400	15552.799150	35010.688190	33411.323830
72240.000000	10736.441540	15696.719070	34904.422770	33079.750730
72300.000000	10883.739280	15622.316360	35001.381800	33394.553480
72360.000000	10812.167440	15648.876770	34946.045510	33333.989260
72420.000000	10843.932020	15489.565110	34940.559010	33261.052110
72480.000000	10816.273770	15702.376090	35236.970760	33581.836450
72540.000000	10878.712660	15842.901530	34992.504970	33263.843170
72600.000000	10826.953320	15898.362870	35211.915140	33464.963090
72660.000000	11003.828570	15703.002260	34814.820880	33303.073880
72720.000000	10844.425920	15753.713960	35007.157530	33308.835740
72780.000000	10915.172580	15788.818100	34786.300310	33307.188460
72840.000000	10777.349070	15699.652110	35208.768220	33230.418020
72900.000000	10899.311560	15589.985220	34728.477050	33199.296750
72960.000000	10848.866760	15569.525230	34887.023660	33297.726730
73020.000000	10801.129300	15494.841130	34937.891180	33461.660870
73080.000000	10792.171760	15683.428420	35144.028550	33410.738650
73140.000000	10754.253200	15585.331150	35324.450890	33121.227110
73200.000000	10819.289110	15873.639600	35179.014790	33198.456620
73260.000000	10930.334820	15675.315520	35189.599200	33139.137970
73320.000000	10902.711320	15521.051540	35151.179930	33335.521870
73380.000000	10855.889030	15581.210830	34751.207280	33219.797460
73440.000000	10711.688430	15756.034240	35263.867430	33219.746000
73500.000000	10860.089170	15693.321240	34917.889860	33297.980280
73560.000000	10917.839260	15695.341230	35212.091120	33320.790800
73620.000000	10995.282120	15782.893650	35152.691010	33307.318860
73680.000000	10823.156450	15581.276720	34922.035440	33432.595470
73740.000000	10753.137150	15675.117610	34910.580190	33638.789000
73800.000000	10857.118200	15752.939590	35187.251260	33474.602680
73860.000000	10864.804470	15764.925280	35031.227100	33424.851760
73920.000000	10814.738080	15608.325460	35014.195790	33294.899400
73980.000000	10815.185690	15748.261890	35217.546110	33244.961660
74040.000000	10762.172590	15658.008240	34988.564010	33324.461640
74100.000000	10761.359470	15693.548000	34974.495610	33470.982800
74160.000000	10870.625010	15741.537320	35098.657030	33162.116880
74220.000000	10878.261630	15693.344550	35217.580430	33155.484320
74280.000000	10830.302350	15658.840450	35122.950030	33163.538760
74340.000000	10841.639970	15845.628200	35188.278170	33225.634320
74400.000000	10847.639450	15815.936920	35051.014740	33304.771910
74460.000000	11019.600560	15716.872970	34939.811790	33159.798690
74520.000000	10791.995800	15610.717500	35290.081840	33067.290210
74580.000000	10940.465450	15777.120330	35072.767420	33325.662610
74640.000000	10919.731710	15623.680230	34974.026340	33366.686500
74700.000000	10938.135620	15482.202010	35126.627660	33251.699420
74760.000000	10794.698410	15758.200390	35158.021530	33090.650850
74820.000000	10716.596960	15693.203430	35284.298800	33190.820390
74880.000000	10892.873040	15866.674080	35201.532820	33191.238160
74940.000000	10895.702740	15687.415550	35077.923230	33430.944760
75000.000000	10813.223760	15882.970850	35082.630400	33251.875190
75060.000000	10921.435900	15585.689070	35347.187460	33129.833600
75120.000000	10966.499760	15737.119890	34934.622670	33274.668610
75180.000000	10890.763210	15781.120630	35026.906310	33306.170810
75240.000000	10838.711800	15568.533640	34982.536850	33039.641170
75300.000000	10859.185590	15671.149410	35320.339190	33243.926930
75360.000000	10894.435800	15488.564530	35212.064990	33220.324150
75420.000000	10922.884050	15696.775700	35174.234040	33224.839690
75480.000000	10913.915770	15720.853670	34938.279110	33316.544640
75540.000000	10959.133470	15837.318780	35234.138840	33206.267460
75600.000000	11010.199030	15796.636080	34983.578080	33294.221540
75660.000000	10849.124840	15727.907730	35315.555420	33360.887560
75720.000000	10865.923310	15776.377420	35183.122390	33152.343040
75780.000000	10849.923540	15745.558540	34995.443430	33209.321420
75840.000000	10903.774440	15687.647810	34917.933920	33373.443760
75900.000000	10870.410240	15793.291260	35080.090470	33137.339410
75960.000000	10883.997790	15637.800830	35027.640390	33243.052450
76020.000000	10850.559000	15491.677760	35216.039450	33317.550530
76080.000000	10889.473770	15746.788790	35089.373560	33287.418440
76600.500000	13856.839710	19930.315680	37233.706030	34914.876400
76644.600000	13860.213670	20287.165060	37123.426530	34958.829800
76688.600000	13975.833100	20189.169030	37186.764050	35290.931440
76732.600000	13921.381150	20435.994960	37446.782620	35540.788090
76776.600000	13924.994850	20510.595570	37456.043220	35510.965980
76820.600000	14008.082290	20338.355220	37213.278850	35799.896660
76864.600000	14063.127820	20480.699110	37316.436640	35590.615880
76908.600000	14139.514810	20451.238080	37764.379820	35716.939610
76952.600000	13952.572250	20396.700030	37516.163840	35791.118580
76996.600000	14124.516380	20497.639850	37497.764800	35702.165470
77040.600000	14085.865570	20421.839660	37653.017080	35548.786700
77084.600000	14038.348500	20388.554390	38042.531020	35760.313910
77128.600000	14096.413020	20363.816770	37346.058140	35506.463710
77172.600000	14251.132080	20374.325810	37466.275990	35615.291210
77216.600000	14082.023080	20486.350360	37537.564240	35689.578970
77260.600000	14195.874180	20489.963400	37505.903990	35825.405160
77304.600000	14247.538360	20450.998820	37756.678860	35628.842420
77348.600000	14137.546210	20571.269190	37777.316010	35956.102840
77392.600000	14075.167970	20635.155260	37732.451890	35770.156160
77436.600000	14048.104220	20521.100750	37735.259480	35847.415540
77480.600000	14058.047370	20507.751850	37646.528300	35872.155770
77524.600000	14168.442050	20499.448300	37591.888360	36032.224000
77568.600000	14323.501280	20529.175190	37650.190640	36177.858570
77612.600000	14187.207510	20631.742510	37723.934280	36345.011190
77656.600000	14216.012880	20530.750480	37701.903200	35927.483940
77700.600000	14264.730670	20704.592310	37676.482060	35937.079280
77744.600000	14373.441260	20656.541430	37827.735580	35712.113500
77788.600000	14225.226060	20744.954400	37887.162660	35754.295240
77832.600000	14207.177740	20672.886160	37885.344840	35868.548330
77880.000000	14100.031970	20762.743740	38106.109970	35994.462840
77940.000000	14266.337960	20671.889820	37689.422880	36204.659620
78000.000000	14416.439280	20697.978280	37948.069430	35913.629170
78060.000000	14270.772690	20784.986090	37965.150730	36243.979730
78120.000000	14198.735270	20887.634500	37695.191310	36075.865890
78180.000000	14164.212040	20829.065970	37808.387510	35991.789530
78240.000000	14128.868560	20918.603310	37930.066320	36095.808670
78300.000000	14331.937890	20952.763940	37669.475820	35665.902910
78360.000000	14430.639440	20794.126310	38136.366250	36272.013450
78420.000000	14349.412400	20711.662730	37851.362710	35845.772010
78480.000000	14302.996080	20826.415620	37749.362540	35970.301540
78540.000000	14361.562140	20862.218180	38070.328810	36246.171190
78600.000000	14237.509880	20787.152150	37929.848000	36304.377500
78660.000000	14356.763430	20849.909710	38050.959720	36300.268410
78720.000000	14403.405310	20944.059050	38112.250050	35974.301380
78780.000000	14261.395140	20796.523750	38046.955060	36320.742560
78840.000000	14384.166490	20785.437570	37808.252080	36255.571070
78900.000000	14268.805420	20698.243800	37970.514720	36032.928040
78960.000000	14393.415200	20712.597100	38031.918760	36046.330340
79020.000000	14485.947510	20742.986970	38143.712920	35898.143640
79080.000000	14272.872390	21022.575760	37758.230260	36074.898180
79140.000000	14357.263230	20823.063170	37911.035810	36070.080170
79200.000000	14551.549790	20638.351350	37830.807320	36167.934220
79260.000000	14496.714560	21118.441130	37927.834770	36315.159500
79320.000000	14320.226600	21087.139610	37792.133320	36147.676950
79380.000000	14187.620580	21030.471300	37861.310240	36283.215190
79440.000000	14491.969860	20980.842310	38209.658670	36168.624020
79500.000000	14448.128960	20888.519810	37809.954870	36258.979420
79560.000000	14433.235030	21009.922860	38074.984460	36132.256870
79620.000000	14472.287930	21005.338070	38003.866700	36137.060690
79680.000000	14557.716180	20873.423970	38240.093930	36343.049790
79740.000000	14336.814080	21053.059110	38070.075920	36381.562880
79800.000000	14428.859680	20983.383870	38087.209000	36135.368460
79860.000000	14241.184620	21058.018680	37927.817910	36286.820850
79920.000000	14496.566450	20982.217720	38083.910440	36550.172890
79980.000000	14435.465980	21110.788640	38278.620560	36471.955330
80040.000000	14505.409230	21006.001780	38262.597260	36439.823120
80100.000000	14462.803860	21163.229880	37714.559020	35968.375200
80160.000000	14460.841440	21051.856270	38175.668250	36234.870800
80220.000000	14642.581900	20939.958910	38186.592050	36283.454480
80280.000000	14623.780660	21070.367850	38187.621710	36377.597890
80340.000000	14433.525820	21263.394190	38273.219810	36415.065730
80400.000000	14472.461110	21327.036160	38196.914500	36325.040340
80460.000000	14508.346660	20950.346620	38079.487900	36610.021120
80520.000000	14613.796010	21032.294060	38158.432580	36219.654810
80580.000000	14630.205610	20959.539980	37990.891410	36021.710240
80640.000000	14466.239500	21221.216230	38274.196920	36473.797270
80700.000000	14541.794760	21024.927960	37997.387390	36412.880810
80760.000000	14557.692130	21245.532210	38354.740060	36300.421600
80820.000000	14639.215040	20951.321490	37952.450400	36212.846940
80880.000000	14503.520540	21145.640540	38182.537070	36628.284120
80940.000000	14503.767080	21266.867320	38149.095580	36393.431230
81000.000000	14572.483830	21186.978050	38316.589880	36348.928500
81060.000000	14581.385940	21036.368590	38217.273260	36141.852430
81120.000000	14575.211370	21340.058150	38419.195130	36498.176570
81180.000000	14535.883880	21094.607170	38200.139250	36152.201730
81240.000000	14586.194990	21261.024450	38153.629510	36508.990650
81300.000000	14568.378000	21138.200350	38019.614650	36172.032830
81360.000000	14468.313370	21351.130550	38185.774430	36405.140160
81420.000000	14607.428100	21093.175840	38612.968450	36362.878330
81480.000000	14651.317300	21379.464110	38241.762090	36464.732240
81540.000000	14644.128140	21156.572280	38190.706000	36523.728540
81600.000000	14554.895710	21237.988640	38279.054730	36424.480810
81660.000000	14548.969360	21344.846410	38090.397770	36399.438830
81720.000000	14577.181640	21096.370120	38182.631180	36307.978720
81780.000000	14557.707260	21255.776450	38166.602980	36651.203420
81840.000000	14541.298710	21094.630800	38336.912710	36547.203880
81900.000000	14691.968670	21200.542700	38303.441470	36453.759910
81960.000000	14441.200970	21146.235070	38326.285250	36382.418290
82020.000000	14635.534590	21134.672230	38401.294740	36252.342910
82080.000000	14697.298330	21161.051860	38243.507450	36509.166270
82140.000000	14686.182950	21254.967960	38199.377380	36592.936830
82200.000000	14393.789100	21180.594870	38228.094040	36529.123620
82260.000000	14513.357720	21231.722540	38365.639090	36377.329980
82320.000000	14537.325300	21323.139030	38445.426480	36369.852380
82380.000000	14665.921840	21472.149710	38282.595570	36590.440440
82440.000000	14701.853530	21159.572570	38061.150670	36480.606350
82500.000000	14455.290770	21154.059840	38121.014590	36603.972870
82560.000000	14500.916680	21217.463920	38031.365560	36436.260800
82620.000000	14606.303450	21309.797290	38259.718710	36334.708130
82680.000000	14460.418680	21327.207760	38472.311780	36259.426880
82740.000000	14520.361570	21032.749640	38131.325800	36561.286970
82800.000000	14717.475850	21271.253090	38419.785810	36331.669730
82860.000000	14578.051830	21256.639350	38309.147130	36426.241130
82920.000000	14609.105030	21293.541760	38405.183610	36472.647330
82980.000000	14618.931980	21201.860180	38363.551940	36530.815710
83040.000000	14474.886970	21313.137650	38323.040790	36349.858490
83100.000000	14691.041550	21265.501040	38354.024080	36335.625900
83160.000000	14448.201810	21440.095220	38325.918280	36502.911050
83220.000000	14669.132540	21515.934340	38193.281080	36353.624410
83280.000000	14573.743430	21225.957030	38389.601510	36356.001860
83340.000000	14761.597210	21149.212860	38242.555770	36586.970870
83400.000000	14603.630310	21321.950240	38491.842530	36384.699450
83460.000000	14480.563420	21448.161680	38235.361350	36480.723240
