0.000000	3248.190725	5598.820848	5007.225285	4935.479785
60.000000	3328.177069	5634.696330	5201.085338	4891.469644
120.000000	3255.476530	5696.059814	5083.896199	4941.847584
180.000000	3325.361119	5643.081623	5043.858421	4888.486076
240.000000	3249.975701	5647.708768	4940.896633	4781.301871
300.000000	3310.372266	5626.204023	5034.221129	4886.135060
800.000000	4015.538347	6119.540771	5065.792269	4776.954102
844.000000	4086.404128	6166.361387	5206.187985	4780.478568
888.000000	4215.725925	6258.316661	5080.584400	4650.833823
932.000000	4295.933143	6489.106421	5020.045661	4851.464048
976.000000	4437.539012	6488.645453	4910.701795	4735.959413
1020.000000	4430.718904	6449.830742	5034.823457	4812.720369
1064.000000	4596.242540	6692.906414	5036.178260	4782.713175
1108.000000	4754.955612	6702.595756	5024.660307	4831.837019
1152.000000	4817.222726	6841.788710	4976.962815	4790.764737
1196.000000	4847.321957	7053.137172	4983.063929	4836.508925
1240.000000	4962.586385	7040.215080	4900.393714	4900.301629
1284.000000	5225.278610	7177.262910	4987.542822	4882.780106
1328.000000	5215.029950	7405.753241	4998.261922	4915.436870
1372.000000	5322.031815	7343.114573	5027.344222	4868.221246
1416.000000	5418.135469	7536.562303	5028.090860	4891.539897
1460.000000	5534.177024	7511.252826	4931.532502	4888.861472
1504.000000	5617.159060	7715.268063	5106.896296	5043.442776
1548.000000	5776.192218	7766.312886	5079.245528	5056.441824
1592.000000	5860.313370	7895.354703	5041.416311	4956.130194
1636.000000	5910.810637	7999.877560	5021.728814	5020.399314
1680.000000	6010.654506	8150.337719	5103.185837	5020.843000
1724.000000	6167.183684	8184.675245	5059.976431	5090.747911
1768.000000	6255.336830	8250.026860	5101.671290	5102.826206
1812.000000	6351.406536	8395.385093	5009.719793	5180.647918
1856.000000	6445.180108	8559.898454	5017.820801	5117.018893
1900.000000	6427.883697	8580.616903	5067.567568	5334.238367
1944.000000	6643.583347	8787.187496	5083.197222	5187.020759
1988.000000	6623.320045	8873.692675	4949.075242	5285.517112
2040.000000	6728.200191	8889.250926	4993.325244	5168.473017
2100.000000	6984.754183	9092.046897	4975.012487	5279.193433
2160.000000	7067.863493	9215.582422	5068.736776	5276.127342
2220.000000	7309.418934	9283.710822	5225.599056	5306.834155
2280.000000	7415.684824	9393.309500	5046.738616	5274.343574
2340.000000	7401.051415	9704.005090	5054.066650	5335.796923
2400.000000	7537.713185	9621.513468	5172.991941	5370.183998
2460.000000	7672.593470	9891.603243	5018.868279	5392.503495
2520.000000	7749.469065	9987.242369	5086.867871	5391.543370
2580.000000	7943.440635	9991.339807	5092.182168	5414.057652
2640.000000	8016.434724	10213.159320	5095.139221	5455.362270
2700.000000	7970.327505	10230.313800	5130.477861	5524.102703
2760.000000	8210.855328	10442.817760	5051.969493	5506.166728
2820.000000	8277.287244	10505.815720	5107.995886	5493.327554
2880.000000	8257.327517	10689.888000	5061.041932	5563.429909
2940.000000	8407.332611	10846.338920	5081.786320	5580.350329
3000.000000	8491.102167	10949.145620	5058.284215	5645.953561
3060.000000	8587.324511	11017.875860	5078.678972	5599.974863
3120.000000	8691.174569	11210.285260	5061.152067	5634.043440
3180.000000	8835.119883	11316.497990	5142.445070	5724.443359
3240.000000	8948.043889	11439.286640	5071.341445	5677.888563
3300.000000	8996.575503	11559.328480	5062.575212	5704.782103
3360.000000	9117.021607	11464.393300	5119.108717	5752.446940
3420.000000	9170.623418	11644.011720	5109.357855	5706.900046
3480.000000	9229.845200	11977.745770	5134.968464	5700.008470
3540.000000	9250.478173	12030.008060	5065.988630	5819.581663
3600.000000	9351.496409	12073.007150	5075.498870	5808.829760
3660.000000	9382.614020	12023.279920	5113.549356	5904.884551
3720.000000	9565.700153	12385.392150	5093.892317	5941.433500
3780.000000	9598.686451	12328.986880	5026.345617	5908.977029
3840.000000	9789.547735	12470.130050	5108.908827	5930.549880
3900.000000	9806.582615	12571.837230	5148.140366	6029.906201
3960.000000	9896.618858	12452.334470	5131.236821	5918.427768
4020.000000	9939.702214	12759.151920	5081.659802	5950.107346
4080.000000	9987.826368	12894.609150	5068.156012	5897.914210
4140.000000	10069.835540	12996.621300	5157.700353	6076.334512
4200.000000	10118.400000	13208.262960	5152.003868	6050.650613
4260.000000	10258.379250	13199.525970	5027.396088	6042.993286
4320.000000	10262.211100	13210.766750	5101.114655	6131.408167
4380.000000	10266.576530	13349.706620	5024.759103	6059.647344
4440.000000	10283.347450	13418.616260	5060.066520	5936.502697
4500.000000	10522.330860	13386.083220	5095.639127	6109.575922
4560.000000	10513.581770	13701.791950	5136.412384	6039.946050
4620.000000	10585.627900	13642.689530	5032.040943	6125.228890
4680.000000	10729.907920	13792.602500	5183.505019	6233.643398
4740.000000	10567.046280	13916.842710	4983.302688	6162.235945
4800.000000	10794.130890	14127.391400	5111.991865	6277.410812
4860.000000	10676.045930	13980.659600	5130.534233	6350.688242
4920.000000	10881.265010	14261.473520	5188.459213	6258.363443
4980.000000	10876.195830	14138.075570	5223.820584	6330.358547
5040.000000	10993.432270	14386.464850	5190.163132	6325.634507
5100.000000	11078.547770	14412.010060	5077.584265	6299.832105
5160.000000	11148.750520	14277.272520	5054.942161	6294.283100
5220.000000	11203.001420	14758.407440	5183.972212	6316.249908
5280.000000	11332.968020	14657.742900	5111.913317	6377.746215
5340.000000	11088.316120	14875.038320	5143.845337	6324.920440
5400.000000	11170.707400	14772.507800	5009.217749	6450.013921
5460.000000	11298.465480	14935.908490	5126.175578	6402.411423
5520.000000	11183.284180	14931.919930	5089.599923	6377.354509
5580.000000	11312.957340	15044.271040	5024.519994	6455.356733
5640.000000	11346.561530	15049.717690	5029.340163	6552.780474
5700.000000	11325.195710	15182.151060	5022.575536	6502.222104
5760.000000	11609.069120	15190.417270	5100.628960	6412.367666
5820.000000	11533.075290	15377.352660	5150.140074	6439.017900
5880.000000	11666.679180	15553.967820	5063.166414	6587.719900
5940.000000	11678.160100	15476.318160	5128.739432	6610.482269
6000.000000	11665.845260	15694.640520	5108.824610	6548.881940
6060.000000	11756.238900	15772.873610	4946.405351	6613.447593
6120.000000	11697.709720	15671.234260	5041.215150	6629.402685
6180.000000	11790.705530	15795.496010	5062.471514	6631.328767
6240.000000	11791.713760	15922.584100	5125.168323	6792.861735
6300.000000	11998.944590	16201.539950	5203.181446	6678.705872
6360.000000	11789.009080	16120.729820	4994.808239	6718.824976
6420.000000	11945.200280	16023.802120	5104.921482	6710.330355
6480.000000	12012.395650	16237.944310	5201.159304	6747.266332
6540.000000	11900.667620	16321.657360	4947.570106	6749.206654
6600.000000	12075.538690	16387.988160	5108.751749	6858.681633
6660.000000	12248.345310	16254.147740	5082.846356	6890.479474
6720.000000	12105.212990	16636.147660	5067.186301	6863.255216
6780.000000	12210.028250	16662.950720	5139.318391	6849.971664
6840.000000	12147.700920	16654.557990	5042.547374	6861.205413
6900.000000	12306.135260	16741.113990	4990.155029	6889.836433
6960.000000	12397.866230	16715.228300	5075.126466	6899.791964
7020.000000	12341.789610	16838.434210	5098.962445	6919.750480
7080.000000	12420.827780	17167.692520	5169.876764	6934.574410
7140.000000	12568.300130	17156.909930	5043.537548	7020.499991
7200.000000	12371.546660	17204.985230	5096.773528	7013.959887
7260.000000	12486.024860	17322.782320	4971.777932	6977.411972
7320.000000	12529.918320	17189.472160	5100.894626	7132.171638
7380.000000	12592.352140	17296.078850	5097.726400	7110.329650
7440.000000	12520.411930	17479.663720	5096.028806	7104.323558
7500.000000	12621.281670	17427.784600	5070.264753	7119.165991
7560.000000	12597.315470	17534.726210	5039.027718	7043.870385
7620.000000	12706.012680	17740.594170	5056.503774	7073.830583
7680.000000	12690.616290	17896.745340	5127.334497	7112.302318
7740.000000	12708.068280	17770.404400	5065.289178	7224.786020
7800.000000	12672.066230	17940.295560	5098.294520	7224.959870
7860.000000	12668.883330	17716.267570	5120.585231	7158.765361
7920.000000	13038.859190	17910.566560	5124.624533	7367.348208
7980.000000	12847.503200	17948.631490	5147.599341	7191.369793
8040.000000	12787.960510	18093.707840	5121.729581	7195.146891
8100.000000	12891.355610	18160.846910	5092.797182	7242.037501
8160.000000	12764.370690	18117.847000	5158.859830	7251.355824
8220.000000	12898.504990	18210.626320	5067.960574	7246.614529
8280.000000	12931.566510	18338.042650	5215.074478	7273.128074
8340.000000	12898.613410	18263.749420	5114.172521	7344.204474
8400.000000	12964.615400	18392.272460	5020.743351	7360.649773
8460.000000	13001.373260	18446.130860	5161.703785	7452.498188
8520.000000	13078.556340	18629.137690	5113.333611	7347.347675
8580.000000	13099.213370	18668.480630	5207.078558	7462.613253
8640.000000	13158.448440	18646.418170	5077.672284	7448.765255
8700.000000	13168.024580	18800.447660	5110.819789	7436.986330
8760.000000	13096.178110	18804.231030	5148.897971	7476.425369
8820.000000	13165.492120	18874.565490	5099.942729	7458.840595
8880.000000	13166.860000	19030.414560	5114.295840	7523.667118
8940.000000	13282.311070	19034.709090	5020.117156	7605.393341
9000.000000	13134.408720	19050.132770	5101.457693	7462.448934
9060.000000	13239.482260	19313.843150	5210.884667	7523.230544
9120.000000	13222.929230	19204.212930	5180.837367	7617.903506
9180.000000	13194.263510	19465.030630	5072.842987	7496.128644
9240.000000	13357.436510	19307.558320	5100.662073	7610.706606
9300.000000	13294.271740	19468.545590	5085.744410	7635.838335
9360.000000	13413.313180	19599.185340	5170.486764	7859.253371
9420.000000	13307.815640	19505.940730	5091.786082	7603.119051
9480.000000	13415.760820	19625.425020	5190.569178	7775.253981
9540.000000	13386.465740	19719.259180	5121.902978	7800.091071
9600.000000	13468.583540	19782.433820	5086.292058	7746.873075
9660.000000	13443.983640	19807.198750	5150.867896	7768.737658
9720.000000	13365.113460	19828.057490	5201.177994	7674.273671
9780.000000	13487.002400	19805.919630	5139.361540	7702.396040
9840.000000	13583.135110	19870.998200	5070.030141	7889.930507
9900.000000	13539.442530	20036.193990	5118.278804	8005.893565
9960.000000	13492.144480	20101.306120	5183.863628	7984.472497
10020.000000	13721.893770	20229.367050	5186.744737	8020.081470
10080.000000	13588.390380	20226.886310	5147.863466	7996.927798
10140.000000	13710.732280	20205.823590	5198.729805	7976.704451
10200.000000	13581.715360	20346.241330	5196.869507	7986.664863
10260.000000	13646.042040	20329.078600	5134.487280	7973.842767
10320.000000	13750.649540	20234.116990	5186.346020	8120.046347
10380.000000	13656.499630	20415.411600	5209.322946	7994.657437
10440.000000	13606.229480	20728.801020	5115.899088	8039.909556
10500.000000	13562.855960	20454.393340	5190.183728	8093.644388
10560.000000	13782.388470	20618.007280	5186.250545	8111.980602
10620.000000	13688.784470	20806.717330	5196.837613	8143.994751
10680.000000	13853.373240	20851.705390	5160.465478	8189.893851
10740.000000	13741.938700	20758.739900	5213.290413	8120.684451
10800.000000	13760.740020	21045.373560	5248.694491	8207.320737
10860.000000	13853.618680	20944.389830	5116.199502	8224.215773
10920.000000	13850.624480	21023.902690	5191.701335	8257.886281
10980.000000	13831.705810	20922.433080	5194.260080	8167.720901
11040.000000	13889.722430	21164.682020	5262.075357	8283.038580
11100.000000	13735.951600	21021.884370	5169.812917	8275.728873
11160.000000	13808.009970	21163.981520	5187.548945	8341.269581
11220.000000	13931.119910	20972.872290	5256.982194	8256.851853
11280.000000	13848.789140	21198.468690	5299.095007	8357.924440
11340.000000	13920.128030	21372.977420	5230.991439	8360.760834
11400.000000	13976.718880	21300.236020	5160.427079	8303.548037
11460.000000	13743.272430	21423.251750	5206.403872	8265.285939
11520.000000	13772.385000	21445.949630	5179.088860	8254.560103
11580.000000	14067.733180	21441.791160	5227.742308	8346.284304
11640.000000	14052.390840	21587.458660	5144.097409	8455.635398
11700.000000	13849.816960	21605.966530	5289.433933	8468.263025
11760.000000	13994.373730	21617.991700	5163.915848	8416.919551
11820.000000	13936.867790	21757.614510	5240.264347	8520.450199
11880.000000	13887.045630	21800.187990	5253.746104	8267.052347
11940.000000	14007.093610	21791.074020	5281.604977	8571.416488
12000.000000	14136.000110	21802.912350	5226.856469	8648.040143
12060.000000	14132.423850	21952.641040	5227.829703	8576.063338
12120.000000	14097.727640	21975.891260	5238.507344	8473.634325
12180.000000	14028.701240	21804.352520	5141.032614	8564.542783
12240.000000	13994.823030	21756.902420	5250.614486	8576.592130
12300.000000	14018.901490	22232.868980	5211.180709	8608.886366
12360.000000	14217.360050	22274.041710	5280.833241	8708.782362
12420.000000	14040.761630	22285.482890	5211.712337	8809.106265
12480.000000	14204.211750	22296.936280	5196.213330	8752.540615
12540.000000	14088.887780	22301.105180	5269.744271	8675.008906
12600.000000	14042.936660	22381.171800	5263.824398	8701.601841
12660.000000	14166.793990	22486.569960	5220.984541	8741.367131
12720.000000	14153.516270	22369.614410	5277.067176	8822.881741
12780.000000	14186.209050	22562.806870	5263.934483	8787.439285
12840.000000	14237.342510	22427.024520	5322.233238	8697.000022
12900.000000	14224.807200	22530.507230	5280.800715	8821.110967
12960.000000	14185.492270	22549.287980	5200.450662	8735.799115
13020.000000	14160.171380	22613.173760	5217.887264	8805.027899
13080.000000	14148.890980	22655.277960	5237.238491	8903.438276
13140.000000	14211.726970	22955.188780	5195.536001	8911.600587
13200.000000	14128.474760	22711.597500	5253.612475	8841.717197
13260.000000	14091.634440	22813.826770	5230.240093	8937.369470
13320.000000	14109.897910	22851.804240	5276.699603	8906.008581
13380.000000	14157.419210	22883.919640	5154.995312	8986.737266
13440.000000	14195.953510	23105.621470	5271.441659	9066.660405
13500.000000	14243.487470	23070.853600	5195.118834	9002.647590
13560.000000	14229.067560	23132.259890	5316.904064	8929.560280
13620.000000	14262.603540	23118.322700	5338.003930	8976.902839
13680.000000	14317.321880	23249.198070	5220.541832	9031.743174
13740.000000	14279.708480	23128.262120	5234.961544	9117.410028
13800.000000	14216.081430	23226.197070	5290.349985	9128.520655
13860.000000	14247.145770	23338.136080	5339.284347	9101.636426
13920.000000	14403.991860	23198.693030	5248.111779	9111.607696
13980.000000	14227.021200	23433.735190	5240.035297	9022.867027
14040.000000	14316.000040	23417.833480	5302.083368	9068.668665
14100.000000	14305.694400	23527.662020	5292.959076	9253.109719
14160.000000	14351.098650	23440.094300	5262.090223	9281.095045
14220.000000	14252.940040	23616.824730	5256.060761	9228.432507
14280.000000	14285.868800	23492.605630	5281.619747	9313.086947
14340.000000	14440.954360	23474.149730	5300.173418	9268.626483
14400.000000	14479.879520	23825.554960	5231.804599	9243.735770
14460.000000	14411.457540	23666.480850	5302.385839	9317.690648
14520.000000	14328.331900	23764.301310	5277.442066	9375.208450
14580.000000	14317.877450	23734.634650	5253.611359	9363.135549
14640.000000	14286.218700	23821.652320	5310.285056	9320.206021
14700.000000	14314.789030	23932.591140	5290.895010	9318.362500
14760.000000	14343.683440	23878.844740	5371.704677	9245.977169
14820.000000	14371.910780	23919.699270	5295.027126	9388.501968
14880.000000	14437.514490	24103.094060	5259.286367	9369.973419
14940.000000	14307.634410	24069.927130	5331.242722	9433.653791
15000.000000	14405.243830	24024.739110	5356.288505	9513.974802
15060.000000	14416.985350	23983.608010	5333.403346	9434.609563
15120.000000	14361.118760	24019.918440	5240.891292	9487.204751
15180.000000	14344.515190	24226.126570	5256.227799	9447.819913
15240.000000	14399.013510	24191.899560	5273.382142	9525.571838
15300.000000	14339.406610	23997.798300	5317.423098	9540.981766
15360.000000	14339.603190	24291.846520	5260.120289	9524.795956
15420.000000	14422.514990	24282.475360	5245.705476	9567.193985
15480.000000	14399.339160	24132.390020	5322.432981	9579.310529
15540.000000	14526.218640	24352.762990	5315.690145	9550.262590
15600.000000	14411.618060	24663.735950	5257.123296	9552.664147
15660.000000	14263.143730	24509.142020	5207.617801	9688.739631
15720.000000	14570.455410	24389.323460	5309.250616	9538.044004
15780.000000	14373.295060	24702.647770	5294.478898	9580.782051
15840.000000	14448.533660	24568.739240	5311.100449	9669.741491
15900.000000	14392.550650	24658.380320	5252.774228	9724.187518
15960.000000	14491.732300	24830.365990	5345.421063	9674.216031
16020.000000	14261.839620	24806.743460	5343.438317	9691.291059
16080.000000	14437.407030	24826.960470	5343.138226	9675.644236
16140.000000	14407.038590	24826.359280	5397.020417	9747.676048
16200.000000	14446.054220	25002.614850	5307.885962	9791.258717
16260.000000	14485.671160	24983.819960	5341.456366	9742.569510
16320.000000	14536.824110	24777.792180	5374.595614	9726.315867
16380.000000	14417.039020	25058.926320	5213.913061	9934.704378
16440.000000	14491.092520	24811.612370	5255.636703	9721.889490
16500.000000	14309.432160	25149.270750	5484.634794	9880.309407
16560.000000	14453.442770	25232.182680	5296.556776	9933.836066
16620.000000	14361.897990	25099.748350	5462.476918	9879.021070
16680.000000	14420.597210	25017.845120	5419.714495	9899.258608
16740.000000	14451.323020	25193.437130	5404.527720	9946.732435
16800.000000	14516.929630	25341.412990	5319.358215	9974.299578
16860.000000	14471.362190	25242.692380	5327.405353	10142.314420
16920.000000	14601.688410	25296.186150	5460.238990	9898.629552
16980.000000	14574.502650	25472.757380	5332.800146	9964.809121
17040.000000	14596.387590	25381.051380	5375.930832	10037.782930
17100.000000	14399.739130	25323.187090	5395.685117	10022.181000
17160.000000	14567.751680	25515.153650	5428.920437	10124.576190
17220.000000	14508.529310	25343.355680	5361.097695	10191.677450
17280.000000	14452.748690	25402.240750	5395.453535	9919.493296
17340.000000	14373.283390	25555.252590	5426.638472	10206.491370
17400.000000	14493.786690	25660.650820	5326.597077	10138.571740
17460.000000	14700.090660	25683.276620	5375.955959	10109.704590
17520.000000	14519.273970	25754.668230	5300.375449	10247.436290
17580.000000	14636.016960	25697.865090	5364.626913	10112.942530
17640.000000	14576.333050	25939.793880	5369.376213	10235.151390
17700.000000	14567.755340	25878.120990	5363.963363	10297.630190
17760.000000	14674.376070	25871.880230	5408.167334	10266.810990
17820.000000	14627.289290	25829.254400	5483.899821	10424.628990
17880.000000	14519.784070	25735.256620	5369.656480	10336.148520
17940.000000	14580.364240	26016.882160	5318.268384	10408.503380
18000.000000	14486.711390	26009.846460	5415.102273	10331.532310
18060.000000	14516.300240	26164.997030	5401.533626	10220.130890
18120.000000	14581.968720	25783.089490	5297.102599	10300.186140
18180.000000	14630.795860	26094.629290	5358.368761	10342.721860
18240.000000	14713.237090	26139.317190	5439.090856	10417.642430
18300.000000	14541.721220	26114.438950	5427.585945	10420.450980
18360.000000	14677.577380	26042.430310	5474.797931	10395.294890
18420.000000	14606.395490	26295.200820	5420.265409	10333.778450
18480.000000	14601.846930	26012.320180	5547.901712	10448.518250
18540.000000	14724.926520	26380.230640	5416.485715	10480.148020
18600.000000	14600.977880	26350.859120	5453.110259	10435.475230
18660.000000	14546.192810	26281.923000	5523.947767	10541.234090
18720.000000	14512.866900	26509.694610	5377.265312	10573.966230
18780.000000	14451.678270	26418.098880	5489.762560	10593.491810
18840.000000	14512.534350	26426.597400	5384.363348	10454.236140
18900.000000	14660.046070	26623.566700	5432.997058	10605.589700
18960.000000	14682.801500	26400.988990	5431.561216	10437.560190
19020.000000	14500.965370	26499.048490	5452.602659	10431.458170
19080.000000	14631.719750	26607.354830	5389.645387	10522.237970
19140.000000	14633.766280	26520.955960	5434.429652	10576.733040
19200.000000	14642.569920	26670.844360	5350.207422	10613.553480
19260.000000	14556.965250	26677.120830	5385.589271	10734.943980
19320.000000	14671.501070	26618.387580	5504.497843	10615.747670
19380.000000	14652.941760	26976.979670	5499.231452	10648.258280
19440.000000	14676.419090	26589.872610	5445.768775	10703.639220
19500.000000	14521.554740	26924.889110	5413.179079	10756.974520
19560.000000	14771.633490	26798.727650	5482.157798	10833.409170
19620.000000	14738.367860	26925.632290	5442.333554	10679.002510
19680.000000	14600.971510	26793.081920	5536.535563	10716.206290
19740.000000	14630.872480	27066.360550	5324.821546	10811.204770
19800.000000	14519.653950	26837.906610	5470.441214	10832.519020
19860.000000	14612.563260	27021.894170	5475.061048	10709.732260
19920.000000	14689.917960	27034.073530	5524.546050	10873.732800
19980.000000	14686.662980	27079.282980	5481.765049	10801.738550
20040.000000	14939.002680	27019.466320	5455.061724	10869.929550
20100.000000	14597.333180	27009.811000	5413.396374	10946.396740
20160.000000	14776.524620	27015.563180	5473.265080	10972.808060
20220.000000	14746.148300	27274.903680	5509.613661	10847.209440
20280.000000	14707.622420	26938.577840	5521.978994	10970.765890
20340.000000	14498.606170	27439.155020	5458.023387	10932.802640
20400.000000	14656.054000	27205.046630	5458.332771	10992.214550
20460.000000	14676.186710	27366.281420	5618.904502	10895.638950
20520.000000	14519.307560	27249.221660	5468.877914	11134.079090
20580.000000	14784.502730	27223.799540	5407.277121	10962.485510
20640.000000	14656.129560	27467.845230	5471.839335	10975.828430
20700.000000	14744.776080	27271.347200	5499.213998	11142.880760
20760.000000	14687.091950	27382.389660	5524.903135	11064.576420
20820.000000	14583.480210	27395.112560	5418.723118	11001.146260
20880.000000	14522.376120	27493.638040	5538.479192	11150.485530
20940.000000	14633.276640	27933.766580	5481.351220	11136.629750
21000.000000	14765.067270	27497.547170	5400.743112	11130.807540
21060.000000	14746.438840	27768.172110	5608.128673	11101.039270
21120.000000	14682.317330	27770.862720	5466.970387	11175.213590
21180.000000	14755.252150	27539.664140	5561.120820	11191.792590
21240.000000	14538.343420	27855.597230	5470.440076	11158.329020
21300.000000	14665.380410	27917.176230	5594.123969	11078.143320
21360.000000	14724.923330	27810.777740	5573.604013	11218.929940
21420.000000	14904.297900	27594.542410	5571.966857	11270.627260
21480.000000	14709.388480	27636.605530	5483.140933	11204.379390
21540.000000	14693.262450	27939.667330	5530.612417	11287.947050
21600.000000	14599.701140	28066.536290	5491.600971	11176.987710
21660.000000	14960.066250	27946.086890	5552.692888	11272.069440
21720.000000	14654.883150	27932.743950	5536.848577	11394.313940
21780.000000	14751.657110	28121.149260	5626.293034	11372.160950
21840.000000	14664.748700	28156.261160	5534.505613	11411.357350
21900.000000	14697.238840	27938.229070	5535.616635	11478.876140
21960.000000	14755.395350	28003.126810	5519.440927	11271.353450
22020.000000	14574.933720	27951.042310	5692.494776	11436.313530
22080.000000	14655.688250	27889.526400	5613.195148	11430.056940
22140.000000	14669.345890	28216.320280	5521.165563	11488.061670
22200.000000	14628.279340	28187.728080	5613.160141	11423.240290
22260.000000	14861.910510	28373.732170	5517.326683	11462.704630
22320.000000	14647.501650	28364.343570	5502.710949	11550.530050
22380.000000	14764.542790	28091.767660	5484.191092	11536.854730
22440.000000	14761.360970	28086.746920	5582.365680	11393.760420
22500.000000	14697.483960	28334.547420	5610.305349	11444.751270
22560.000000	14854.607100	28481.100790	5592.729593	11630.091450
22620.000000	14799.256300	28139.200100	5571.283537	11453.657780
22680.000000	14699.366700	28435.592850	5606.727696	11605.974890
22740.000000	14611.655890	28486.667350	5644.844526	11609.270710
22800.000000	14809.589970	28308.111810	5636.388402	11506.494820
22860.000000	14656.245920	28591.282740	5497.766267	11665.219690
22920.000000	14733.120490	28348.644740	5599.479215	11686.185310
22980.000000	14817.475700	28410.949760	5625.149925	11515.255070
23040.000000	14696.770610	28624.003850	5652.001798	11600.112160
23100.000000	14859.789300	28692.785720	5682.426204	11606.034370
23160.000000	14785.838200	28737.668660	5544.651252	11682.485630
23220.000000	14615.026350	28564.358330	5596.079843	11704.643570
23280.000000	14767.873500	28761.626340	5576.486776	11807.105770
23340.000000	14898.923420	28682.542430	5576.473220	11757.996180
23400.000000	14883.308070	28546.647890	5621.047337	11660.269830
23460.000000	14682.881500	28667.103890	5484.098399	11834.137730
23520.000000	14880.513590	28624.941350	5550.736964	11853.818740
23580.000000	14741.454380	28902.401330	5554.225989	11801.310770
23640.000000	14706.745560	28786.010460	5632.381680	11764.497020
23700.000000	14795.534000	28815.365200	5628.778665	11818.660260
23760.000000	14653.164300	28883.377170	5660.306561	11774.362110
23820.000000	14807.535730	28895.132980	5588.632124	11844.211140
23880.000000	14746.667900	28921.329760	5589.453734	11828.900050
23940.000000	14774.297100	29006.414140	5577.129714	11893.580810
24000.000000	14920.811630	28887.219770	5598.385456	11913.114870
24060.000000	14807.303080	29030.398670	5644.512938	11927.490060
24120.000000	14766.217130	28827.651240	5561.974957	11992.041860
24180.000000	14816.557020	29169.343830	5669.492621	11995.804830
24240.000000	14764.581430	29210.463590	5692.934624	11945.499330
24300.000000	14746.878520	29022.617780	5648.351309	11976.120730
24360.000000	14792.238740	29335.895460	5632.319262	11999.519590
24420.000000	14765.542540	29221.554210	5631.068684	12012.097220
24480.000000	14877.868660	29262.228520	5714.732214	12149.732060
24540.000000	14798.943780	29320.098680	5649.820032	11894.039160
24600.000000	14787.465950	29418.950600	5652.118462	11979.038430
24660.000000	14875.941350	29249.539420	5623.864978	11989.391770
24720.000000	14926.477940	29395.845910	5650.096420	12239.115760
24780.000000	14894.891200	29429.800280	5698.102537	12128.971300
24840.000000	14871.890150	29593.246010	5682.761203	12163.717520
24900.000000	14716.556970	29245.637480	5609.549588	12290.703170
24960.000000	14944.897690	29430.752930	5736.501202	12089.363320
25020.000000	14883.045290	29597.164400	5641.173908	12193.855490
25080.000000	14786.793910	29379.744720	5611.547905	12158.359000
25140.000000	15040.461320	29450.094040	5703.937794	12166.819710
25200.000000	14688.666630	29551.208200	5680.253567	12213.412320
25260.000000	14926.448810	29415.879990	5683.573093	12204.153420
25320.000000	14771.745620	29847.753890	5745.346381	12170.916360
25380.000000	14785.142940	29702.753980	5597.703401	12265.840610
25440.000000	14838.949910	29406.950680	5677.446247	12307.983730
25500.000000	14789.993860	29585.267100	5543.520705	12255.773890
25560.000000	14750.465440	29445.501360	5625.946483	12225.285850
25620.000000	14815.128140	29801.021150	5735.681381	12266.490380
25680.000000	14881.159990	29544.002630	5659.559180	12203.989520
25740.000000	14745.882970	29506.997630	5744.660731	12245.960710
25800.000000	14656.146410	29723.509500	5713.849806	12330.332900
25860.000000	14843.895500	29766.039290	5735.707452	12269.816040
25920.000000	14640.439630	29702.098730	5750.663448	12363.655100
25980.000000	14726.224730	29887.826050	5715.342686	12445.906480
26040.000000	14826.050790	30101.008400	5658.337327	12411.704120
26100.000000	14757.426380	29635.460970	5687.767016	12293.869110
26160.000000	14795.400900	30031.891980	5667.194097	12485.360350
26220.000000	14700.484990	30012.422780	5743.840462	12494.811360
26280.000000	14737.494960	29862.199330	5648.541339	12680.909780
26340.000000	14772.873380	30025.588300	5673.461499	12512.543540
26400.000000	14925.881640	30046.090600	5681.510867	12589.318160
26460.000000	14854.199690	30078.745150	5692.315069	12429.574710
26520.000000	14872.256390	29902.449810	5754.472723	12508.531200
26580.000000	14705.944180	30099.072970	5753.789524	12576.371930
26640.000000	14878.495570	29770.307050	5695.163802	12592.774770
26700.000000	14895.788560	30047.363930	5662.069713	12532.214070
26760.000000	14934.525570	30239.634140	5711.919069	12458.441300
26820.000000	14831.147410	30069.520880	5698.176444	12520.563220
26880.000000	14786.331860	30234.779310	5682.444076	12499.889260
26940.000000	14952.981310	29998.288460	5791.476934	12640.753130
27000.000000	14842.585400	30040.433660	5694.848276	12752.711020
27060.000000	14885.283740	30210.754630	5638.173662	12594.180740
27120.000000	14864.595760	30048.493690	5691.998549	12601.000880
27180.000000	14728.694440	30248.431010	5797.727857	12672.357370
27240.000000	14980.213230	30317.203550	5805.169877	12732.605940
27300.000000	14933.271720	30531.491370	5760.497476	12654.483350
27360.000000	14868.703750	30346.302230	5769.707036	12527.696580
27420.000000	14858.322240	30502.723660	5677.572116	12660.377290
27480.000000	14870.751710	30341.331190	5858.075511	12810.128340
27540.000000	14842.128170	30596.368470	5709.967761	12668.732950
27600.000000	14799.929560	30331.255200	5753.829697	12703.750840
27660.000000	14757.825920	30506.540890	5649.865550	12706.546850
27720.000000	14760.180390	30426.457970	5727.149739	12783.996540
27780.000000	14822.399100	30726.324840	5783.885977	12670.400520
27840.000000	14914.326780	30496.910740	5747.590582	12748.332690
27900.000000	14807.253310	30583.922880	5748.558652	12728.247590
27960.000000	14844.531260	30688.958790	5731.775883	12823.254930
28020.000000	14895.753530	30493.484920	5790.991366	12717.632650
28080.000000	14890.031590	30464.152640	5754.364247	12847.875870
28140.000000	14628.985280	30561.739490	5731.702999	12801.171820
28200.000000	14777.709430	30886.493560	5862.928517	13044.469210
28260.000000	14909.830780	30514.538590	5741.546468	13031.968480
28320.000000	14684.848350	30922.330230	5661.177874	12854.592550
28380.000000	14783.764060	30777.689900	5831.303025	12822.935550
28440.000000	14761.207900	30603.414920	5777.100855	13017.002360
28500.000000	14892.129840	31000.128560	5817.790363	13039.590730
28560.000000	14882.076270	30876.781700	5819.025778	12923.880200
28620.000000	14851.424900	30911.039060	5763.037486	12997.358940
28680.000000	14799.662760	30775.752440	5793.633775	12878.323070
28740.000000	14842.760110	31009.886470	5861.598319	12913.842300
28800.000000	14832.522160	31182.911880	5738.052613	13046.650380
28860.000000	14810.540850	30809.814710	5785.177271	13169.762060
28920.000000	14784.167710	30895.830960	5812.026088	12998.991070
28980.000000	14739.652720	30845.874780	5754.791682	13161.608060
29040.000000	14867.839870	30815.971820	5767.435082	12967.134240
29100.000000	15008.044620	30783.775600	5860.023558	13226.799090
29160.000000	14872.200010	30843.465880	5795.266957	13089.573230
29220.000000	15097.196430	30877.816620	5768.727165	13126.936670
29280.000000	14912.107400	31124.818490	5778.632069	13167.813660
29340.000000	14947.365170	31238.769920	5866.485429	13052.812770
29400.000000	14597.539870	31023.368820	5775.576400	13233.281340
29460.000000	14863.554240	31042.246600	5804.472518	13073.774780
29520.000000	14945.277590	31024.496620	5815.821125	13255.083690
29580.000000	15083.848120	31171.430750	5881.626845	13322.826640
29640.000000	14770.051900	31196.124230	5837.291616	13203.497310
29700.000000	14967.052440	31206.032990	5809.930734	13234.628280
29760.000000	14864.043420	31289.625720	5850.645462	13292.361410
29820.000000	14923.652880	31045.032680	5868.524893	13361.163640
29880.000000	14924.570830	31451.690210	5826.233055	13245.608910
29940.000000	14677.015960	31268.266630	5733.545258	13219.612620
30000.000000	15033.281170	31453.473710	5815.796190	13407.270710
30060.000000	14944.135190	31415.552880	5856.525665	13305.538920
30120.000000	14935.105390	31366.064850	5858.203056	13157.468850
30180.000000	14956.093170	31481.200330	5890.495232	13234.530460
30240.000000	14952.055830	31212.556410	5835.232438	13378.560060
30300.000000	14978.093230	31173.090400	5769.836357	13320.252610
30360.000000	14882.894070	31466.127950	5860.428483	13356.073440
30420.000000	14803.230200	31500.209030	5902.522769	13398.682720
30480.000000	14736.759430	31570.740200	5711.757202	13449.480640
30540.000000	14885.129390	31590.013780	5850.702145	13500.558230
30600.000000	14976.393090	31434.450720	5875.627797	13245.269930
30660.000000	14838.686360	31627.475810	5767.193489	13529.454430
30720.000000	14786.346930	31691.142680	5936.899531	13342.992130
30780.000000	14810.725700	31587.584260	5907.686463	13455.809010
30840.000000	14881.988680	31449.227460	5890.041033	13391.041100
30900.000000	14752.935960	31766.592530	5963.600826	13444.810980
30960.000000	14785.254760	31831.934560	5923.795266	13348.842210
31020.000000	14807.458340	31381.043360	5923.160087	13635.337620
31080.000000	15026.215450	31835.059170	5855.388709	13593.475130
31140.000000	14766.348670	31386.240410	6012.046489	13599.474490
31200.000000	14784.599930	31718.018940	5848.867467	13692.418750
31260.000000	14819.558730	31475.031370	5816.956168	13488.089100
31320.000000	14944.057840	31639.091260	5888.448712	13588.083820
31380.000000	14759.381640	31880.410180	5939.894327	13656.200090
31440.000000	14806.173730	31996.169290	5932.388080	13657.262600
31500.000000	15027.167510	31825.426000	5894.481368	13620.871060
31560.000000	14935.805430	31755.427650	5965.065954	13771.627230
31620.000000	14811.537880	31887.225420	5861.098499	13772.922610
31680.000000	14998.721340	31859.838700	5955.245512	13729.102090
31740.000000	14866.620810	31751.082260	5926.868799	13623.533030
31800.000000	14896.601220	31758.111920	5974.817041	13805.163350
31860.000000	14842.307490	31894.877300	6001.921625	13775.543610
31920.000000	14946.032490	32003.271280	5935.702544	13692.017300
31980.000000	14887.273860	32122.436660	5929.622355	13834.971390
32040.000000	14972.701040	32053.939110	5913.667718	13780.977840
32100.000000	15063.099530	31908.851570	6014.919616	13805.722590
32160.000000	14952.477440	32112.895940	5949.365081	13702.376920
32220.000000	14803.232150	31987.546030	6015.223853	13968.595500
32280.000000	14987.545000	32051.605290	5883.147393	13718.967390
32340.000000	14944.820520	31885.565060	5912.185030	13876.890730
32400.000000	14992.168900	31980.625200	5880.035173	13764.693310
32460.000000	14908.249910	31970.142220	5912.366013	13725.752750
32520.000000	14805.651600	32390.696660	5786.963523	13845.708340
32580.000000	14876.437120	32046.841240	5977.319208	13926.926790
32640.000000	14971.919490	31854.595930	5953.984439	13898.563660
32700.000000	15023.678750	32077.019930	5962.222159	13951.526000
32760.000000	14878.614100	32158.372410	5923.044694	13957.299790
32820.000000	14968.264140	32389.685190	6019.315218	14036.256320
32880.000000	14867.552110	32278.048410	5837.759877	14136.888420
32940.000000	14827.109060	32338.108220	5937.307980	13949.814490
33000.000000	14908.155370	32163.127530	5944.496162	14005.568130
33060.000000	14970.228330	32375.234750	6036.387772	13966.390200
33120.000000	15128.043260	32191.975370	5947.810584	13834.020800
33180.000000	14979.891340	32442.341050	5978.234415	13980.225060
33240.000000	14881.148840	32407.948920	5949.829376	13985.197090
33300.000000	14979.391100	32370.013780	6096.158055	14064.640400
33360.000000	14847.731930	32219.357530	5935.492684	14184.347420
33420.000000	15029.422880	32238.646960	6009.377455	13906.108240
33480.000000	14903.620850	32409.081630	6014.363876	14100.937950
33540.000000	14962.606300	32619.349050	6038.308321	14112.899460
33600.000000	14906.786460	32373.472990	6037.910111	14008.096140
33660.000000	14955.877130	32568.410950	5974.576768	13988.164150
33720.000000	14933.713670	32658.400860	6077.859140	14115.271360
33780.000000	14906.109130	32778.905390	5918.485483	14177.511200
33840.000000	14756.315340	32624.865420	5851.820294	14118.993560
33900.000000	14900.036930	32486.316740	5984.590558	14299.887730
33960.000000	14965.027810	32392.556170	6009.451869	14237.093120
34020.000000	14828.703310	32567.333300	5912.253792	14230.229830
34080.000000	15216.041670	32691.580210	5944.342018	14141.778270
34140.000000	14874.613230	32643.984650	6028.920899	14117.410790
34200.000000	14907.119800	32670.180360	6074.206880	14214.972540
34260.000000	15126.776800	32539.118230	5905.006179	14253.410220
34320.000000	14954.154020	32721.688440	5903.018114	14153.129650
34380.000000	15003.232240	32484.996440	6018.131749	14246.807110
34440.000000	15059.896780	32759.720050	5942.046808	14249.519680
34500.000000	15006.513240	32731.066690	5981.997108	14312.617180
34560.000000	14851.193560	32724.485440	6036.407887	14269.465220
34620.000000	14916.290980	32621.776940	5907.872452	14325.763650
34680.000000	14801.722720	32783.142420	5912.836775	14251.405680
34740.000000	15038.829310	32617.096710	5971.068595	14362.462150
34800.000000	14829.176470	32746.391700	5944.963134	14319.169140
34860.000000	14882.882920	32530.315720	5934.719484	14439.213440
34920.000000	15045.272260	32889.606250	6014.591125	14400.800420
34980.000000	14923.755660	32597.195370	6074.697141	14305.795310
35040.000000	14882.094800	33119.270990	6059.429398	14369.152960
35100.000000	15015.626900	32759.609870	6015.220649	14479.398290
35160.000000	14807.313500	32705.074140	6030.832444	14442.637050
35220.000000	14947.123850	32766.935760	5992.217571	14466.986760
35280.000000	14933.435100	32949.687970	6042.301732	14460.913730
35340.000000	14892.248680	33291.915630	6000.253108	14461.687210
35400.000000	14852.216100	33094.275920	5910.308590	14454.003220
35460.000000	15085.158610	32961.945860	6051.301722	14464.540200
35520.000000	14974.165720	33000.449240	6026.355135	14480.566220
35580.000000	14897.330730	33112.170540	6106.587280	14581.816730
35640.000000	14931.583450	33112.483650	6075.095292	14469.679300
35700.000000	14869.597130	33205.081030	6080.582158	14609.479010
35760.000000	15021.664910	33262.571600	6116.304461	14537.184660
35820.000000	14853.029410	33160.749330	5964.347690	14549.252470
35880.000000	14901.248120	33205.141380	6031.123658	14559.077580
35940.000000	14872.787930	33029.941420	6075.933447	14585.387000
36000.000000	14943.177960	33374.283370	6031.282175	14564.387660
36060.000000	14865.739700	33313.311530	6084.562464	14496.265100
36120.000000	15045.120340	33338.206660	6087.188787	14590.739480
36180.000000	14844.567150	33127.263030	6064.761919	14684.745640
36240.000000	14946.492040	33400.575260	6087.168705	14663.558630
36300.000000	14989.874370	33119.755720	5982.036010	14753.842670
36360.000000	14801.373300	33456.719020	6090.245297	14667.944140
36420.000000	14825.475100	33257.520950	6011.563728	14801.926980
36480.000000	15018.144640	33461.791300	6106.591972	14706.206940
36540.000000	14952.581140	33167.722580	5991.446680	14674.358930
36600.000000	15028.890340	33363.179160	6054.914739	14618.353030
36660.000000	14976.881860	33117.434300	6122.852064	14499.577730
36720.000000	14871.846790	33284.507990	6155.654062	14887.423680
36780.000000	14884.328030	33286.148390	6058.270939	14808.151310
36840.000000	15015.932750	33457.964540	6091.462134	14716.465590
36900.000000	14906.179280	33315.518130	5970.681532	14708.942170
36960.000000	15087.380870	33331.354680	6101.723361	14790.405180
37020.000000	14921.366330	33372.980900	6058.109954	14769.332420
37080.000000	15022.763910	33671.205590	6073.474620	14779.004350
37140.000000	14942.212880	33341.549960	6093.858909	14685.214440
37200.000000	15025.833410	33521.097590	6179.967827	14820.859890
37260.000000	14874.655710	33544.840850	6130.268560	14668.162650
37320.000000	14992.976010	33556.626690	6146.117609	14839.730070
37380.000000	14937.718410	33665.241080	6168.138933	14887.434580
37440.000000	14728.894700	33566.562040	6152.592929	14861.013240
37500.000000	14868.203530	33673.136620	6114.333236	14997.385380
37560.000000	14883.091580	33645.074650	6149.744664	14802.570460
37620.000000	15077.922590	33564.763630	6071.387102	14983.016740
37680.000000	14948.386550	33704.974070	6087.928812	14819.899020
37740.000000	15010.849570	33436.190040	6077.363410	14863.538480
37800.000000	14955.896560	33793.871280	6156.702629	14939.935590
37860.000000	15003.008880	33556.390010	6070.010755	14964.838490
37920.000000	14827.138260	33851.335850	6058.729940	14980.481390
37980.000000	15010.948620	33589.054210	6241.795784	15051.171440
38040.000000	15128.774440	33418.537960	6113.240366	14958.570260
38100.000000	15012.739520	33843.118330	6069.820594	15044.832580
38160.000000	14914.096990	33717.460680	6066.992098	14871.919360
38220.000000	15016.222470	33744.201610	6125.495590	15018.142660
38280.000000	15195.202670	33786.752500	6237.773282	15008.134500
38340.000000	15035.527110	33689.837060	6150.993084	14931.031600
38400.000000	14916.301570	33914.834130	6074.921216	15165.629700
38460.000000	14958.302430	33830.110960	6225.232035	15187.829480
38520.000000	15159.944240	33840.350900	6137.655223	14975.844050
38580.000000	15031.295240	33716.828790	6236.989644	15196.689370
38640.000000	14988.225180	33820.671590	6099.475813	14943.699260
38700.000000	14988.945510	33790.992010	6240.037314	15143.764680
38760.000000	15081.733430	33942.831940	6158.876106	15172.137470
38820.000000	14997.861140	33862.631640	6199.230842	15188.394100
38880.000000	15057.234580	34037.867060	6290.679689	15115.428400
38940.000000	15024.453660	33692.831870	6228.222240	15066.507970
39000.000000	14884.479650	33747.364480	6133.325827	15196.330130
39060.000000	15053.598050	33905.585650	6236.484916	15089.795190
39120.000000	14972.965020	33974.665850	6176.953934	15185.983670
39180.000000	15105.556250	33826.565180	6171.904652	15067.285280
39240.000000	14976.206750	34082.830490	6158.786534	15241.120110
39300.000000	15073.854740	33976.577940	6134.794324	15230.926610
39360.000000	15041.013710	33887.849560	6236.654170	15242.555160
39420.000000	15000.492700	34296.144520	6142.528146	15361.619250
39480.000000	14927.588230	34174.610530	6258.308717	15394.562100
39540.000000	15022.648530	34166.888530	6267.586955	15471.695630
39600.000000	15014.579520	34058.951400	6205.969489	15353.067290
39660.000000	15068.470730	34089.208060	6117.813940	15357.539200
39720.000000	14969.279880	34047.485090	6210.208483	15196.177370
39780.000000	15081.950050	34134.965820	6130.117968	15483.798990
39840.000000	14860.890580	34034.371950	6250.663789	15196.319870
39900.000000	14995.320990	34170.873170	6267.977766	15366.559310
39960.000000	14990.392050	34181.477620	6233.109704	15204.938590
40020.000000	15004.744220	34197.951670	6259.057307	15408.035970
40080.000000	15015.960460	34144.568190	6158.080112	15341.251530
40140.000000	15085.073210	33988.553390	6160.757485	15300.571060
40200.000000	14990.403100	33991.483530	6184.919562	15472.566000
40260.000000	14991.692910	34316.483390	6271.567173	15412.267010
40320.000000	15097.291460	34127.447010	6185.155720	15355.253050
40380.000000	15038.822900	34349.609470	6285.035623	15578.954490
40440.000000	14930.989570	34121.383320	6249.847106	15449.293110
40500.000000	14995.528550	34341.674140	6205.332587	15467.843550
40560.000000	14956.126480	34229.336600	6247.443417	15491.782920
40620.000000	14972.569300	34282.115560	6213.189269	15524.532260
40680.000000	14930.206210	34359.198780	6232.818488	15410.864760
40740.000000	14946.861090	34336.921790	6286.998746	15461.322600
40800.000000	15052.471740	34523.067620	6305.918418	15602.216250
40860.000000	15053.317350	34218.201510	6365.887427	15571.356270
40920.000000	15155.725290	34159.662890	6255.969703	15534.829820
40980.000000	15073.190860	34529.424020	6218.132422	15620.644420
41040.000000	14899.045430	34427.287720	6185.455710	15586.200100
41100.000000	14912.663780	34527.143640	6239.641901	15535.558760
41160.000000	14946.573820	34318.072580	6242.274586	15554.797080
41220.000000	14957.025210	34588.900960	6264.735695	15522.814260
41280.000000	14934.574190	34431.645380	6269.957003	15579.438040
41340.000000	15083.275850	34404.804290	6174.591045	15612.854010
41400.000000	15110.136250	34348.903720	6229.084880	15668.623720
41460.000000	15013.772180	34467.067850	6064.497784	15664.008400
41520.000000	14896.080490	34683.079500	6249.299981	15664.164490
41580.000000	15243.652740	34572.578290	6177.868991	15671.730730
41640.000000	14914.905690	34535.234710	6190.683087	15521.331200
41700.000000	14825.114340	34362.164130	6229.178283	15702.922410
41760.000000	14980.280000	34807.770880	6217.989779	15686.495470
41820.000000	14980.843090	34756.393750	6237.211494	15586.734030
41880.000000	14996.366580	34401.893220	6264.469563	15568.424470
41940.000000	15081.596790	34802.092160	6291.813569	15537.874150
42000.000000	14831.562080	34679.213320	6175.030694	15546.187400
42060.000000	14886.853120	34459.188130	6253.376302	15661.512430
42120.000000	15020.536570	34454.163570	6371.430965	15676.622940
42180.000000	14917.395780	34805.880260	6172.491872	15670.928200
42240.000000	15034.795650	34856.770570	6325.198783	15737.148800
42300.000000	14987.440380	34876.644480	6299.958781	15861.366560
42360.000000	15019.447010	34503.508180	6366.798988	15853.055860
42420.000000	14932.960090	34733.864330	6273.655637	15660.037670
42480.000000	14958.383720	34659.957740	6292.041259	15857.874840
42540.000000	14997.699540	34956.219740	6385.840583	15712.441010
42600.000000	14950.967510	34818.105690	6332.383104	15797.661820
42660.000000	14857.455660	34548.616370	6225.794720	15805.275870
42720.000000	14896.971620	34568.188640	6211.757791	15782.719360
42780.000000	15063.292980	34697.461380	6267.338211	15740.123690
42840.000000	15060.825720	35077.125660	6253.408962	15820.104980
42900.000000	15012.399100	34779.474010	6333.005296	15711.192570
42960.000000	14803.837630	34681.776710	6369.207143	15821.964920
43020.000000	15039.887630	34637.836730	6316.333611	15828.572010
43080.000000	15073.189490	34884.516930	6163.832670	15928.583930
43140.000000	14855.595310	34884.950020	6299.824498	15976.294170
43200.000000	15078.094460	34877.097090	6244.535915	15823.981200
43260.000000	14839.551280	34702.330620	6342.888019	15893.923180
43320.000000	15091.179960	34938.819620	6299.036508	15952.809010
43380.000000	15084.767390	34882.762150	6283.005463	15899.333580
43440.000000	14974.637020	35061.285500	6283.457690	15831.939240
43500.000000	15020.328440	34942.558070	6392.872786	15887.058100
43560.000000	15020.973470	34992.668510	6256.972831	16067.704510
43620.000000	14946.030040	34720.154270	6311.410443	15866.609560
43680.000000	15083.242310	34939.825830	6346.160924	15978.809210
43740.000000	14926.596770	34948.852330	6268.743917	15981.966050
43800.000000	14874.626550	34816.855190	6392.515261	15879.130920
43860.000000	14919.491000	34875.011310	6365.346854	15931.934950
43920.000000	14931.596940	35349.451840	6320.898023	16057.306840
43980.000000	15122.152830	35203.704870	6311.859087	16126.866110
44040.000000	14862.217430	35146.228720	6400.112579	16121.167680
44100.000000	14826.288280	35320.971640	6355.574895	16233.622520
44160.000000	15178.791060	35039.613970	6448.766502	15994.382640
44220.000000	14921.394730	35175.706250	6338.250920	16196.025090
44280.000000	14910.527060	34689.768360	6351.938518	16085.934230
44340.000000	14903.480250	35310.151520	6453.549522	16106.625550
44400.000000	14938.017380	35131.179180	6407.839304	16099.538640
44460.000000	15095.489830	34816.143110	6217.315433	16055.291320
44520.000000	15019.275940	35050.577210	6295.095457	15987.156640
44580.000000	15157.958080	35298.725770	6354.467819	16280.610290
44640.000000	14906.381000	35047.674390	6351.604833	16279.136920
44700.000000	14910.681720	35127.410400	6380.621037	16136.014500
44760.000000	14989.697470	35163.776940	6438.540610	16129.175130
44820.000000	14934.217270	35337.631430	6432.881597	16219.042590
44880.000000	14729.723430	35042.633840	6419.741579	16240.280450
44940.000000	14970.401760	35009.881460	6287.781323	16164.160660
45000.000000	15039.884620	34853.075260	6347.940553	16159.050280
45060.000000	14942.258760	35326.145660	6403.003473	16129.660290
45120.000000	14984.445170	35057.586210	6447.962263	16143.607900
45180.000000	15038.038050	35235.036180	6255.219130	16332.088940
45240.000000	14999.445540	35210.437730	6450.804638	16213.999440
45300.000000	14958.137920	35392.702300	6398.268418	16376.299960
45360.000000	15101.198570	35045.819650	6286.889144	16370.578380
45420.000000	14904.089400	35050.455620	6458.573160	16327.138850
45480.000000	15072.423170	35473.768070	6456.205561	16163.777010
45540.000000	14907.754650	35484.700320	6398.239294	16425.339180
45600.000000	15003.459420	35200.095240	6458.638429	16456.926570
45660.000000	15022.839200	35430.561100	6316.468508	16356.915570
45720.000000	15049.715690	35493.298990	6409.590488	16355.993640
45780.000000	14805.982220	35183.307360	6422.565084	16363.514340
45840.000000	15022.915360	35334.851980	6371.105711	16314.773450
45900.000000	15131.299030	35290.895700	6377.706785	16451.712790
45960.000000	15030.939470	35349.668320	6331.247945	16524.366390
46020.000000	15024.292890	35300.833810	6329.892125	16551.769100
46080.000000	14923.409890	35652.496380	6479.826234	16493.113510
46140.000000	14975.084300	35530.300520	6459.179256	16420.103700
46200.000000	14865.857500	35474.246870	6423.038979	16337.966940
46260.000000	15017.173410	35428.835240	6412.046740	16314.540190
46320.000000	14846.780400	35531.711180	6471.706357	16359.991730
46380.000000	14977.248800	35687.601180	6418.270924	16453.753030
46440.000000	15120.680580	35577.434820	6459.885047	16511.676820
46500.000000	15089.794560	35585.851090	6392.839721	16585.279440
46560.000000	15121.117740	35603.218310	6448.974148	16471.617450
46620.000000	15048.534640	35627.122900	6405.127832	16433.615830
46680.000000	14939.480250	35780.601740	6428.460459	16637.066440
46740.000000	15142.854880	35444.835410	6394.991049	16505.474620
46800.000000	15150.900680	35795.158040	6541.957638	16548.999200
46860.000000	15111.372370	35704.551270	6387.745231	16559.976050
46920.000000	14898.376690	35497.707370	6432.918319	16532.099450
46980.000000	15024.282800	35729.467700	6465.691011	16526.628410
47040.000000	15000.151600	35503.342240	6532.599786	16517.665420
47100.000000	14992.954500	35865.916890	6551.098710	16643.633400
47160.000000	15058.962470	35524.241180	6520.997931	16628.393820
47220.000000	14987.741590	35728.360180	6474.248359	16692.584030
47280.000000	14937.402840	35841.737130	6423.450886	16662.059170
47340.000000	15058.807950	36001.756050	6469.735048	16588.218330
47400.000000	15001.394630	35700.457630	6356.657718	16555.404470
47460.000000	15035.919950	35781.043380	6381.123001	16481.768740
47520.000000	14921.042060	35703.915460	6432.532659	16547.313030
47580.000000	15080.130310	35620.333660	6441.100819	16572.001710
47640.000000	15140.124500	35680.593100	6431.663113	16566.028930
47700.000000	15043.703420	35870.425220	6400.710402	16568.964820
47760.000000	14987.462240	35872.703260	6394.614551	16884.390160
47820.000000	15044.597900	36040.020750	6472.294406	16674.837410
47880.000000	14956.089390	35854.668410	6548.781449	16693.698510
47940.000000	15061.456860	35924.770300	6545.591653	16689.978780
48000.000000	14889.086780	35626.414590	6403.765416	16673.583260
48060.000000	15043.524570	35895.423200	6428.426051	16748.150680
48120.000000	15216.817950	35755.732160	6491.354662	16814.651090
48180.000000	14933.100530	35736.222090	6431.816263	16789.864200
48240.000000	14951.175270	35942.378170	6435.738155	16693.993420
48300.000000	15032.275430	35853.953680	6444.490953	16889.873970
48360.000000	15091.110320	35771.322950	6384.065731	16763.212150
48420.000000	15100.213520	35610.214870	6532.381119	16882.125010
48480.000000	15138.024400	35929.238120	6471.082060	16734.109750
48540.000000	15037.738130	35988.925620	6509.116271	16955.393030
48600.000000	14983.106000	35963.371730	6520.068841	16805.358250
48660.000000	15018.994860	35925.926620	6496.161529	16821.288430
48720.000000	15037.316410	36023.996050	6352.777376	16784.502670
48780.000000	15021.316690	35959.298910	6535.538041	16775.145280
48840.000000	14891.784370	35989.243200	6441.330082	16876.180050
48900.000000	14909.654060	36149.582160	6432.449685	16838.159070
48960.000000	15024.027220	36022.301390	6554.696449	16977.300270
49020.000000	14944.280560	35923.495880	6615.679956	17034.378910
49080.000000	15029.237820	35996.461020	6581.448527	16855.790390
49140.000000	14992.939130	36394.320470	6453.741469	16953.391170
49200.000000	15002.752280	36066.453980	6507.944380	16827.134590
49260.000000	15032.607800	35953.025770	6467.834237	16946.431550
49320.000000	14941.699840	36004.060120	6503.449452	17015.101440
49380.000000	15024.158340	35949.379170	6544.661367	16877.463190
49440.000000	15014.881610	36052.109180	6580.790479	16879.476450
49500.000000	15128.148880	36169.561360	6532.572599	17130.338330
49560.000000	15032.684010	36075.132280	6542.701651	16911.147020
49620.000000	14914.124580	36246.166810	6499.470382	16883.036990
49680.000000	14814.569560	35984.083940	6560.286911	16938.049090
49740.000000	15028.529160	36261.626310	6489.912894	16949.587060
49800.000000	15063.457840	36043.659900	6514.870586	16938.852130
49860.000000	15029.333030	36260.879500	6596.853120	17091.127340
49920.000000	15252.110220	36235.192080	6572.560226	17180.212470
49980.000000	15044.233750	36135.525010	6594.783803	16993.753240
50040.000000	14938.650080	36114.361050	6569.401639	17109.880220
50100.000000	14925.665820	36255.956040	6604.645518	16981.176130
50160.000000	14995.808450	36240.584170	6581.065832	16936.170810
50220.000000	15024.566110	36357.818180	6509.576598	16971.039410
50280.000000	15072.422380	36123.279760	6592.207096	17228.943210
50340.000000	15083.062560	36037.360870	6618.058979	17146.536700
50400.000000	15070.647300	36274.047140	6584.996775	17180.614270
50460.000000	15099.603160	36417.075180	6523.722500	16924.721940
50520.000000	14805.483090	36394.561950	6559.225813	17169.696610
50580.000000	15003.435760	36277.100330	6511.015714	17214.254990
50640.000000	15263.797010	36128.832230	6579.991894	17098.723140
50700.000000	15050.217200	36232.310470	6575.787646	16939.524120
50760.000000	15147.156350	36241.142500	6580.716986	17001.764290
50820.000000	15111.221050	36402.730570	6545.880258	17144.386770
50880.000000	15177.001960	36183.669500	6563.189506	17187.171620
50940.000000	15062.677010	36386.761080	6633.574302	17138.477010
51000.000000	14930.263280	36349.718120	6558.685422	17170.974560
51060.000000	15142.473000	36419.568530	6587.370778	17273.297610
51120.000000	15095.836720	36304.714860	6596.862996	17127.047810
51180.000000	15066.507850	36407.805520	6507.055765	17268.774320
51240.000000	15102.140520	36491.661780	6593.754568	17308.405420
51300.000000	14963.902930	36149.682520	6651.609471	17185.453740
51360.000000	14864.187050	36352.353910	6653.099708	17092.612680
51420.000000	15037.966030	36403.388370	6580.688711	17146.148860
51480.000000	15013.789460	36456.639840	6578.152698	17170.548440
51540.000000	14983.862890	36449.078170	6598.330483	17208.407650
51600.000000	15172.855730	36484.423360	6581.699880	17321.011860
51660.000000	15127.250740	36347.313800	6584.965612	17277.909120
51720.000000	15113.053880	36317.857340	6553.390695	17297.138830
51780.000000	15042.891310	36390.509060	6555.876922	17312.008930
51840.000000	15060.542010	36384.786410	6520.746833	17264.928890
51900.000000	15067.579020	36481.894770	6562.277141	17416.796080
51960.000000	14939.963510	36575.129920	6711.992710	17235.529210
52020.000000	15009.439580	36474.799950	6656.247462	17304.521700
52080.000000	15112.347360	36414.263770	6578.278909	17332.089990
52140.000000	15040.592570	36577.725220	6696.781727	17261.518370
52200.000000	15130.904520	36648.324600	6596.655877	17461.521050
52260.000000	15029.089460	36781.158550	6589.272714	17393.524770
52320.000000	14992.656920	36379.734920	6662.282706	17488.349590
52380.000000	15101.242350	36435.584550	6643.675616	17359.563740
52440.000000	14991.521110	36751.030140	6516.830199	17278.287750
52500.000000	15210.305610	36680.989590	6614.478665	17442.064260
52560.000000	15152.562900	36827.355570	6635.886124	17233.424410
52620.000000	15123.903300	36715.680390	6692.236958	17386.817830
52680.000000	14936.729270	36778.806930	6613.350599	17434.351730
52740.000000	14894.806650	36459.616660	6747.236869	17485.897600
52800.000000	14979.930460	36800.509930	6529.389735	17568.148470
52860.000000	15007.611470	36522.477560	6689.689270	17392.010560
52920.000000	15073.183600	36571.105820	6623.440689	17504.469030
52980.000000	14962.721650	36725.492400	6715.204538	17510.295780
53040.000000	15007.122820	36587.926660	6799.750089	17434.738150
53100.000000	15068.041010	36878.238940	6673.652911	17576.041020
53160.000000	15036.176600	36737.620210	6602.039969	17563.228090
53220.000000	15101.106320	36760.874730	6650.142776	17577.837040
53280.000000	15042.940150	36839.331390	6683.043150	17520.421500
53340.000000	14983.468630	36746.966860	6655.970405	17503.951540
53400.000000	15027.644640	36848.021180	6678.144289	17589.438020
53460.000000	15156.060320	36970.975600	6634.362533	17670.872130
53520.000000	14996.100850	36785.511900	6642.889820	17623.156690
53580.000000	15145.862800	36433.773850	6641.751929	17512.726240
53640.000000	15013.960940	36997.079340	6623.975403	17566.055950
53700.000000	15158.173160	36886.103280	6683.736428	17627.327800
53760.000000	14963.841510	36747.647350	6608.722617	17476.179780
53820.000000	15035.753250	36769.354760	6736.310365	17627.104720
53880.000000	15124.973560	36814.243450	6674.777694	17562.481320
53940.000000	15088.982530	36923.493800	6575.707310	17578.818520
54000.000000	15092.334600	36712.610500	6659.283027	17748.799930
54060.000000	15019.567890	36708.390090	6585.876181	17550.316570
54120.000000	15033.258620	36894.041900	6763.987084	17737.260440
54180.000000	15038.900960	36781.614570	6677.307857	17649.285820
54240.000000	15081.996340	36858.200550	6750.793159	17664.427370
54300.000000	15168.930020	36819.779450	6704.223797	17501.714250
54360.000000	15017.120760	36774.245160	6704.032999	17614.182340
54420.000000	15087.445090	37166.144670	6702.053935	17779.654030
54480.000000	14930.626810	36913.976430	6677.613677	17781.826570
54540.000000	15040.694550	36922.001130	6777.280145	17711.063830
54600.000000	15006.159050	36783.310320	6752.690046	17728.603580
54660.000000	15152.154190	36714.387730	6709.738638	17738.604430
54720.000000	15119.141590	36736.403590	6719.869734	17917.880870
54780.000000	15030.322980	36919.475030	6778.529804	17775.105400
54840.000000	14942.405530	37063.929360	6614.257035	17896.652300
54900.000000	15220.979790	36902.901810	6640.095071	17787.594070
54960.000000	15127.126570	36943.127910	6579.684332	17605.714410
55020.000000	15091.357900	36879.022920	6689.866791	17776.875360
55080.000000	15098.214400	36821.106910	6796.504628	17549.369410
55140.000000	15112.061100	37318.464430	6759.114309	17794.636390
55200.000000	15044.912170	37110.520480	6628.508331	17863.469820
55260.000000	15088.319650	37074.923580	6761.236263	17803.108620
55320.000000	14931.682880	37050.400850	6585.352876	17729.893860
55380.000000	15071.796580	37099.501190	6647.939419	17725.310910
55440.000000	15089.032230	37041.802140	6794.333903	17909.008550
55500.000000	15100.631200	36979.152560	6826.115460	17679.687960
55560.000000	15074.491880	37187.108590	6732.831653	17794.171620
55620.000000	15027.462240	36945.126500	6704.939645	17888.804100
55680.000000	15057.976790	36991.217060	6669.287757	17783.175400
55740.000000	15160.021930	36986.555400	6768.036144	17810.109940
55800.000000	14972.860990	37266.494980	6725.913532	17783.584760
55860.000000	15166.597040	37043.683730	6763.288182	17978.472000
55920.000000	15029.308040	37267.272230	6685.455305	17866.678000
55980.000000	15235.795860	36875.358990	6829.793784	18096.805360
56040.000000	14928.405870	37032.362360	6700.335882	18041.228690
56100.000000	15127.024350	37080.669530	6648.528931	18003.484550
56160.000000	15023.495690	37159.223430	6813.865092	17871.978740
56220.000000	15040.944610	37356.218530	6768.048986	18035.218060
56280.000000	15060.612230	37044.645460	6714.223415	17829.237670
56340.000000	15048.837360	37066.119040	6806.358017	17848.869790
56400.000000	14999.161470	37207.520550	6817.490848	17875.169240
56460.000000	15109.620230	37072.652470	6714.780547	18018.337710
56520.000000	15103.541720	37237.195710	6930.397586	18124.679410
56580.000000	15084.108090	37563.504430	6728.057898	18013.266440
56640.000000	15071.661850	37137.820770	6778.135992	17885.076430
56700.000000	15111.207240	37237.815640	6828.043785	17992.711320
56760.000000	15153.018750	37290.952670	6825.410294	18022.256780
56820.000000	15124.156980	37165.083320	6886.812573	18007.379380
56880.000000	15167.004630	37294.967760	6867.531017	17901.288740
56940.000000	15067.577780	37203.438170	6764.225881	18084.078320
57000.000000	15099.267770	37202.951930	6807.602367	18005.421840
57060.000000	15072.709260	37242.780680	6749.320235	17905.444730
57120.000000	15128.321540	37158.298220	6836.247123	18114.187900
57180.000000	15129.854440	37192.689700	6865.451791	18051.019780
57240.000000	15045.730790	37065.633460	6873.341537	18183.812700
57300.000000	15172.516140	37113.644550	6778.820609	18149.525530
57360.000000	14989.810120	37277.620080	6781.754952	18121.338360
57420.000000	15194.223090	37242.553290	6857.784328	18118.932350
57480.000000	15081.270430	37490.139150	6798.479158	18011.381310
57540.000000	15055.238040	37265.258630	6798.868443	17875.544010
57600.000000	15081.975790	37259.156480	6866.198171	18032.478090
57660.000000	15230.366540	37110.229270	6754.003238	18261.271330
57720.000000	14955.082870	37457.565250	6828.302867	18228.250000
57780.000000	15113.381930	37428.891790	6776.684477	18223.415320
57840.000000	15174.530220	37302.999400	6702.603900	18094.666570
57900.000000	15110.051200	37488.803660	6905.108248	18012.275190
57960.000000	15162.821490	37659.226580	6745.078516	18072.156660
58020.000000	15046.534810	37559.714490	6831.874902	18357.457610
58080.000000	15082.861590	37552.696560	6768.891119	18054.476970
58140.000000	14993.654030	37256.794430	6779.035133	18096.945140
58200.000000	15121.053800	37352.155340	6875.086490	18092.369040
58260.000000	15213.151610	37243.626320	6792.684037	18203.301500
58320.000000	14883.745350	37434.251290	6783.231218	18144.269760
58380.000000	15106.540740	37479.370030	6925.713953	18226.615320
58440.000000	15050.611990	37482.295120	6842.413020	18286.054100
58500.000000	15128.908310	37470.396050	6841.869745	18100.836990
58560.000000	15145.120000	37457.185850	6808.153447	18160.058570
58620.000000	15005.806850	37608.299040	6795.263176	18028.321900
58680.000000	15202.455300	37477.629870	6904.032263	18165.541930
58740.000000	15102.587960	37703.491960	6952.705640	18283.098990
58800.000000	14976.260580	37749.938280	6873.258243	18253.031380
58860.000000	15059.549710	37451.104690	6837.528965	18369.373320
58920.000000	15030.624380	37726.714460	6807.760688	18306.580340
58980.000000	15063.634150	37160.089460	6852.776486	18224.010730
59040.000000	15186.721600	37547.396700	6840.301847	18522.268530
59100.000000	15220.895000	37649.893270	6851.840111	18387.599550
59160.000000	15196.110920	37754.545630	6820.353020	18454.410260
59220.000000	15034.097150	37312.175030	6956.720104	18355.976080
59280.000000	14956.124010	37744.701530	6807.769291	18081.537610
59340.000000	15207.797230	37628.783550	6930.313334	18273.326570
59400.000000	15010.870340	37288.542220	6787.339851	18337.857870
59460.000000	14991.907470	37510.430220	6995.407963	18090.042240
59520.000000	15030.103280	37674.914730	6882.679807	18444.745850
59580.000000	14995.113750	37547.332850	6868.500016	18491.485780
59640.000000	15121.300110	37648.914920	6876.656849	18346.762860
59700.000000	15135.188320	37632.239710	6810.492141	18390.339260
59760.000000	15093.381570	37589.167970	6837.403473	18320.936070
59820.000000	15133.966990	37755.149700	6806.608583	18409.519600
59880.000000	15074.028250	37698.012220	6838.857121	18304.335740
59940.000000	15085.873400	37879.315740	6897.712529	18340.113590
60000.000000	15122.375580	38005.876620	6885.110533	18474.767260
60060.000000	14953.285880	37634.448830	6882.639746	18394.480810
60120.000000	15179.005340	37907.367060	7022.308438	18507.614460
60180.000000	15121.103890	37847.169970	6891.111738	18389.413580
60240.000000	15170.433550	37864.204510	6998.389813	18417.705920
60300.000000	15124.777900	37615.175240	6844.742172	18645.167990
60360.000000	15192.868900	37903.515860	6903.948864	18533.568580
60420.000000	15146.116220	38083.012210	7026.343287	18401.133760
60480.000000	15016.666980	37750.584320	6962.588379	18392.689570
60540.000000	15049.655300	37953.499520	6911.976358	18531.228870
60600.000000	14998.671750	38019.999030	6909.133489	18608.383920
60660.000000	15069.635010	37655.873310	6810.243325	18666.740330
60720.000000	15163.067840	37860.271110	6866.483280	18521.865600
60780.000000	15171.553680	37819.351870	6868.982787	18624.702910
60840.000000	15064.936040	37890.323570	6998.055367	18727.282690
60900.000000	15040.795340	38047.347190	6940.552456	18517.877150
60960.000000	15059.674640	38046.391540	6999.380826	18588.834910
61020.000000	15084.551510	37626.516410	6920.233820	18585.875600
61080.000000	15089.458330	37861.811220	6931.301037	18623.245930
61140.000000	15121.525550	37636.987380	6968.228492	18694.610010
61200.000000	15090.956180	37751.363340	6962.836974	18499.345370
61260.000000	15147.782390	38043.213900	6915.141786	18783.291810
61320.000000	15178.885660	37879.829060	7011.542675	18505.035540
61380.000000	15213.812520	37933.600180	6980.805238	18588.244860
61440.000000	15095.587150	37722.453130	6981.784924	18735.849590
61500.000000	15007.220390	37973.584570	6902.129476	18714.351420
61560.000000	15059.393170	37728.357880	6966.736510	18657.931220
61620.000000	15103.255330	37820.127690	7003.585993	18623.077120
61680.000000	15246.189390	37889.635940	7022.291726	18668.685340
61740.000000	15310.562000	37874.096230	6963.149254	18861.979820
61800.000000	15070.250800	37934.579610	6816.039650	18726.771010
61860.000000	15127.307820	37943.742430	6996.122812	18569.952160
61920.000000	15030.409070	38151.826640	7046.345184	18650.339680
61980.000000	15039.112590	37994.606320	6983.540272	18603.290680
62040.000000	15237.797220	38101.935990	6974.327281	18759.775120
62100.000000	14941.813940	38359.271190	6856.492541	18762.737750
62160.000000	15277.420370	37903.150800	6980.820827	18582.086780
62220.000000	15087.155810	37832.616970	6956.847232	18594.095560
62280.000000	15077.400460	37822.649570	6992.141779	18598.928390
62340.000000	15096.579170	38118.452740	7037.223456	18845.894280
62400.000000	15004.760050	38174.709890	6973.188982	18764.845380
62460.000000	15143.055340	37976.811410	6907.972002	18829.447740
62520.000000	15086.491950	38041.788130	7016.210740	18795.275630
62580.000000	15204.637810	37741.460900	6984.831772	18870.434820
62640.000000	15036.555150	37719.977780	7005.591077	18817.826060
62700.000000	15165.638590	38074.206810	6991.802408	18619.737820
62760.000000	15184.750450	38160.586950	6984.538748	18762.664200
62820.000000	15310.818170	37860.473770	7004.358486	18765.041410
62880.000000	15100.663290	38062.063470	7018.379888	18808.592540
62940.000000	15054.875380	38254.093820	6913.585331	18675.056360
63000.000000	15107.877980	38133.812150	6972.652483	18920.319510
63060.000000	15035.281150	38112.757820	6987.352387	18928.152240
63120.000000	15220.179360	38060.455260	6947.348017	18803.971870
63180.000000	15034.760420	38161.144500	6976.610233	18744.219260
63240.000000	15212.504080	38118.973230	7046.672792	18967.980700
63300.000000	15023.556360	37978.950840	6942.974611	18766.305400
63360.000000	15079.584220	38040.969430	6938.533183	18735.410120
63420.000000	15128.904030	38378.182960	7080.010676	18731.564040
63480.000000	15099.791820	38012.720570	7120.497043	19022.532330
63540.000000	15139.514680	37973.900790	7014.357066	18852.109350
63600.000000	15073.844700	37993.836940	7021.320766	18913.746040
63660.000000	14951.489060	38166.368750	6930.815559	18710.086020
63720.000000	15186.693510	38078.679340	6941.173392	18962.096350
63780.000000	15203.911140	38431.204710	7036.040490	18817.192990
63840.000000	15159.011330	38119.957910	6994.770296	19017.606800
63900.000000	14983.690510	38288.076520	7091.220712	18734.882270
63960.000000	15101.888030	38310.946790	6936.492969	19052.751280
64020.000000	15283.354710	38234.475660	6999.393208	18883.679830
64080.000000	15046.083540	38090.890550	6918.056244	19003.637100
64140.000000	15105.817990	38404.908670	6916.666159	18857.749790
64200.000000	15138.008960	38026.579840	7039.879997	19003.964730
64260.000000	15104.195760	38207.110200	7003.013498	19038.825340
64320.000000	15085.945570	38128.961680	6989.936747	18753.270470
64380.000000	15041.397780	38426.093800	7010.987607	18977.481080
64440.000000	15115.662530	38522.420740	7059.716754	19088.914390
64500.000000	15101.689230	38441.644420	7080.053369	18936.110470
64560.000000	15160.960820	38384.160030	6997.975858	19189.464710
64620.000000	15015.541610	38453.596490	7072.018929	19142.584320
64680.000000	15059.713050	38167.500040	7038.871443	19051.931200
64740.000000	15200.322510	38328.645360	7167.337440	18950.373960
64800.000000	15151.250280	38460.374880	7006.933664	19053.074970
64860.000000	15160.078880	38330.387000	7143.052294	19088.068990
64920.000000	15150.593680	38333.126480	7049.939154	19049.773580
64980.000000	15135.627670	38500.659060	7115.315292	19047.165640
65040.000000	14999.302560	38433.683810	7099.305868	19093.765630
65100.000000	15126.725010	38293.550740	7092.924287	19204.093560
65160.000000	15160.136640	38356.081730	7136.812026	19094.716520
65220.000000	15298.195740	38381.391210	7041.621604	19006.735350
65280.000000	15059.997700	38520.704440	7036.874070	19190.893170
65340.000000	15022.733730	38373.190520	7038.678015	18907.322680
65400.000000	15092.894620	38305.640120	7111.291571	19191.422570
65460.000000	15192.500950	38267.118780	7133.557301	19118.917630
65520.000000	15011.677110	38370.500910	7019.477286	19054.289730
65580.000000	15038.689930	38446.782340	7105.901831	19293.599540
65640.000000	15062.907050	38524.941850	7018.375614	19077.658300
65700.000000	15183.741180	38155.186930	7126.774287	19251.820180
65760.000000	15029.068780	38490.594440	7113.236574	19042.452270
65820.000000	15185.708060	38083.321380	7051.136732	19127.833980
65880.000000	15032.917320	38508.108440	7042.959653	19179.221040
65940.000000	14978.025090	38460.127250	6985.238670	19171.964200
66000.000000	15192.297180	38407.592720	7105.214935	19280.599700
66060.000000	15006.961650	38425.872640	7010.546280	19138.102730
66120.000000	14983.256840	38309.458820	7140.885249	19033.648090
66180.000000	15114.310390	38411.888850	7023.785855	19067.472280
66240.000000	15104.130790	38348.419170	7141.112763	19152.240590
66300.000000	15068.198830	38085.037970	7129.968766	19223.887470
66360.000000	15057.692610	38505.752540	7079.917738	19229.885560
66420.000000	15171.510440	38401.791690	6985.270049	19172.048090
66480.000000	15126.169850	38408.527830	7028.363449	19397.726050
66540.000000	15225.897630	38610.873960	7088.045885	19054.937900
66600.000000	15035.098570	38309.989750	7127.277755	19417.643620
66660.000000	15082.903380	38378.595150	7016.228476	19204.093380
66720.000000	15078.113390	38497.090640	7068.518818	19284.688220
66780.000000	15068.523260	38285.883780	6981.579260	19323.309820
66840.000000	14997.835120	38292.760230	7147.969523	19272.574210
66900.000000	15048.621870	38569.376370	7123.256116	19191.497370
66960.000000	15251.678190	38601.524630	7143.060990	19150.645040
67020.000000	15149.778130	38465.895050	7175.985305	19213.582510
67080.000000	15082.638250	38442.807830	7117.070076	19434.998240
67140.000000	15211.442550	38608.312820	7001.374328	19088.640060
67200.000000	15129.961830	38393.845700	7099.066173	19392.129880
67260.000000	15090.798510	38600.768790	7003.189798	19154.444690
67320.000000	15026.618820	38655.320400	7064.847674	19330.143810
67380.000000	15078.124160	38654.382830	7209.339359	19338.831560
67440.000000	15164.422450	38619.684010	7083.606531	19329.858400
67500.000000	15033.785760	38566.613300	7093.950829	19429.472470
67560.000000	15188.676510	38546.477270	7100.859868	19318.412760
67620.000000	14979.417260	38355.717740	7049.943486	19314.431580
67680.000000	15029.972550	38720.099860	7034.251267	19234.328210
67740.000000	15187.288380	38744.250480	7181.741437	19366.502470
67800.000000	15191.548970	38540.959100	7104.100816	19631.632120
67860.000000	15039.215150	38834.751540	7145.742724	19316.398100
67920.000000	15058.910920	38736.748720	7187.854695	19341.980610
67980.000000	15119.097630	38866.027800	7133.711102	19448.596930
68040.000000	15182.443250	38659.353770	7124.906990	19442.924350
68100.000000	15215.987270	38702.424100	7173.318907	19341.423320
68160.000000	15225.356890	38475.794120	7115.395946	19441.676140
68220.000000	15114.257370	38632.694690	7181.951825	19438.154810
68280.000000	14900.952740	38630.077630	7119.888575	19589.664320
68340.000000	15231.806970	38856.116950	7121.185104	19525.892670
68400.000000	15141.983930	38960.193000	7146.170607	19513.342720
68460.000000	15085.868390	38403.252180	7150.896708	19351.163560
68520.000000	15173.838040	38974.879540	7207.821055	19437.873160
68580.000000	15195.723220	38843.231040	7163.898708	19457.607560
68640.000000	15173.583830	38661.098990	7254.550475	19490.687790
68700.000000	14900.878410	39039.800810	7216.027754	19595.765660
68760.000000	15182.538350	38680.076680	7251.488283	19565.350830
68820.000000	15104.694360	38846.542300	7179.886000	19502.791640
68880.000000	15169.099660	38862.723200	7279.057407	19204.017190
68940.000000	15042.760070	39023.634830	7131.367695	19640.085800
69000.000000	14972.971450	38680.993900	7118.893056	19409.490220
69060.000000	15006.403800	38872.745680	7185.407518	19427.724620
69120.000000	14982.572510	38675.910920	7163.282713	19513.461350
69180.000000	15096.247350	38764.160890	7169.134543	19464.202780
69240.000000	15179.954310	38791.689540	7168.511304	19591.808920
69300.000000	15067.392180	39047.672160	7233.311514	19430.297950
69360.000000	15191.289120	38800.164380	7209.880325	19503.204710
69420.000000	15093.175600	38741.411680	7237.282344	19678.671910
69480.000000	15230.157230	38891.798490	7197.620773	19612.705660
69540.000000	15259.525180	38893.040940	7158.722748	19588.573430
69600.000000	15230.951250	38777.678610	7246.227165	19613.628660
69660.000000	15147.338940	38794.652950	7257.423678	19367.285840
69720.000000	15109.941990	39092.271540	7177.136907	19600.942220
69780.000000	15181.145110	38754.560390	7193.738672	19505.905450
69840.000000	15109.758860	38989.434320	7260.862810	19613.733460
69900.000000	15249.331730	38782.492050	7204.340615	19668.047460
69960.000000	15279.820230	38944.192450	7268.893706	19710.219370
70020.000000	15099.716570	38946.420640	7274.806726	19616.878690
70080.000000	15267.393510	38965.366350	7120.953716	19722.696690
70140.000000	15082.687280	38728.952550	7161.969544	19684.012650
70200.000000	15128.598700	38917.382620	7230.357777	19614.425590
70260.000000	15162.224530	39043.971960	7134.034062	19602.368130
70320.000000	15080.159380	38832.239860	7250.435255	19620.920250
70380.000000	15065.171720	38966.357430	7235.117911	19755.777760
70440.000000	15115.178440	39031.771610	7100.039619	19874.321380
70500.000000	15194.607400	39103.826570	7248.837881	19650.235240
70560.000000	15000.556520	39054.484740	7231.594762	19641.771700
70620.000000	15186.728490	39034.304020	7230.130037	19741.993790
70680.000000	15019.648920	39079.743250	7232.637630	19606.424810
70740.000000	14943.126560	39020.104250	7171.171188	19570.805140
70800.000000	15051.539520	38942.502750	7175.009117	19758.536550
70860.000000	15247.430620	38824.396900	7312.048849	19775.959820
70920.000000	15072.536320	39002.054220	7160.770948	19847.417590
70980.000000	15104.460290	38907.071470	7215.824461	19903.013410
71040.000000	15211.237010	38943.661440	7260.712773	19655.040480
71100.000000	14948.284360	38985.413260	7243.472433	19635.254410
71160.000000	15140.649550	38729.581370	7210.410416	19717.881180
71220.000000	15195.922780	38890.218300	7215.862815	19638.059590
71280.000000	15160.892680	39212.809260	7302.146925	19624.414290
71340.000000	15232.062240	38857.218670	7152.352609	19838.603910
71400.000000	15202.983910	38845.308450	7308.164793	19862.380700
71460.000000	15116.260010	39079.898820	7206.117051	19690.196100
71520.000000	15310.375970	38863.527230	7225.764616	19899.140830
71580.000000	15143.494170	39055.989340	7235.902232	19901.051500
71640.000000	15154.024430	38850.948260	7268.873247	19757.254180
71700.000000	15160.365440	38977.947610	7334.751441	19979.818270
71760.000000	15170.674780	39048.955670	7236.352477	19765.311860
71820.000000	15090.684230	39122.144110	7315.773415	19816.094260
71880.000000	15261.607820	38779.351750	7276.637759	19873.765060
71940.000000	15133.072500	38913.842670	7247.365649	19983.569370
72000.000000	15183.174910	39153.648040	7313.431367	19797.012580
72060.000000	15291.836470	38895.415010	7249.687562	19785.737270
72120.000000	15031.989830	38922.445680	7206.728276	19814.964230
72180.000000	15149.310540	39124.371780	7260.559261	20001.553810
72240.000000	15062.175780	39124.819960	7430.434772	19820.361440
72300.000000	15210.396440	38828.919310	7276.742379	19885.498940
72360.000000	15185.389250	38780.927450	7228.584015	19919.928780
72420.000000	15086.178670	39138.647350	7226.213383	19747.702840
72480.000000	14959.881340	39309.280060	7270.654481	19868.189150
72540.000000	15139.972670	39174.527540	7175.224641	19838.708320
72600.000000	15056.911150	39240.934450	7356.465895	19805.994730
72660.000000	15175.545920	39066.576150	7276.163833	19957.489910
72720.000000	14976.416150	39002.823360	7327.909063	19891.020540
72780.000000	15032.029090	39190.857590	7251.610517	19994.416590
72840.000000	15132.189180	39104.635080	7265.789444	19835.703330
72900.000000	15027.314070	39486.862560	7339.605226	19775.988060
72960.000000	15122.972460	39146.343690	7300.236743	19879.131360
73020.000000	15034.439960	39257.056450	7273.936008	19824.905010
73080.000000	15142.995290	39018.725120	7245.285144	19820.255300
73140.000000	15170.734710	39305.184920	7291.140144	19913.872490
73200.000000	15153.617640	39309.538230	7320.389980	20049.789460
73260.000000	15059.378330	39209.858240	7333.371259	19997.915710
73320.000000	15388.383870	39119.884540	7318.163833	19785.099900
73380.000000	15125.675020	39034.713290	7372.917877	19914.363650
73440.000000	15199.346900	38968.319010	7232.391447	20212.492470
73500.000000	15104.072280	39325.374570	7201.849831	19850.240740
73560.000000	15233.023160	39291.508060	7391.768405	20154.860250
73620.000000	15063.397610	39308.804550	7308.928440	19980.018110
73680.000000	15244.418230	39438.519860	7180.637668	19974.065610
73740.000000	15178.257090	39310.607940	7319.139545	20060.117690
73800.000000	15056.223490	39137.219530	7183.111831	20097.645720
73860.000000	15058.655450	39373.672440	7386.955465	20187.538390
73920.000000	15183.502540	39299.980200	7385.378082	20114.108750
73980.000000	15075.402720	39496.311170	7349.567268	20109.970270
74040.000000	15040.941130	39351.863750	7348.016592	19924.984550
74100.000000	15193.724660	39273.125380	7279.718195	19927.812940
74160.000000	15012.798190	39172.884960	7260.083007	20001.074220
74220.000000	15201.639050	39514.573540	7378.984376	20162.763770
74280.000000	15073.458820	39622.702300	7348.263539	19990.169690
74340.000000	15055.231320	39360.137360	7335.503426	20117.591140
74400.000000	15111.882550	39099.507250	7350.344629	19879.497250
74460.000000	15198.576360	39403.623850	7270.735267	20124.981530
74520.000000	15128.997780	39563.679960	7326.603788	20253.891210
74580.000000	15072.371340	39278.160830	7508.100698	20326.880870
74640.000000	15163.446780	39338.686180	7291.279083	20023.527980
74700.000000	15263.930030	39034.328180	7479.450072	20201.789090
74760.000000	15217.458330	39228.343880	7416.834509	20193.970490
74820.000000	15117.419570	39176.657840	7384.516595	20019.204620
74880.000000	15122.946630	39450.804080	7380.034151	20233.599820
74940.000000	15143.919330	39582.620130	7398.725881	19997.738840
75000.000000	15098.326260	39266.647510	7343.164709	20088.528250
75060.000000	15192.017230	39451.433130	7335.791347	20179.068700
75120.000000	15132.309070	39494.710930	7401.372169	20133.110160
75180.000000	15073.069950	39372.942690	7316.892044	20079.662740
75240.000000	15401.648120	39433.968520	7413.897625	20140.881060
75300.000000	15096.943080	39486.866440	7410.628908	20258.373210
75360.000000	15070.476480	39474.698100	7298.519977	20288.124720
75420.000000	15108.569200	39500.605390	7351.161863	20333.936020
75480.000000	15178.000840	39553.069280	7372.164646	20331.778440
75540.000000	15196.501410	39480.265710	7482.045195	20202.530250
75600.000000	15271.092740	39394.803520	7381.878032	20132.823470
75660.000000	15095.355320	39469.495870	7443.102577	20260.295800
75720.000000	15106.086190	39462.181100	7387.505885	20369.420070
75780.000000	15289.204420	39293.010990	7411.529514	20092.495720
75840.000000	15261.108060	39543.531620	7386.074608	20235.894370
75900.000000	15114.633110	39660.668280	7361.952294	20224.521550
75960.000000	15213.282560	39436.448400	7404.530139	20203.944100
76020.000000	15185.629950	39707.637190	7448.362175	20225.135980
76080.000000	15021.444150	39323.193380	7340.821233	20254.728060
76140.000000	15254.498800	39479.143350	7415.417600	20199.927340
76200.000000	15286.748590	39138.981740	7378.211242	20400.599560
76260.000000	15183.063760	39449.635760	7365.293159	20017.362670
76320.000000	15112.788010	39623.616870	7384.129306	20395.557920
76380.000000	15142.383180	39624.627220	7527.614647	20363.967840
76440.000000	15229.289650	39415.915640	7445.900803	20252.490990
76500.000000	15028.117530	39522.903340	7474.340235	20282.006960
76560.000000	15199.770290	39302.533300	7542.738729	20115.142340
76620.000000	15068.763820	39324.472370	7399.691993	20275.927510
76680.000000	15238.589470	39580.160750	7387.735962	20262.618860
76740.000000	15205.441970	39213.202910	7424.464480	20414.344190
76800.000000	15218.106820	39595.877560	7340.845601	20347.737290
76860.000000	15224.139280	39561.681080	7479.408063	20102.005700
76920.000000	15195.050110	39335.536830	7537.240712	20328.689500
76980.000000	14998.186550	39452.389940	7383.907421	20313.361710
77040.000000	15211.505030	39515.701020	7410.802571	20247.996020
77100.000000	15111.553170	39470.715290	7500.334795	20472.407760
77160.000000	15113.587200	39546.761460	7385.882408	20291.934480
77220.000000	15152.053180	39496.574630	7453.000884	20344.371380
77280.000000	15119.816090	39655.819360	7475.470018	20518.598340
77340.000000	15167.155210	39460.920780	7318.333732	20266.802530
77400.000000	15171.304520	39728.409960	7474.207043	20355.753400
77460.000000	15084.055630	39641.619000	7431.887231	20525.879460
77520.000000	14984.583360	39637.816240	7514.249429	20355.249970
77580.000000	15392.174140	39327.568140	7515.023968	20396.912900
77640.000000	15081.438550	39422.361340	7491.102562	20324.121720
77700.000000	15125.135000	39781.633930	7471.635803	20171.277910
77760.000000	15094.087550	39527.514870	7387.999359	20400.781880
77820.000000	15174.611810	39668.226320	7416.233415	20264.871700
77880.000000	15174.862750	39655.763060	7476.317516	20263.700630
77940.000000	15178.843100	39679.924010	7477.186798	20437.404290
78000.000000	15113.576140	39573.750720	7460.563690	20394.762960
78060.000000	15244.453600	39463.281800	7516.101089	20337.696090
78120.000000	15375.054320	39576.800310	7610.677287	20447.152950
78180.000000	15404.798490	39900.385800	7563.471876	20382.929350
78240.000000	15199.414640	39611.919850	7531.693638	20266.762850
78300.000000	15159.006390	39788.571400	7324.335536	20656.007730
78360.000000	15170.470570	39725.029050	7450.746826	20442.262330
78420.000000	15132.467490	39776.426620	7562.127831	20519.810890
78480.000000	15188.209760	39859.717870	7600.898160	20412.625440
78540.000000	15185.207860	39832.610330	7483.896301	20346.832800
78600.000000	15170.584990	39706.404860	7346.275881	20353.247140
78660.000000	15148.454290	39594.442440	7322.247122	20540.007880
78720.000000	15003.683690	39746.370300	7483.989388	20593.885610
78780.000000	15091.789040	39695.798810	7530.339225	20614.564850
78840.000000	15282.627000	39760.206180	7519.607843	20405.047400
78900.000000	15241.331200	39780.760900	7479.354012	20352.291790
78960.000000	15213.441480	39480.504920	7479.873732	20341.729850
79020.000000	15190.307270	39706.095100	7532.453108	20348.958010
79080.000000	15207.164230	39658.167120	7538.625292	20594.936840
79140.000000	14994.303090	39598.467050	7538.374119	20499.053730
79200.000000	15250.428660	39836.493950	7632.971035	20513.139050
79260.000000	15162.279620	39942.113830	7516.333769	20553.089570
79320.000000	15127.745410	39883.453380	7541.985432	20405.894940
79380.000000	15200.711420	39758.338810	7525.985293	20440.973710
79440.000000	15185.108520	39823.660240	7535.764809	20514.939880
79500.000000	15227.222530	39832.632000	7491.237303	20546.386520
79560.000000	15086.380830	39986.672510	7511.539077	20451.587710
79620.000000	15164.862150	39740.985690	7415.120255	20587.067570
79680.000000	15103.083350	39898.484030	7467.316775	20683.043580
79740.000000	15209.790540	39730.778640	7525.946146	20394.791490
79800.000000	15328.904960	39591.678170	7626.508131	20470.298780
79860.000000	15042.118770	39804.405400	7509.410681	20473.095190
79920.000000	15162.483180	39916.921550	7540.003805	20590.543060
79980.000000	15023.090180	40026.661410	7536.517036	20485.204900
80040.000000	15376.378670	39373.253890	7483.516114	20637.359450
80100.000000	15107.053180	39805.080140	7478.788552	20562.957460
80160.000000	15118.942750	39728.115360	7483.153568	20493.778050
80220.000000	15311.305300	39799.504780	7521.138030	20598.322440
80280.000000	15248.952090	40130.105730	7525.534817	20747.905590
80340.000000	15250.080680	39671.513270	7491.200153	20583.264050
80400.000000	15129.194570	39815.246640	7522.157787	20617.771590
80460.000000	15160.352310	39766.392310	7559.530485	20541.234410
80520.000000	15026.079810	39898.231570	7542.110193	20477.010380
80580.000000	15154.666500	39698.637130	7511.940723	20592.012170
80640.000000	15085.288440	39762.594070	7428.135477	20569.192720
80700.000000	15055.726930	39666.188270	7503.211423	20543.074630
80760.000000	15035.387280	39887.212980	7495.026614	20596.234600
80820.000000	15115.890360	39680.899320	7616.952583	20585.754420
80880.000000	15189.934900	39869.399550	7572.250960	20697.052690
80940.000000	15188.615390	40039.973600	7583.750588	20752.115770
81000.000000	15200.710730	39886.690110	7470.875653	20616.618270
81060.000000	15237.657890	39674.862310	7545.576263	20612.737560
81120.000000	15292.552880	40088.289600	7674.187683	20775.206570
81180.000000	15276.197940	39659.570090	7656.444658	20584.418530
81240.000000	15219.830290	39854.563900	7566.404863	20743.195700
81300.000000	15213.228030	39787.551420	7557.283309	20730.826310
81360.000000	15166.877790	39885.807810	7579.757852	20667.768990
81420.000000	15153.783950	39859.372140	7569.110285	20529.011990
81480.000000	15210.417170	40108.971220	7561.924105	21015.706110
81540.000000	15141.956130	39884.744490	7642.610476	20728.507490
81600.000000	15118.223930	39788.201680	7716.136036	20908.067390
81660.000000	15126.768690	39982.075520	7595.145170	20738.346490
81720.000000	15283.672270	40004.340770	7629.176034	20579.504560
81780.000000	15191.298700	39916.478880	7535.870022	20824.404700
81840.000000	15367.681040	39932.409770	7582.523332	20829.503260
81900.000000	15194.992740	39794.025430	7629.159554	20736.674260
81960.000000	15029.692730	39927.491320	7707.565352	20668.421160
82020.000000	15123.484520	40005.764840	7541.569834	20772.574480
82390.800000	15439.904600	57974.609950	23083.480760	23509.968660
82434.800000	15504.641610	58785.740230	24527.013760	24476.257210
82478.800000	15629.342200	59345.714340	25481.710130	24883.929300
82522.800000	15445.900500	59564.849650	26192.258390	25393.534290
82566.800000	15481.320530	59640.331170	26429.659260	25774.050450
82610.800000	15661.132050	59957.354520	26729.320940	25580.976820
82654.800000	15747.461000	60085.419810	26783.854200	25861.183100
82698.800000	15585.362090	60343.123160	26891.581990	25725.444730
82742.800000	15587.451490	60328.969330	26950.877220	26018.800710
82786.800000	15619.986920	60251.569450	27079.191480	26068.209190
82830.800000	15595.767000	60563.380280	27085.646740	25908.095910
82874.800000	15677.448100	60306.272160	27159.267690	25809.441590
82918.800000	15535.136840	60482.699280	27206.130170	26216.236330
82962.800000	15539.611170	60288.124570	27192.780150	26317.474850
83006.800000	15643.427860	60481.004180	27212.335260	25944.050610
83050.800000	15725.913770	60509.504970	27324.761760	26151.405830
83094.800000	15585.443850	60553.563590	27104.462750	25898.316390
83138.800000	15660.804060	60572.952610	27229.370810	25971.056400
83182.800000	15694.246110	60816.273440	27218.178340	26168.660890
83226.800000	15653.854610	60397.891630	27326.900610	26169.878410
83280.000000	15724.206770	60453.025530	27273.787190	26143.543000
83340.000000	15805.484780	60587.932690	27403.192120	25996.300890
83400.000000	15681.266680	60621.982210	27398.876850	26135.708080
83460.000000	15843.299990	60846.578190	27317.079570	26125.243750
83520.000000	15656.625230	60275.868070	27362.693800	26352.387200
83580.000000	15540.942450	60835.300000	27432.283450	26211.504050
83640.000000	15717.675660	60594.579300	27434.164560	26225.161840
83700.000000	15702.781690	60353.404290	27461.165600	26193.436310
83760.000000	15770.500880	60953.952280	27481.458860	26116.502990
83820.000000	15728.170440	60772.003120	27540.841710	26284.686360
83880.000000	15650.380990	60524.993310	27457.224680	26248.678990
83940.000000	15717.882950	60490.930020	27493.218030	26468.530780
84000.000000	15790.319400	60642.887950	27295.014850	26444.093900
84060.000000	15736.313110	60689.682960	27472.717910	26278.281010
84120.000000	15667.567920	60791.333730	27488.305710	26136.808060
84180.000000	15581.949430	60924.958020	27415.023130	25936.112390
84240.000000	15769.247160	60689.222950	27336.099340	26242.200310
84300.000000	15716.267390	61125.600600	27553.412560	26305.267100
84360.000000	15788.040590	60803.377270	27460.514880	26229.999700
84420.000000	15780.814940	61105.865250	27568.328900	26467.137470
84480.000000	15776.995880	60801.606280	27590.256860	26098.561430
84540.000000	15601.927390	60806.181290	27472.830530	26274.484320
84600.000000	15849.955440	60638.185440	27471.651170	26278.081160
84660.000000	15740.221310	61033.849950	27615.819460	26209.486440
84720.000000	15765.841520	60774.797020	27243.958990	26291.850570
84780.000000	15766.139570	60297.308970	27792.622270	26182.042130
84840.000000	15703.174200	61076.495770	27498.325150	26357.104680
84900.000000	15670.485840	60880.251950	27590.940100	26434.679520
84960.000000	15871.942550	61189.486410	27697.953750	26222.512100
85020.000000	15719.320710	61006.842460	27655.287990	26377.913260
85080.000000	15740.233670	61290.707730	27309.662190	26158.178440
85140.000000	15637.808240	60818.206300	27656.680520	26263.415690
85200.000000	15678.944060	60808.459660	27385.873120	26365.176830
85260.000000	15755.996690	60976.144860	27626.583530	26565.862630
85320.000000	15690.272090	61038.089480	27858.656980	26196.762870
85380.000000	15615.083070	61380.223450	27493.677230	26273.534800
85440.000000	15671.797340	61349.670350	27669.603090	26477.342020
85500.000000	15716.988770	60980.202120	27908.350670	26442.575880
85560.000000	15767.711500	60681.462550	27701.037750	26602.817660
85620.000000	15682.332340	61087.994650	27534.757160	26355.318670
85680.000000	15744.852830	61142.299410	27818.275100	26432.857290
85740.000000	15772.508290	61010.796940	27607.864750	26462.531500
85800.000000	15867.266150	61075.445010	27520.848420	26267.601420
85860.000000	15814.222010	61114.728610	27681.896960	26492.814190
85920.000000	15672.571530	61026.858360	27912.954620	26631.438930
85980.000000	15723.122050	60996.346060	27444.540810	26518.030330
86040.000000	15809.375130	60889.594920	27723.404270	26313.466400
86100.000000	15612.199430	61011.698370	27603.374220	26391.360920
86160.000000	15821.261120	60919.480570	27781.258880	26530.331670
86220.000000	15717.808420	61159.792000	27793.007480	26431.604890
86280.000000	15761.935940	60900.977990	27712.300230	26256.768580
86340.000000	15790.233890	61399.522360	27780.609360	26487.102080
86400.000000	15777.205570	61207.363270	27418.298410	26477.067970
