0.000000	22501.015390	9588.233106	6852.707224	2877.778191
60.000000	22683.734580	9543.550615	6833.524655	2948.959182
120.000000	22660.722360	9669.665363	6889.524498	2852.078854
180.000000	22697.771530	9577.212503	6864.365561	2913.076494
240.100000	22776.673160	9764.756484	6933.616808	2798.018313
300.000000	22557.620090	9643.421299	6942.980210	2834.903864
641.900000	158128.909300	51540.684200	13665.295840	2792.253828
685.900000	177358.756600	61911.189080	17166.929910	2865.826370
729.900000	193681.788600	70821.679740	20154.785180	2791.030064
773.900000	207994.265300	78040.035850	22902.362110	2811.308214
817.900000	220756.319700	84538.935260	25550.665830	2862.196896
861.900000	231224.942700	89932.849580	27990.066800	2815.616161
905.900000	240966.030700	94730.851010	30077.844310	2800.194832
949.900000	250630.516500	98754.428490	32059.023660	2826.438261
993.900000	258064.398600	102442.215800	33956.806670	2829.986295
1037.900000	264079.245100	105625.227200	35645.829340	2787.841655
1081.900000	270395.160500	107904.403800	37425.386330	2867.976294
1125.900000	275623.317000	110581.719500	39074.337310	2901.417944
1169.900000	280863.832600	112704.942600	40643.319950	2814.112252
1213.900000	286143.556300	114752.491700	41857.377450	2829.074161
1257.900000	289471.625600	116859.732800	43119.724090	2828.918506
1301.900000	294866.943200	117978.065400	45018.658910	2715.047606
1345.900000	297607.877300	119390.649800	45858.179500	2891.359286
1389.900000	301059.465800	121160.709600	46846.084260	2731.494269
1440.000000	303245.156000	122183.728200	48592.384490	2816.829687
1500.000000	307536.031900	123629.542900	49614.276720	2761.419485
1560.000000	310880.099500	124495.695800	51071.491880	2716.615653
1620.000000	313147.285300	125410.458700	52195.049160	2842.899125
1680.000000	317338.771300	125667.856000	53167.105880	2689.909030
1740.000000	318523.040000	126570.761000	54513.742440	2852.591701
1800.000000	322008.383000	127595.081200	55638.232880	2821.591280
1860.000000	323336.945500	127997.185300	56471.431180	2882.513910
1920.000000	324279.231700	128944.814900	57355.452300	2765.544118
1980.000000	326588.244300	128739.817900	58123.873850	2824.889511
2040.000000	328630.326900	129449.947200	59083.169130	2775.319473
2100.000000	330109.483500	130115.135600	59758.224580	2790.196232
2160.000000	330925.857500	129902.453100	60307.927100	2767.718774
2220.000000	331711.192900	130372.909500	61131.012020	2818.568057
2280.000000	334102.154800	130609.236000	61231.573050	2834.954901
2340.000000	335106.256000	130324.239100	62121.223920	2767.030948
2400.000000	334953.044600	130810.754100	62462.472130	2762.356352
2460.000000	336182.621900	130910.560000	63096.216670	2904.197323
2520.000000	338541.231900	130811.517400	63578.486300	2818.415586
2580.000000	337551.443300	131630.469700	64281.201120	2837.659538
2640.000000	338114.727500	131493.439100	64834.386760	2826.758667
2700.000000	339811.280300	131371.376200	64809.571790	2886.713090
2760.000000	339967.766400	131723.933300	65292.647250	2805.568157
2820.000000	341185.119600	132131.876400	65740.006070	2849.482217
2880.000000	340690.161300	132346.867400	65782.580410	2764.336440
2940.000000	341803.285500	132462.245900	66562.568300	2748.617773
3000.000000	342089.582300	132129.423700	66916.329130	2849.691257
3060.000000	342593.497400	132329.864800	66887.836130	2781.852103
3120.000000	343054.091500	132086.176300	67262.335850	2740.441216
3180.000000	342935.648600	133093.445100	68072.949660	2777.387055
3240.000000	343946.349300	132711.956300	67721.120390	2757.542934
3300.000000	343804.019100	132646.741400	68054.560510	2786.981923
3360.000000	344456.762500	132347.089000	67956.066040	2762.949998
3420.000000	343466.673000	132368.298800	68063.095730	2738.200647
3480.000000	344148.505000	132939.835000	68548.772280	2726.872862
3540.000000	344879.846700	132691.668100	68585.094010	2746.285912
3600.000000	344193.087200	132262.269900	68743.420060	2662.770133
3660.000000	344951.753200	133091.013000	68710.305560	2755.438454
3720.000000	346094.864300	133051.801700	68838.305160	2822.491502
3780.000000	344893.396200	133429.699900	69453.807390	2724.416617
3840.000000	345861.172600	132883.217400	69291.327130	2780.392621
3900.000000	346546.646100	133044.311000	69474.242240	2674.003889
3960.000000	346012.622200	133187.335600	69789.890870	2734.417377
4020.000000	346537.007800	133429.549100	69691.030340	2732.653573
4080.000000	345939.749600	133148.289800	69965.508640	2725.531920
4140.000000	346745.918000	133187.846800	69762.457880	2729.980576
4200.000000	347323.100200	133467.351400	69875.349210	2692.010557
4260.000000	347211.134300	133671.629600	70300.930050	2744.113137
4320.000000	346712.013900	133088.006800	70349.760700	2672.950500
4380.000000	347322.666600	132875.888200	70402.943440	2720.456059
4440.000000	347305.398500	133570.536900	70122.584450	2719.432098
4500.000000	348308.798200	133280.260800	70389.202380	2767.227460
4560.000000	348197.677700	134462.677000	70706.428400	2716.687224
4620.000000	347604.152700	133255.825400	70400.273330	2667.686094
4680.000000	348910.550300	133598.077000	70385.302350	2568.648361
4740.000000	348621.581800	133647.802000	70887.431540	2727.169425
4800.000000	348177.293700	134002.681800	70636.692590	2649.514646
4860.000000	348389.625100	133360.325900	70564.044900	2635.498847
4920.000000	348529.249400	133580.937400	70946.392980	2669.343283
4980.000000	348489.347500	133915.035000	70912.517260	2642.542963
5040.000000	348267.587300	134031.854800	71158.598560	2754.183410
5100.000000	349101.344500	133567.150600	70979.823670	2608.459464
5160.000000	349260.904600	133563.420700	71076.676870	2667.544219
5220.000000	348813.272900	134547.005200	70729.213630	2640.428836
5280.000000	349751.288300	133268.009700	70693.689840	2618.829518
5340.000000	348625.806600	133907.366300	70886.412040	2588.584569
5400.000000	350160.646500	134247.184200	71309.374080	2640.969192
5460.000000	350407.556900	134318.054100	70862.273670	2557.247651
5520.000000	350681.455100	134341.338300	71295.430260	2536.961030
5580.000000	350075.980300	133849.154300	70771.772530	2603.863877
5640.000000	349678.870700	133485.994300	70796.686500	2580.664982
5700.000000	348405.421300	134086.593700	71163.463130	2596.528419
5760.000000	348913.047900	134075.900000	70996.664260	2573.315132
5820.000000	348978.631600	133555.915400	71362.793130	2620.330422
5880.000000	350357.583700	133611.731800	70892.445060	2565.725181
5940.000000	348571.058400	133233.236600	71225.024340	2548.730394
6000.000000	349391.487000	133842.783900	71187.418650	2542.428250
6060.000000	347969.086500	133506.843900	70852.985130	2531.788578
6120.000000	348823.820300	134521.231000	71404.434220	2565.167107
6180.000000	349293.908300	133648.395100	72079.464570	2519.958397
6240.000000	351549.720100	134861.201900	71688.249970	2549.690275
6300.000000	350089.642900	133696.376600	71347.889270	2561.270814
6360.000000	348600.900200	133787.840300	71076.726630	2450.214369
6420.000000	349271.676600	133678.474000	71063.174110	2560.453905
6480.000000	349279.989300	133896.291600	71665.610450	2518.532384
6540.000000	351604.365700	134832.125100	71989.723380	2490.392880
6600.000000	351414.664600	134590.397500	71255.050620	2444.743552
6660.000000	350095.310900	134547.932100	71209.045260	2442.312782
6720.000000	350301.628800	134035.594100	71447.246700	2457.781535
6780.000000	349067.131700	134223.996500	71253.762570	2508.623236
6840.000000	349478.290200	133446.393400	71497.913580	2432.957989
6900.000000	349050.454300	133479.681500	71189.870390	2416.374971
6960.000000	350189.040000	133929.387700	71462.007020	2401.618672
7020.000000	348893.614200	134410.247200	71554.199490	2429.263928
7080.000000	349389.398200	134100.495100	71319.298500	2444.581787
7140.000000	349545.757300	134115.957800	71002.490820	2480.041807
7200.000000	349264.803600	133717.861500	70964.714660	2463.883025
7260.000000	349571.896400	133558.031200	71105.157830	2411.427198
7320.000000	350343.662000	133904.746600	71290.250440	2495.717689
7380.000000	350187.140200	134189.553600	71295.999900	2394.226203
7440.000000	350218.539700	133829.041000	71143.827670	2412.644299
7500.000000	350189.240200	134002.960700	71171.557020	2382.424426
7560.000000	349616.007700	133821.122700	71421.446930	2413.639392
7620.000000	350144.041700	134001.990200	71044.931770	2460.454653
7680.000000	349270.820000	134057.796600	71320.652660	2404.196123
7740.000000	350765.039600	134288.145300	71109.321080	2445.703821
7800.000000	350461.408100	133858.414000	71715.791100	2460.433802
7860.000000	350512.310500	133802.749700	71429.325490	2473.698103
7920.000000	349807.056400	133664.661700	71406.378540	2536.515474
7980.000000	349962.205600	133849.690700	71573.666750	2451.758794
8040.000000	350362.823400	133897.348500	71521.103680	2481.089746
8100.000000	350497.933600	133717.366000	71163.781690	2493.950543
8160.000000	350637.199000	134348.414000	71430.877430	2373.222859
8220.000000	349773.179700	134389.678200	71444.758320	2467.373954
8280.000000	350921.600500	133553.084400	71845.528020	2448.371032
8340.000000	349942.779500	133482.416500	71455.948300	2453.350135
8400.000000	350232.967100	133894.425900	71480.270290	2459.002682
8460.000000	349768.294500	133723.516700	71156.964740	2453.129694
8520.000000	350113.763500	133684.448400	71736.576880	2474.455351
8580.000000	350721.977600	134313.637800	71370.658030	2515.732224
8640.000000	350011.417700	133914.006000	71348.125620	2481.909844
8700.000000	349580.079300	133897.313100	71608.029320	2543.373326
8760.000000	350246.093700	134756.969400	71570.091130	2529.221873
8820.000000	349848.760500	133907.824100	71487.673630	2521.717907
8880.000000	350037.523300	133741.993100	71256.140790	2513.893171
8940.000000	350857.372300	133696.239400	71874.949190	2447.787985
9000.000000	350667.970300	134544.409200	71723.988140	2525.950534
9060.000000	350741.338400	134395.452300	71788.300630	2574.851063
9120.000000	350431.434800	133947.263600	71371.199380	2490.795497
9180.000000	350693.310300	133989.647700	71834.551640	2548.831743
9240.000000	350363.435500	134045.453400	71521.962320	2459.694722
9300.000000	349759.345800	134599.352600	71240.384840	2439.700384
9360.000000	351410.415600	134291.337500	71821.855630	2403.950752
9420.000000	350081.967200	133874.693100	71868.137380	2556.773376
9480.000000	350300.859700	134183.220300	71255.596970	2520.475017
9540.000000	349883.385000	133859.781100	71904.570150	2439.101525
9600.000000	350221.405000	134441.847400	71741.027040	2543.410985
9660.000000	350885.459900	133831.305900	71301.092430	2525.920905
9720.000000	350346.747300	133942.068000	71742.611120	2511.029205
9780.000000	351197.230100	134420.477500	71230.020310	2498.879036
9840.000000	350558.284400	134191.714200	71675.638460	2508.492292
9900.000000	350511.028500	134078.410000	71741.018460	2544.359575
9960.000000	350177.753300	134476.993200	71723.927060	2593.063005
10020.000000	350361.045400	134199.780700	71703.966980	2504.050217
10080.000000	350566.825700	133993.139900	71551.407280	2465.531075
10140.000000	351283.474900	134410.132900	71201.644270	2522.180290
10200.000000	350777.867100	134138.290800	71850.901520	2450.887570
10260.000000	350552.440900	133923.788100	71620.734050	2510.757274
10320.000000	351045.787100	134675.550400	72711.442420	2536.636327
10380.000000	350238.864500	134212.304700	71723.119140	2481.703908
10440.000000	350734.236900	134530.266800	71875.582320	2491.940483
10500.000000	351484.014200	134011.799900	71849.983910	2524.617980
10560.000000	350999.003500	134310.756400	71560.997130	2473.393412
10620.000000	350728.062300	134320.934100	71661.934960	2489.767462
10680.000000	351263.133800	133689.379800	72146.721500	2541.779699
10740.000000	350698.638300	133952.120000	71773.982390	2573.861318
10800.000000	350430.483000	134293.172900	71536.811210	2548.162909
10860.000000	351283.153000	134301.201100	72062.814040	2526.932185
10920.000000	350853.676000	134670.427900	71795.885460	2473.664735
10980.000000	350815.657700	134040.436700	71487.709100	2514.742887
11040.000000	351942.956800	134940.137300	71834.877210	2484.626663
11100.000000	350040.579500	133970.150400	71798.255900	2435.939235
11160.000000	350928.096100	134287.992400	71894.061290	2507.415080
11220.000000	350600.538900	133872.862500	71996.909410	2463.678443
11280.000000	350917.776400	134834.561900	72061.598350	2477.298319
11340.000000	350490.437800	134751.593600	72058.630560	2516.720429
11400.000000	351069.112400	134781.445300	71730.310460	2535.305628
11460.000000	352023.709100	134321.271100	72041.110590	2433.039803
11520.000000	350799.227200	133865.324700	72198.930170	2539.296360
11580.000000	351704.919400	134729.361700	71956.544320	2502.231838
11640.000000	352222.554400	133841.876600	71701.511990	2510.819872
11700.000000	351197.794300	134400.769200	72014.197310	2522.842475
11760.000000	352793.002400	134377.414700	71939.743150	2524.629461
11820.000000	350754.184000	133944.902000	71559.878560	2501.072479
11880.000000	350986.349700	134923.478700	71963.200110	2528.124610
11940.000000	352538.814500	134765.961600	71740.788060	2515.491052
12000.000000	350809.037400	134166.145300	71732.375910	2483.632249
12060.000000	351088.125500	134676.648600	71961.978140	2475.933451
12120.000000	351634.744800	133955.418100	72170.932380	2482.059086
12180.000000	352318.519700	134229.943500	72263.749450	2502.858969
12240.000000	351464.536900	134070.114200	71567.346820	2443.843997
12300.000000	350534.829200	134590.742000	72411.457310	2436.873887
12360.000000	352517.025700	134885.131500	72010.010070	2565.749589
12420.000000	353207.228200	134632.247400	71863.511270	2403.828790
12480.000000	352006.873300	134399.724100	72304.957140	2414.147711
12540.000000	351862.358800	134268.183000	72265.944620	2509.495808
12600.000000	352539.195100	134683.211900	72152.994210	2463.298854
12660.000000	351829.727100	134640.421800	72525.769790	2478.989212
12720.000000	352049.417100	134067.631700	71699.637660	2557.526257
12780.000000	353107.906700	134645.456400	71839.030210	2405.587890
12840.000000	351437.533000	134360.016500	71489.514320	2475.140041
12900.000000	352820.911000	134698.607800	72113.781250	2402.787399
12960.000000	351633.370100	134340.762800	71904.315850	2430.222225
13020.000000	351980.195700	134497.301700	71939.644810	2459.192357
13080.000000	351607.153800	134733.051300	72217.381970	2452.009238
13140.000000	352128.596600	134539.562600	72352.569450	2472.365402
13200.000000	352194.566400	134318.485000	72028.550420	2398.983182
13260.000000	352242.601700	134755.761600	72446.995580	2460.812771
13320.000000	352609.218600	134226.506200	72333.595830	2400.161251
13380.000000	352595.895700	134770.189700	72244.134600	2380.171650
13440.000000	352786.209400	134345.838500	72072.761220	2393.084255
13500.000000	353230.009400	134768.101300	72176.401520	2433.270569
13560.000000	351392.294400	134739.814100	72033.091470	2364.261495
13620.000000	352401.560100	134287.637900	72287.618590	2457.270424
13680.000000	353099.433600	134996.489100	72044.149990	2409.754438
13740.000000	352821.051800	135397.372900	72231.960120	2363.705874
13800.000000	351797.965100	134564.742600	71900.433450	2411.349466
13860.000000	352338.705300	135092.341300	72183.253950	2355.413680
13920.000000	353093.213700	134675.224800	71998.800780	2401.739123
13980.000000	352916.166800	135003.595700	72070.908110	2391.599705
14040.000000	352053.420000	134766.724300	72162.083870	2373.273417
14100.000000	352486.899900	134869.213200	72440.240120	2403.645725
14160.000000	353237.889100	134395.859700	72196.581150	2419.812569
14220.000000	352385.812800	135114.114500	71605.215020	2385.423305
14280.000000	352508.487200	135065.467100	71886.344400	2350.629271
14340.000000	352106.895700	135178.836000	71900.528560	2318.048572
14400.000000	352840.400900	134144.898700	72195.763000	2436.370785
14460.000000	352466.844200	135262.507400	72319.829940	2457.023977
14520.000000	352590.331600	134333.875200	71961.994250	2375.748900
14580.000000	352472.636300	134813.588400	72017.077470	2439.988156
14640.000000	352539.217200	134885.257400	72629.336590	2395.818283
14700.000000	352038.390800	135045.545700	72330.663900	2386.807352
14760.000000	352991.408900	134651.601200	72410.264980	2384.244688
14820.000000	352439.256100	134674.689900	72555.809570	2393.617847
14880.000000	353205.349700	134788.790700	72072.900280	2400.936205
14940.000000	352375.512400	134723.553400	72146.072510	2374.534985
15000.000000	352730.499100	134463.873000	72641.747840	2439.870197
15060.000000	353318.473200	134759.994200	72195.272780	2367.439665
15120.000000	353679.991900	135792.320100	72260.637730	2366.100569
15180.000000	353532.118000	135159.982100	71719.309420	2425.820698
15240.000000	352461.330700	135008.917600	72386.427750	2404.195474
15300.000000	353711.318300	135139.711500	72354.081020	2394.313196
15360.000000	352970.892800	135143.010500	72546.242200	2404.543201
15420.000000	353335.964000	134890.159500	72370.589240	2422.847420
15480.000000	353424.474600	135290.389900	72108.349700	2499.851107
15540.000000	353010.198800	134714.223200	72510.974460	2387.756530
15600.000000	353330.519700	135229.053400	72330.093320	2430.493529
15660.000000	353619.952400	135424.738000	72230.091380	2487.631546
15720.000000	353501.535200	135146.058600	72642.086910	2426.180624
15780.000000	353167.586600	135475.511700	72372.909960	2367.520320
15840.000000	354518.565300	135479.224100	72425.616450	2415.457688
15900.000000	352978.762800	134668.706400	72395.843860	2440.619029
15960.000000	353093.527700	135123.870300	72263.871180	2435.943048
16020.000000	353085.088500	135253.542400	72048.422950	2398.281419
16080.000000	353851.204200	134957.496900	72205.457060	2373.467114
16140.000000	352472.880700	134970.649800	72355.019930	2462.438646
16200.000000	353638.152000	135188.200800	72412.700010	2415.287789
16260.000000	353301.630500	134858.667200	72275.318580	2432.678218
16320.000000	353980.257800	135239.590000	72539.997430	2419.591181
16380.000000	353499.922300	135142.260600	72688.974660	2471.780677
16440.000000	354424.536000	135148.777600	72807.860430	2526.993474
16500.000000	353807.352600	134960.284600	72803.173700	2482.739592
16560.000000	354343.284300	134999.359500	72535.369410	2453.361494
16620.000000	353837.885700	135425.751200	72480.131840	2407.230305
16680.000000	353157.122300	134812.785700	72711.220970	2472.636945
16740.000000	354053.977100	135729.862000	72445.543190	2487.815651
16800.000000	353791.608600	134796.943200	72822.408520	2459.199063
16860.000000	354447.687400	135190.998700	72502.597640	2478.130639
16920.000000	353018.747600	135455.035500	72561.833200	2449.941498
16980.000000	353383.482000	135758.872600	72730.451170	2504.506243
17040.000000	353997.874000	135116.360600	72811.922970	2440.786226
17100.000000	353888.706000	134816.378500	72421.162930	2469.891709
17160.000000	354019.976500	135248.936800	73024.776430	2465.910053
17220.000000	354201.508800	135732.927000	72827.079810	2501.305627
17280.000000	354313.820100	135124.490800	72548.579070	2524.865986
17340.000000	353574.273100	134853.009600	72773.263170	2494.697600
17400.000000	354319.922800	135484.674200	72777.460700	2467.269120
17460.000000	354154.477300	135653.344300	72409.392280	2447.375207
17520.000000	354245.995600	135477.781700	72571.677980	2405.883748
17580.000000	354514.333100	135207.894900	72722.335500	2486.385378
17640.000000	353735.529200	135535.582000	73160.975550	2475.974064
17700.000000	354106.372300	135617.221400	72660.556750	2394.997073
17760.000000	357021.165600	135495.404600	72830.293470	2414.259454
17820.000000	355128.042600	135629.553300	73030.334290	2385.364447
17880.000000	354845.410900	135212.713800	72623.859080	2391.133660
17940.000000	353196.813500	134823.877700	72438.657650	2497.086732
18000.000000	355056.565400	135628.451500	72766.267360	2375.641033
18060.000000	354926.191600	135511.086500	72943.935540	2404.813289
18120.000000	354913.456100	135231.582600	72602.542850	2387.014559
18180.000000	353222.469700	135240.488800	72414.210680	2505.644245
18240.000000	353586.868600	135135.315700	72677.903510	2424.779134
18300.000000	353976.330100	134930.270400	72597.062340	2423.568821
18360.000000	353053.463600	134898.836800	72980.809840	2411.970543
18420.000000	354048.000700	134996.633200	72562.107060	2444.774790
18480.000000	353984.067100	135107.250500	72768.733890	2469.476103
18540.000000	352689.040400	135078.266400	72498.964280	2405.710625
18600.000000	353009.003400	135283.575800	72616.429990	2380.713235
18660.000000	354270.688300	135568.900500	72658.420840	2470.029806
18720.000000	353893.613300	135323.606400	72237.187030	2459.623419
18780.000000	354620.109500	135261.831900	72547.375910	2447.559124
18840.000000	353756.088500	135523.393400	72640.051550	2365.368364
18900.000000	353499.093800	135108.401100	72390.193670	2450.757502
18960.000000	353525.147400	135049.133700	72471.944780	2460.752009
19020.000000	353756.434000	134873.118300	72683.476890	2496.829995
19080.000000	354408.964200	135350.595400	72807.602180	2424.530299
19140.000000	353222.943400	135080.862800	72486.368950	2387.199772
19200.000000	353949.352500	135425.178300	72771.805630	2396.189686
19260.000000	354185.475100	135065.523700	72634.188520	2441.146226
19320.000000	354790.343200	135611.893700	72609.007230	2480.089387
19380.000000	354108.016900	135431.532900	72491.105840	2406.708330
19440.000000	353908.028200	135529.074600	72774.505690	2461.277098
19500.000000	354330.798400	135099.350100	72386.969230	2446.158846
19560.000000	354148.024800	135149.578200	72666.444910	2369.314578
19620.000000	354751.211500	135388.829700	72524.345740	2457.939503
19680.000000	353751.780700	135476.716700	72618.987210	2480.378343
19740.000000	354362.900400	135338.131500	72742.358710	2395.949450
19800.000000	354699.912400	135386.932100	72765.588460	2414.462276
19860.000000	355550.280500	135722.314700	72728.055290	2370.317339
19920.000000	354386.751600	135779.553700	72950.526470	2442.095643
19980.000000	354674.322800	135729.708200	72724.921190	2378.191702
20040.000000	354578.673200	135421.068300	72845.814700	2406.416974
20100.000000	354644.433300	135912.607200	73065.298230	2395.512026
20160.000000	355463.444200	135619.414200	73187.598010	2478.775453
20220.000000	355219.727100	135772.835000	72886.559660	2481.607657
20280.000000	354382.859300	135866.416500	72939.565480	2442.829704
20340.000000	354878.353100	136187.877400	72582.263580	2445.637230
20400.000000	354542.750600	135339.774500	72705.194290	2399.576631
20460.000000	354632.906100	135890.890000	72693.850270	2341.350165
20520.000000	355902.201600	136053.958200	72966.072100	2409.736144
20580.000000	354961.788500	135521.196600	72871.464210	2431.864435
20640.000000	355016.617600	135780.484900	73068.621180	2360.609933
20700.000000	359277.769800	136458.550500	72967.837550	2386.541772
20760.000000	355111.821700	135372.323700	72563.089030	2337.633957
20820.000000	355437.301800	135775.483800	72822.553270	2385.223707
20880.000000	355470.399300	135846.938200	72797.560940	2404.101041
20940.000000	354282.213500	135383.533200	72806.193850	2370.179397
21000.000000	354739.366600	135669.763800	72732.072700	2344.686525
21060.000000	354944.183000	135498.502000	73347.104760	2378.845078
21120.000000	354945.374600	135731.209700	73367.557460	2362.846265
21180.000000	355060.204300	135570.943400	72876.851390	2415.336087
21240.000000	354070.676100	135753.060700	72791.104450	2333.507243
21300.000000	354885.125400	135421.978300	72714.865580	2395.875271
21360.000000	355597.506700	135478.807100	72929.674270	2441.000919
21420.000000	354739.834100	135395.682400	72929.434740	2366.454341
21480.000000	354875.540900	135605.562900	72904.294560	2331.079852
21540.000000	354534.720500	136278.556900	73030.733120	2436.075732
21600.000000	354884.799900	136069.577900	72890.557130	2296.960633
21660.000000	355489.744100	136114.618700	73016.870210	2353.080694
21720.000000	355245.366200	136184.959400	73009.118860	2288.798516
21780.000000	355737.680200	135623.230000	73156.506400	2353.468856
21840.000000	356163.308200	136207.648300	73069.189040	2428.521252
21900.000000	355132.359000	135656.641700	73035.988020	2399.622805
21960.000000	355401.309900	136076.697200	73053.622910	2353.894287
22020.000000	355295.371800	135887.867200	73412.311450	2381.731234
22080.000000	355980.707400	135820.315200	72991.784730	2355.352556
22140.000000	355427.723800	135633.364600	72975.906090	2390.717646
22200.000000	356062.001200	135959.350500	73201.922450	2373.995998
22260.000000	355022.461300	135618.928700	73297.780820	2448.121892
22320.000000	355578.009300	135462.783400	73096.607500	2365.043007
22380.000000	355393.319200	135604.792000	73395.547320	2394.243393
22440.000000	355773.445600	135769.466300	73010.776050	2444.947005
22500.000000	355825.414000	136104.260900	73366.406170	2438.541428
22560.000000	355574.182300	136166.603000	73189.775970	2405.891256
22620.000000	356737.748900	136507.299000	73417.293240	2418.916815
22680.000000	357840.300900	137532.188100	73326.345720	2443.231712
22740.000000	356625.131500	135984.025300	73060.889260	2405.572348
22800.000000	357069.290500	135833.006900	73289.989320	2340.639516
22860.000000	356093.262200	136548.929200	73210.693440	2421.644967
22920.000000	356323.536700	135888.117000	73321.091970	2387.332041
22980.000000	355727.325600	135779.798400	73125.797250	2411.239302
23040.000000	356144.160600	136304.530500	73113.132830	2384.247139
23100.000000	355861.709900	136018.724400	73209.216560	2424.446572
23160.000000	356196.816700	136225.308200	73410.706880	2348.105467
23220.000000	356012.597500	136008.133500	72842.925120	2440.211187
23280.000000	355560.811400	136030.545500	73363.078290	2360.679826
23340.000000	355543.130000	136043.846500	73011.063400	2390.404345
23400.000000	355750.395200	136476.681900	73292.385600	2461.695130
23460.000000	356348.056000	134902.972700	73235.266450	2315.234200
23520.000000	355229.651800	136168.397700	73422.703930	2398.387888
23580.000000	355817.915100	136124.578700	73503.005320	2419.981293
23640.000000	356382.127100	136046.692600	73321.579360	2390.517151
23700.000000	355717.948500	136074.586400	73341.084080	2406.451210
23760.000000	356431.830500	135991.120400	73371.034730	2494.765747
23820.000000	356577.731400	136252.832400	72938.745570	2400.632301
23880.000000	355463.313500	136092.715100	72996.827570	2444.813193
23940.000000	355934.405300	136228.518900	73516.974810	2431.311313
24000.000000	355569.529500	135475.896400	73443.486300	2383.916181
24060.000000	355210.280900	135967.972800	73072.290560	2435.616988
24120.000000	355195.702800	136035.738800	73139.882650	2439.549810
24180.000000	355723.141000	135751.139000	73003.678180	2435.011551
24240.000000	355867.550400	135845.218300	72996.730790	2394.313738
24300.000000	355454.230200	136363.753600	73385.633260	2441.921556
24360.000000	361296.818600	136858.391000	73648.978030	2359.351216
24420.000000	356250.779400	136177.270300	73396.016310	2398.402682
24480.000000	354609.111000	134723.461000	72424.028880	2421.593050
24540.000000	355982.877100	135294.418200	73298.572660	2376.573586
24600.000000	355495.263300	135422.755200	72970.383680	2344.813625
24660.000000	357215.282600	136598.695500	73268.382140	2432.746319
24720.000000	355698.107600	135829.770800	73253.413970	2409.542675
24780.000000	355234.798100	135891.625600	73462.933460	2406.706683
24840.000000	354754.086500	135854.693200	73229.894510	2402.463525
24900.000000	354248.238700	135290.964200	73096.914370	2392.308036
24960.000000	354982.054200	136149.924700	73310.012250	2380.008334
25020.000000	355946.556200	136063.225700	72999.533950	2434.566283
25080.000000	354873.189300	135157.440000	73166.581760	2379.679307
25140.000000	354174.303800	135058.565800	72941.423550	2400.746944
25200.000000	353979.423600	134937.151200	73023.075600	2391.567014
25260.000000	354094.917700	136073.944000	73080.648270	2445.539386
25320.000000	353503.519200	135365.838100	73343.873930	2343.402666
25380.000000	354877.572700	135564.904000	72944.349240	2411.209595
25440.000000	353174.691900	135855.362800	72943.060840	2390.533930
25500.000000	353606.632900	135574.927400	72678.423810	2332.169801
25560.000000	354454.370600	135255.071700	72993.548160	2440.824581
25620.000000	354631.500300	135510.647900	72882.096270	2405.559880
25680.000000	354356.943800	134997.696200	72790.187140	2451.036912
25740.000000	354501.003500	135197.839600	72964.877040	2383.141275
25800.000000	354546.816900	135371.435100	73062.400910	2360.887755
25860.000000	353712.172500	135088.415500	72963.129700	2419.822563
25920.000000	353810.213300	135634.494100	73049.727620	2347.151687
25980.000000	354956.832500	135238.944600	72872.106170	2340.097608
26040.000000	354395.872600	134668.976700	73004.637050	2423.829301
26100.000000	353685.371900	135276.123600	72771.172320	2370.361835
26160.000000	354378.187800	135845.207700	73034.634710	2380.619321
26220.000000	354622.059800	135560.256100	73147.863530	2494.300947
26280.000000	353213.224100	135537.834600	72973.402700	2305.582288
26340.000000	355345.803500	134978.665100	72846.829520	2412.242634
26400.000000	354624.782200	135641.327200	73054.863680	2452.616511
26460.000000	355272.812600	135285.010400	72821.434780	2425.738514
26520.000000	355155.241300	136016.115900	73153.852620	2355.332254
26580.000000	355452.480500	135300.886700	73306.002600	2377.215062
26640.000000	354531.487500	135469.800900	73165.329790	2407.415438
26700.000000	355034.422800	135546.894700	73068.525150	2406.962438
26760.000000	354716.996700	135357.668200	73472.726600	2469.770872
26820.000000	353675.208600	135926.198500	73532.323030	2412.221231
26880.000000	354669.946200	135184.187400	73217.736360	2407.654853
26940.000000	355362.520000	135298.650100	73525.637840	2400.613266
27000.000000	354398.681700	135362.373600	73136.315490	2383.193262
27060.000000	355171.564000	136081.374900	73220.460370	2471.207202
27120.000000	355611.364500	135871.813400	72802.379260	2458.391321
27180.000000	355648.937700	136022.582400	72891.102970	2472.332377
27240.000000	355818.203300	135635.604000	72986.216490	2409.121242
27300.000000	355144.921000	135972.878100	72998.721360	2340.156980
27360.000000	355237.931600	135765.835400	73452.880300	2426.503402
27420.000000	355554.393500	135537.316700	73352.659290	2389.103245
27480.000000	355096.465300	134940.500500	73245.113020	2371.534131
27540.000000	354668.634100	135892.901200	73138.385460	2479.547237
27600.000000	356465.001300	135584.154400	73270.922730	2454.862129
27660.000000	355317.994900	135646.321600	73309.221300	2355.177322
27720.000000	356007.296600	135737.738600	73306.752250	2375.911514
27780.000000	355825.449900	135990.928300	73601.551320	2432.759784
27840.000000	355892.976400	135580.400200	73222.507430	2415.272440
27900.000000	356673.871000	136227.696200	73338.614400	2393.953362
27960.000000	355260.605800	135495.354800	73365.432300	2441.683854
28020.000000	354889.753400	135780.881600	73844.419970	2417.380281
28080.000000	356606.473100	136393.666400	73928.767270	2394.522150
28140.000000	355515.865200	136224.801800	73189.286550	2471.679535
28200.000000	355809.645200	135411.602600	73373.316420	2433.507365
28260.000000	355914.146300	136269.006700	72981.021890	2439.268437
28320.000000	356150.507700	135841.887700	73213.650090	2389.943193
28380.000000	355574.093800	136174.202400	72927.570190	2387.383517
28440.000000	355557.404400	136365.237900	73322.868940	2396.175175
28500.000000	355999.320600	135365.491900	73216.300020	2398.092694
28560.000000	356041.006200	135675.035100	73019.914620	2352.494508
28620.000000	355058.599300	135712.064400	73113.524250	2350.685487
28680.000000	355789.859100	135948.623000	73552.388430	2373.046168
28740.000000	356116.785000	136319.529300	73343.756240	2356.230197
28800.000000	355302.321800	136098.635100	73059.769400	2349.475261
28860.000000	357006.762000	135464.242400	73282.821170	2360.324609
28920.000000	355850.215500	135778.571100	73331.548560	2314.826802
28980.000000	356670.513100	136152.489300	72694.927070	2399.050743
29040.000000	355896.031600	136321.584200	73273.960680	2347.976432
29100.000000	355922.624000	136165.805700	73518.416960	2349.362927
29160.000000	357293.734700	136276.227800	74067.199860	2281.009437
29220.000000	356657.863300	136264.136300	73549.881470	2376.740844
29280.000000	355843.585900	135668.150500	73393.184430	2380.367997
29340.000000	359821.403800	136236.266300	73327.945160	2252.602531
29400.000000	354996.354300	135566.707000	73251.752350	2312.287622
29460.000000	354907.283300	135321.494700	72700.975150	2304.897201
29520.000000	353660.224400	135375.840500	72532.514800	2319.384562
29580.000000	353556.282800	134991.121700	72590.247180	2259.377799
29640.000000	353338.929000	134402.531000	72846.483110	2317.186467
29700.000000	353636.607900	134994.460100	72965.843100	2323.474554
29760.000000	352832.342900	135070.406100	72824.537640	2290.100584
29820.000000	354665.310200	135662.526000	72648.708400	2271.822187
29880.000000	353573.413800	135168.752400	72707.109830	2259.008891
29940.000000	353044.237400	135534.471600	72951.975600	2316.539673
30000.000000	354299.207700	135192.399800	73073.957510	2355.784476
30060.000000	355465.382300	135549.910500	73216.190360	2354.901166
30120.000000	354583.021200	135535.547200	73102.260500	2291.175177
30180.000000	354443.770700	135526.532700	73042.702230	2299.327343
30240.000000	354744.147800	135392.495000	72999.241300	2349.459060
30300.000000	354335.400600	135417.732900	73122.426100	2298.165362
30360.000000	354245.918200	135343.178300	73151.050290	2327.089460
30420.000000	353999.911100	135205.205600	73092.369880	2274.198511
30480.000000	353848.427800	135204.850800	72916.187990	2279.662592
30540.000000	354559.495400	135651.127800	73587.550250	2319.656443
30600.000000	354758.702300	135585.028600	72885.772720	2336.346043
30660.000000	354700.611300	135421.355700	73012.461050	2318.989565
30720.000000	354733.429300	135223.586200	72812.476670	2315.140770
30780.000000	354530.218900	135419.319600	73451.633900	2265.937788
30840.000000	354528.948900	135380.616800	73081.759120	2258.637801
30900.000000	355587.689900	135736.536700	73224.577270	2268.873253
30960.000000	354267.474600	135902.814600	73114.368200	2316.831316
31020.000000	354810.593300	135858.425200	73141.267770	2379.723809
31080.000000	355054.324600	135822.678900	72927.235850	2237.850700
31140.000000	354203.363100	135327.332400	72881.731820	2329.065225
31200.000000	353866.026200	135152.375000	73304.232480	2317.381520
31260.000000	354609.303400	135329.151700	73002.126940	2274.541725
31320.000000	354542.573900	134932.129700	73060.229630	2317.891325
31380.000000	353965.959200	135277.855500	73506.008500	2319.267657
31440.000000	354100.955500	135743.021400	73312.156560	2339.905837
31500.000000	353825.420600	135116.484600	73067.945070	2372.883757
31560.000000	353968.944100	135546.081900	73451.457390	2438.167268
31620.000000	353513.097800	135207.734800	73074.414400	2366.630560
31680.000000	354579.931600	134540.639000	72940.102230	2382.269025
31740.000000	354092.555600	135155.032700	73276.082800	2431.124479
31800.000000	354208.469200	134968.151200	73003.569480	2396.753290
31860.000000	353546.004700	135359.333600	73069.592580	2356.925285
31920.000000	354070.300900	135713.769500	72838.707640	2403.038563
31980.000000	353972.359300	135496.941900	72912.958120	2332.540903
32040.000000	354504.046400	134985.298000	72964.524740	2353.798573
32100.000000	353365.318500	134960.814500	72862.958970	2401.368194
32160.000000	353102.885300	135538.956300	72907.573290	2396.631563
32220.000000	354483.475200	134966.003000	73070.340420	2354.250711
32280.000000	353650.424700	134833.345400	72895.455740	2396.303400
32340.000000	353707.051300	134735.452100	73082.745740	2376.744345
32400.000000	353569.909300	135387.651400	73299.675540	2374.111305
32460.000000	354097.022000	135443.707300	73313.690080	2375.218149
32520.000000	353821.486100	135425.308900	73057.594680	2317.189818
32580.000000	353754.985200	135251.518200	72776.866010	2408.216473
32640.000000	354034.588300	135534.720200	72859.904360	2391.239049
32700.000000	354301.902600	135250.893600	72988.053030	2380.381967
32760.000000	354212.533600	135486.176800	73051.526530	2311.929670
32820.000000	353749.481300	134949.881800	72744.831830	2411.426071
32880.000000	355014.649700	135236.858600	73067.490590	2374.828252
32940.000000	354235.729900	135423.632500	73284.944380	2422.115017
33000.000000	353650.235300	135457.785800	72797.980800	2457.873261
33060.000000	353633.263400	135608.079500	72854.077200	2395.447727
33120.000000	353918.292000	134828.151600	73037.478320	2327.717910
33180.000000	353307.441600	135053.270100	72645.563930	2390.406815
33240.000000	353994.325100	135385.148600	72812.058460	2352.776050
33300.000000	354853.237500	135005.789100	72897.226810	2445.081595
33360.000000	355143.801900	134859.600300	72422.887640	2399.708717
33420.000000	354433.408900	134871.463500	72795.008260	2355.449958
33480.000000	354348.205000	135145.764900	73133.348720	2307.523841
33540.000000	354026.285400	135894.175900	73205.385890	2311.778274
33600.000000	354010.762100	135189.655400	73452.252800	2328.743925
33660.000000	353872.328400	135455.931400	73306.589190	2393.770656
33720.000000	354148.731000	135727.774700	73227.086030	2380.542988
33780.000000	354266.074800	134550.214900	72891.709730	2423.944995
33840.000000	354587.434300	135079.501600	73370.035720	2410.464275
33900.000000	354416.250000	135050.347800	73036.692180	2334.150951
33960.000000	354557.588200	135772.849300	73039.509280	2320.160682
34020.000000	353965.016300	135103.100000	73413.452910	2403.367996
34080.000000	353991.260500	135817.143700	73096.817400	2356.721023
34140.000000	353562.505700	134497.675700	73218.773770	2300.343282
34200.000000	354640.745300	135197.720100	73224.005010	2420.684712
34260.000000	353832.999500	134709.502000	72521.483640	2373.448204
34320.000000	354187.377100	135129.261500	72949.012240	2389.259787
34380.000000	354982.385600	135460.075300	72860.403810	2424.223740
34440.000000	353527.322800	135269.887300	73096.314200	2441.243919
34500.000000	354444.570500	135470.726500	72888.784350	2386.371226
34560.000000	353933.425100	135630.227200	73378.262540	2384.451730
34620.000000	354307.682500	134665.798100	73022.374940	2377.148121
34680.000000	354110.635100	135388.404400	73214.884720	2389.402767
34740.000000	354787.678900	135895.558000	72637.792240	2382.236074
34800.000000	354365.719800	135147.827100	72909.480490	2387.467442
34860.000000	354349.589000	135668.186600	73317.657860	2386.206123
34920.000000	354287.229300	135223.478800	73233.278960	2377.320537
34980.000000	355098.900900	135169.153800	73235.608990	2400.751522
35040.000000	354475.453500	136083.649400	73627.749670	2313.483436
35100.000000	354467.788600	135748.092000	72891.190100	2389.096946
35160.000000	354997.584800	135238.541200	73132.187010	2399.215457
35220.000000	354580.766000	135196.358300	73007.310510	2368.054680
35280.000000	354518.390800	134881.009800	73744.042270	2373.160185
35340.000000	354644.653900	135183.763700	72858.749040	2341.418059
35400.000000	353850.198500	135472.899900	73706.970060	2350.685244
35460.000000	354663.205500	135507.712200	72897.203950	2414.685900
35520.000000	353890.588700	135564.472300	73235.070180	2306.509878
35580.000000	354901.633600	135355.677400	73266.591210	2362.991818
35640.000000	355297.430000	135544.491900	73317.134970	2322.457902
35700.000000	354922.903600	135286.047700	73353.893400	2316.515723
35760.000000	353226.560000	135615.735400	73289.006600	2291.299209
35820.000000	353792.800000	135143.493900	73017.159770	2353.098195
35880.000000	353732.722700	135123.988600	73198.995290	2350.012048
35940.000000	354870.641500	135043.844800	72597.946000	2340.518487
36000.000000	354139.797800	134933.974600	73309.334520	2372.451244
36060.000000	354986.486400	135774.805900	73375.491520	2299.356242
36120.000000	354406.161800	135521.321000	73148.070590	2309.588699
36180.000000	355290.716100	135405.439300	73200.745420	2370.674713
36240.000000	354209.793800	135457.956400	73379.251060	2376.620879
36300.000000	354636.128000	135916.806200	73179.943160	2306.172885
36360.000000	355610.403000	135076.640800	73273.638460	2352.164489
36420.000000	355350.853800	136010.121500	72976.544480	2322.385606
36480.000000	355174.440600	135509.754600	73509.485270	2306.013084
36540.000000	355147.627200	135701.984600	73477.443670	2270.178507
36600.000000	355290.536800	135860.763200	72908.658500	2325.562281
36660.000000	354841.048600	135476.652200	72702.023530	2364.566191
36720.000000	354481.134300	135951.304000	73339.176000	2325.071558
36780.000000	355050.699000	135420.161900	73442.518670	2357.008252
36840.000000	355250.996200	135700.481000	73127.673450	2313.090827
36900.000000	355344.630700	135622.836700	73080.610670	2244.039849
36960.000000	356107.115700	135455.483800	73754.623380	2325.677080
37020.000000	355365.132500	135270.503400	74055.613720	2345.501026
37080.000000	355929.886500	135564.279200	73233.457140	2314.172894
37140.000000	355940.508000	135828.096300	73743.182360	2360.464434
37200.000000	355212.144500	135978.298100	73132.729880	2340.311702
37260.000000	354304.712400	135578.112700	73433.873930	2370.690765
37320.000000	355000.829500	135498.569000	72940.322680	2398.440009
37380.000000	354745.880700	136229.961200	73820.699170	2261.707633
37440.000000	355421.255700	135670.283400	73422.649630	2308.953431
37500.000000	354629.405800	136078.653200	73222.969210	2323.345295
37560.000000	354267.576700	135512.410800	73542.052700	2308.678012
37620.000000	354753.885800	135730.737200	73226.598360	2347.373451
37680.000000	355131.103100	135653.917900	73020.255380	2342.204529
37740.000000	354357.204800	135177.201600	73661.435850	2347.821429
37800.000000	355140.741300	136101.263000	73498.142080	2371.601038
37860.000000	355330.238100	135311.977500	73456.488610	2367.753078
37920.000000	355216.224200	135719.320000	73507.194680	2353.316111
37980.000000	355823.979800	136199.974800	73441.775830	2334.615979
38040.000000	355428.501600	135003.820000	73594.410790	2300.405468
38100.000000	355075.996500	135530.076700	73104.828000	2336.310601
38160.000000	355138.299200	135956.804000	73198.109470	2391.791785
38220.000000	355373.261700	135326.537600	73093.243180	2304.539502
38280.000000	354872.139000	135317.095700	73302.124390	2310.690138
38340.000000	355633.355500	134923.713900	73198.955120	2379.837683
38400.000000	354011.387500	135491.906900	73229.258830	2394.563638
38460.000000	355811.586900	135124.456500	73494.687130	2398.848798
38520.000000	355340.048600	136035.212200	73204.320040	2366.069345
38580.000000	355776.246800	135340.476200	73640.129600	2352.377415
38640.000000	354814.996600	135575.048900	73396.516730	2340.941307
38700.000000	354465.467000	135636.916200	73782.671240	2340.992192
38760.000000	354939.608100	135737.204800	73241.713490	2398.006307
38820.000000	355462.600200	135536.515000	73629.011720	2338.926687
38880.000000	354293.211500	135025.922000	73344.748120	2413.154960
38940.000000	354845.945400	136057.961300	73108.909380	2393.185443
39000.000000	354397.079500	135692.273600	73237.431500	2369.645268
39060.000000	355128.218300	135458.461900	73584.303660	2369.991010
39120.000000	354404.167500	135589.121300	73272.716710	2382.111140
39180.000000	355985.179000	135941.972600	72921.270440	2341.940862
39240.000000	355792.917000	135876.033700	73521.239810	2409.084100
39300.000000	354666.685900	135765.325300	73526.229670	2339.351802
39360.000000	355480.783500	136545.659300	73672.924070	2374.696770
39420.000000	355166.712400	134924.679900	73563.764220	2347.704362
39480.000000	355271.049300	136465.997300	73409.395680	2387.428226
39540.000000	355334.907400	135091.816200	73524.990280	2259.200033
39600.000000	355493.072900	135437.244000	73306.192960	2300.620968
39660.000000	356796.805300	135540.551600	73081.025980	2343.346664
39720.000000	354284.017400	135810.564400	73183.471560	2341.697611
39780.000000	355329.842700	135502.212900	73672.533500	2370.406664
39840.000000	354641.754600	135281.129400	73276.527760	2369.110129
39900.000000	355692.245900	135609.578600	73222.281930	2328.994548
39960.000000	355895.793400	135527.161800	73184.516130	2321.268488
40020.000000	354381.827200	135865.642600	73337.714610	2338.628950
40080.000000	355422.708900	135731.341600	73271.527890	2317.971374
40140.000000	355546.239000	136118.694100	73411.411240	2357.379080
40200.000000	355202.001600	135522.148100	73363.900550	2301.048135
40260.000000	354975.873400	135236.357600	73377.248280	2361.350437
40320.000000	355400.998200	136134.369000	73571.778650	2316.160549
40380.000000	355748.554100	135766.844500	73413.260650	2376.804854
40440.000000	355582.716600	135785.824000	73434.317690	2327.097865
40500.000000	355781.225300	135318.377900	73584.930900	2349.442149
40560.000000	355661.806500	135460.218500	73690.476010	2278.753814
40620.000000	355743.376400	136247.019300	73327.709350	2305.841087
40680.000000	355071.445400	135836.087900	73509.312390	2310.161155
40740.000000	355997.242200	136004.680900	73966.786710	2247.448734
40800.000000	356225.147400	135782.354400	73545.810450	2350.583654
40860.000000	355241.689000	135684.587800	73685.903450	2286.830158
40920.000000	356156.194000	135852.578000	73454.925630	2337.582374
40980.000000	356042.449500	136116.952000	73545.678760	2262.656785
41040.000000	355660.103100	136022.123000	73429.231180	2363.122104
41100.000000	355431.365700	135351.855500	73462.481670	2275.654257
41160.000000	355904.381000	135864.975900	73364.234990	2277.829232
41220.000000	355892.647000	135111.246700	73467.444010	2339.479149
41280.000000	355157.952300	137346.718700	73729.151760	2295.920724
41340.000000	356619.589200	135576.198800	73450.155190	2339.760383
41400.000000	355646.105200	135967.079500	73133.442540	2298.334647
41460.000000	358062.317800	136289.463500	73472.736560	2297.282599
41520.000000	355879.772500	136559.177500	73648.822750	2265.853320
41580.000000	355441.190500	134850.141900	73320.690140	2259.362379
41640.000000	356087.534200	136057.280600	73801.646970	2377.830266
41700.000000	356394.903300	135624.661400	73245.344570	2286.572071
41760.000000	355300.395500	135957.853600	73497.402590	2355.938317
41820.000000	355438.964100	135978.635600	73417.199000	2311.138868
41880.000000	355811.805200	135658.584100	73384.896390	2273.448917
41940.000000	355049.105900	135396.954800	73926.276770	2269.762830
42000.000000	355606.630800	136062.586200	73314.240280	2259.037695
42060.000000	356509.586500	135729.809700	73248.781690	2284.848185
42120.000000	355486.154400	135120.553600	73333.264630	2283.965285
42180.000000	355551.591700	136193.671100	73600.178190	2315.213479
42240.000000	355485.398600	135442.623400	73262.417970	2322.187829
42300.000000	355894.382200	135623.333600	73840.327370	2338.596719
42360.000000	355730.081200	135977.319600	73080.635990	2324.968118
42420.000000	356547.818600	135663.927900	73819.233870	2286.222041
42480.000000	356084.569100	135669.393600	73961.370490	2276.790710
42540.000000	357136.981000	135807.920400	73478.940020	2269.860014
42600.000000	355379.061900	135242.506600	73523.718860	2291.667086
42660.000000	354884.617500	135879.785600	73880.501850	2184.103581
42720.000000	358527.991700	137190.739200	73997.230290	2274.074197
42780.000000	356223.985900	136526.069600	73352.647230	2160.346619
42840.000000	356050.815200	136095.674500	73002.799330	2277.281928
42900.000000	354047.380300	136046.144100	73736.826670	2220.556062
42960.000000	354794.938100	135554.012800	73226.215070	2371.918434
43020.000000	355016.574400	135547.211800	73641.397270	2263.228900
43080.000000	355646.208000	135337.208800	73447.966340	2320.576354
43140.000000	354719.943500	135255.046500	73441.104550	2263.575338
43200.000000	354432.825900	135322.275600	73226.068500	2321.891234
43260.000000	355010.352000	135346.602200	73594.076030	2208.323032
43320.000000	354335.240800	135478.563400	73306.543270	2324.106257
43380.000000	355691.627600	135741.541600	73388.124450	2288.073145
43440.000000	355135.556400	135746.029400	73301.789660	2319.193482
43500.000000	354820.835900	135364.879300	73546.725530	2302.854497
43560.000000	354884.351900	135501.532500	73068.221540	2274.297470
43620.000000	354972.437200	136209.353100	73447.336220	2319.812133
43680.000000	354944.399500	135376.297300	73183.375080	2232.799238
43740.000000	355338.008100	135546.344600	73064.867400	2341.785034
43800.000000	354958.139400	135549.017800	73297.328920	2249.482266
43860.000000	355114.780200	135736.800300	73313.619140	2235.562250
43920.000000	354714.752300	135326.431400	72957.528200	2269.176076
43980.000000	355645.764100	135827.395000	73243.153230	2320.467913
44040.000000	355661.977000	135260.366200	73482.454370	2286.801135
44100.000000	355243.207600	135575.728600	73150.181570	2288.100132
44160.000000	355316.709500	135482.847800	72960.875800	2290.233774
44220.000000	355277.249800	135410.289100	73470.430040	2274.719076
44280.000000	355119.005800	136382.668800	73488.557430	2297.592324
44340.000000	356398.607300	135456.232700	73458.617120	2305.365706
44400.000000	355145.330200	135699.242400	73357.899410	2323.288926
44460.000000	354771.362500	135902.132000	73303.166500	2296.262369
44520.000000	356048.372900	135657.487200	73234.971270	2283.472246
44580.000000	354931.019100	135668.934500	73582.191180	2302.841569
44640.000000	355098.049000	135911.556400	73373.638300	2320.356105
44700.000000	355727.049300	135704.718400	73687.874290	2279.700224
44760.000000	355599.373200	135205.142000	73271.338160	2299.954001
44820.000000	355116.157600	135095.759000	73299.859990	2307.034405
44880.000000	354964.424100	135824.669000	73460.882880	2306.737006
44940.000000	355514.343400	135507.030200	73408.300850	2391.279455
45000.000000	355349.239900	135910.050900	73418.977760	2253.615185
45060.000000	355634.338300	135656.126100	73330.711920	2352.039977
45120.000000	355326.197500	135666.339200	73428.248190	2342.707250
45180.000000	354894.978100	135843.396000	73317.608500	2328.217176
45240.000000	355831.447300	135319.952600	73644.116900	2361.626198
45300.000000	355651.563100	135368.842600	73683.459720	2292.074620
45360.000000	355244.421500	135324.872400	73612.283740	2358.454155
45420.000000	355110.504500	135840.375900	73918.104330	2290.122713
45480.000000	354620.723100	135560.103500	73686.779570	2348.153996
45540.000000	355666.892500	135661.041400	73641.346600	2339.997939
45600.000000	355491.158200	135840.941000	73721.596840	2403.220645
45660.000000	355348.143600	135766.750400	73595.755050	2314.755226
45720.000000	355406.795900	135316.900800	73097.021490	2391.585410
45780.000000	354728.749200	135626.612300	73604.939160	2371.469446
45840.000000	355485.733200	135681.701900	73445.922960	2386.022870
45900.000000	355505.686000	136015.901300	73487.374940	2425.208602
45960.000000	356101.657300	135933.719300	75212.304770	2303.871976
46020.000000	355982.124100	136440.982700	73579.494120	2297.874914
46080.000000	355631.367500	135534.822900	73713.059680	2383.936237
46140.000000	354670.601600	135926.150100	73832.088200	2390.550103
46200.000000	355147.850600	135939.055000	73377.216400	2339.729072
46260.000000	355830.505600	135477.509200	73349.786560	2329.354598
46320.000000	356301.735300	136167.577600	73552.422450	2321.339915
46380.000000	355545.502500	136275.915300	73627.186560	2367.182620
46440.000000	355386.008500	135892.637200	73394.226320	2316.659524
46500.000000	356571.208500	136074.516400	74100.026770	2324.718141
46560.000000	355625.169700	135380.574000	73725.005560	2296.284353
46620.000000	355477.674000	135812.892900	73863.741470	2351.030485
46680.000000	356091.249500	135848.354300	73575.320330	2303.998090
46740.000000	355631.889500	135815.421700	73603.973430	2329.809884
46800.000000	356256.491800	135847.528900	73502.228650	2287.598537
46860.000000	355608.526700	135895.573600	73750.100560	2329.945681
46920.000000	355586.029000	135788.902900	73323.228500	2369.828172
46980.000000	355457.696300	135991.411400	73476.977040	2316.843727
47040.000000	355427.955300	136177.022600	73673.378330	2317.959205
47100.000000	355179.721500	135832.226300	74023.063920	2321.846043
47160.000000	355390.566100	136246.886000	74238.696260	2323.216984
47220.000000	356203.223300	136482.578100	73725.933440	2367.973759
47280.000000	355845.528000	135872.225000	73287.638400	2345.041184
47340.000000	356287.087000	136197.731000	73823.017300	2289.545749
47400.000000	355892.965500	135782.403000	73665.789970	2284.315451
47460.000000	356384.498100	135869.146800	73925.171370	2401.120385
47520.000000	355866.164800	136019.350800	73540.816830	2302.332720
47580.000000	355461.969000	135888.681800	73961.039730	2343.687029
47640.000000	355439.597000	135439.267000	73762.686590	2293.896593
47700.000000	355774.328100	136261.644800	73548.525630	2350.912250
47760.000000	355800.146400	136456.065000	73371.318580	2288.175239
47820.000000	355831.095400	135622.199400	73677.308100	2354.554417
47880.000000	355877.323300	135655.354500	73633.716550	2340.337196
47940.000000	356138.391800	136208.875300	73603.764740	2263.801285
48000.000000	356268.027000	135820.559300	73263.172650	2392.213813
48060.000000	357352.822300	135860.430600	73726.827410	2423.581541
48120.000000	358054.584400	136500.324200	73758.659180	2349.370175
48180.000000	356172.242600	136615.994400	73689.483120	2351.974201
48240.000000	357000.715800	136143.444500	73744.635920	2236.365706
48300.000000	356875.936900	135680.292800	73993.645620	2329.109497
48360.000000	355345.140000	135925.428400	73659.732420	2327.834455
48420.000000	356145.013600	135511.540300	73840.446980	2382.692484
48480.000000	356241.874400	136249.422200	73734.838360	2363.831322
48540.000000	356520.871400	135956.893100	73864.135800	2306.506848
48600.000000	357283.507600	136113.590500	73818.524740	2264.174650
48660.000000	355470.312000	135269.278800	73195.024340	2302.410389
48720.000000	355529.327000	136011.534500	73921.150020	2334.086070
48780.000000	357038.535100	136254.920400	73529.715480	2266.505024
48840.000000	356616.745600	135578.830700	73689.845040	2274.883377
48900.000000	357314.464700	135491.513100	73984.114120	2350.482885
48960.000000	356181.209400	136114.550900	74763.260580	2287.422399
49020.000000	356548.124500	135818.356600	74291.248320	2284.435067
49080.000000	355870.980900	135763.948100	73892.672990	2293.108306
49140.000000	358752.447600	136283.880400	73831.604030	2282.544192
49200.000000	355930.063400	135411.638800	73197.869800	2288.126895
49260.000000	357892.044900	136338.310400	73713.300750	2314.273447
49320.000000	358762.023700	136468.431900	73823.203200	2235.875673
49380.000000	356202.531500	136381.199800	73473.710280	2232.309917
49440.000000	355266.713000	135415.197300	73298.431920	2237.152050
49500.000000	356189.955200	136236.413100	73330.202080	2235.260131
49560.000000	355692.024800	135366.228000	73601.230110	2223.306843
49620.000000	355691.000100	136438.495600	73697.173360	2203.771119
49680.000000	355975.846700	135764.123000	73225.791160	2312.764614
49740.000000	355801.230200	135848.713700	73770.524540	2272.811283
49800.000000	355937.495800	135589.470700	73651.304200	2242.972377
49860.000000	355616.684700	135818.988500	73915.279200	2304.458317
49920.000000	355641.245600	136143.331400	73411.603660	2214.356277
49980.000000	355748.785800	136227.210800	73466.859920	2207.962121
50040.000000	355100.838100	136261.349500	73599.480690	2255.139533
50100.000000	355749.395300	136220.959800	73498.449910	2219.527744
50160.000000	355617.977500	135686.391900	73952.885120	2311.610943
50220.000000	355067.038200	135313.165200	73384.701190	2231.838737
50280.000000	355333.702100	136171.572500	73443.941980	2279.329230
50340.000000	355808.098600	135752.031500	73285.146830	2300.346898
50400.000000	355583.079800	135228.506900	73544.228190	2296.283095
50460.000000	355688.467900	135771.246700	73103.854970	2267.505488
50520.000000	355740.719500	136139.243400	73672.581340	2275.199224
50580.000000	355919.923200	135967.998300	73663.685990	2239.347531
50640.000000	354918.328200	136039.718900	73683.803260	2285.120983
50700.000000	355973.692000	135876.450700	73371.139460	2181.221565
50760.000000	354981.998900	135758.197800	73458.098590	2260.500524
50820.000000	353961.593100	135460.323800	73749.689960	2302.708039
50880.000000	354615.067900	136082.721900	73560.332400	2236.242063
50940.000000	355632.267900	135710.198600	73125.107630	2225.980400
51000.000000	354997.808200	135768.476600	73821.608250	2266.079213
51060.000000	355287.401700	135850.207500	73450.657310	2253.240330
51120.000000	355291.506200	135712.785100	73215.124950	2257.753621
51180.000000	355805.070700	135166.863300	73457.121160	2209.464091
51240.000000	354762.654800	135418.632400	73383.167890	2337.973418
51300.000000	355123.879400	135472.593400	73703.895710	2295.515490
51360.000000	355758.146900	135934.871800	73232.879010	2230.645037
51420.000000	354706.840300	136080.566300	73926.821540	2270.963671
51480.000000	355330.936000	135701.020000	73360.046180	2327.553277
51540.000000	354920.052600	135376.068700	73497.071730	2283.389043
51600.000000	355583.938500	135585.217700	73812.517840	2283.509548
51660.000000	355745.040200	135533.081300	73499.621290	2250.565698
51720.000000	354882.876400	135398.952800	73680.057420	2310.914305
51780.000000	355208.559500	135465.026300	73554.667760	2282.348817
51840.000000	355407.227300	135416.555100	73801.673460	2269.234542
51900.000000	356099.496300	135491.983300	73516.144040	2264.189263
51960.000000	359085.867400	136322.824100	73549.645560	2318.421397
52020.000000	355260.956400	135782.050900	73390.486000	2310.492952
52080.000000	353459.223600	135575.340300	73537.326150	2253.630510
52140.000000	354944.184800	136065.408700	73611.183180	2329.887434
52200.000000	354502.403900	135458.181500	73198.123060	2369.324205
52260.000000	355460.050300	135561.196100	73756.480340	2264.748140
52320.000000	355521.691000	135634.654200	73189.538070	2231.029739
52380.000000	356596.836500	135516.060800	73212.306040	2339.330005
52440.000000	355030.715700	135170.746200	73392.048200	2248.100263
52500.000000	354982.050600	135386.977500	73344.054860	2349.713375
52560.000000	354364.508000	135254.166300	73451.432170	2344.582702
52620.000000	355245.423400	135327.164500	73674.212440	2253.247214
52680.000000	354514.384800	136029.182400	73396.764080	2256.530188
52740.000000	354443.713600	135737.431400	73435.423150	2303.594518
52800.000000	354962.308900	135107.898000	73444.319960	2292.187308
52860.000000	354904.386800	135483.619800	73374.801280	2309.979943
52920.000000	355506.727300	135899.360300	73703.783620	2334.440065
52980.000000	354531.690600	135104.761800	73806.470010	2322.732054
53040.000000	355429.030800	135407.621600	73194.650310	2333.684001
53100.000000	355012.491000	135448.640100	74839.040510	2290.278523
53160.000000	356348.123900	136076.924500	73687.962270	2306.544553
53220.000000	355676.162500	135783.662300	73124.744980	2292.566883
53280.000000	355572.689000	135480.614400	73413.952920	2249.111486
53340.000000	355733.680400	135914.072000	73613.189950	2355.992397
53400.000000	354740.419900	135661.846100	73349.343860	2264.663156
53460.000000	355208.095100	135242.373600	73423.441070	2294.835241
53520.000000	355611.984400	136058.280000	73742.409080	2230.092467
53580.000000	355184.787700	135393.067700	73755.175920	2266.312499
53640.000000	355510.059000	135714.260000	73782.679010	2279.788275
53700.000000	355199.018600	135627.981800	73478.316290	2270.556582
53760.000000	355274.401700	135609.571500	73392.102980	2355.563579
53820.000000	355408.555500	135756.498200	73634.275160	2304.008759
53880.000000	355318.941700	135236.713700	73044.162230	2314.806472
53940.000000	355353.372100	135778.460500	73615.157720	2295.673708
54000.000000	355088.343500	135907.394000	73477.158410	2388.298215
54060.000000	355382.869900	135306.682500	73282.162610	2278.060509
54120.000000	355226.311400	136467.990400	73315.983610	2263.323933
54180.000000	355654.802600	135979.674400	73629.154440	2300.449556
54240.000000	355961.081300	135077.004000	73235.453030	2285.940742
54300.000000	355083.093200	135317.104900	73617.839920	2299.778610
54360.000000	355913.939700	135707.751100	73286.402750	2330.605963
54420.000000	355218.209100	135643.467900	73128.294570	2349.365857
54480.000000	355509.305200	135555.127500	73584.203830	2236.452842
54540.000000	355360.420100	136141.418800	73259.816760	2287.772835
54600.000000	355675.974100	135998.934200	73734.736680	2320.266856
54660.000000	355398.853300	135599.229900	73710.796710	2267.809727
54720.000000	354557.237700	136291.223400	73529.124630	2317.893396
54780.000000	355221.505600	136041.429500	73660.540890	2278.998167
54840.000000	354336.981500	135205.587400	73579.832660	2318.950613
54900.000000	355008.011000	135804.891200	73392.987850	2283.593328
54960.000000	355756.620300	136537.314200	73555.162770	2307.500587
55020.000000	356047.893000	135724.341000	73557.113650	2375.664130
55080.000000	355325.361300	135993.520900	73586.139920	2249.858933
55140.000000	355527.506100	135882.073900	74067.679290	2275.678015
55200.000000	355632.046000	135382.821500	73970.149900	2347.621050
55260.000000	358281.415700	136990.890900	73872.689220	2248.841620
55320.000000	356366.772400	135890.406800	73750.462750	2167.724173
55380.000000	355944.431400	135242.614900	73624.294420	2292.684221
55440.000000	356324.544400	135768.932800	73736.718990	2227.095165
55500.000000	355653.631600	136017.760900	73534.552310	2295.142981
55560.000000	355581.071600	135979.668600	73368.651600	2238.721727
55620.000000	355619.638300	134933.746800	73603.815920	2321.826038
55680.000000	355792.001700	135395.373400	73748.378040	2268.594150
55740.000000	355561.758700	135452.398800	73703.042250	2337.819851
55800.000000	356279.485400	135267.277800	73674.179500	2217.674641
55860.000000	355431.000500	135911.591400	73313.295660	2240.527929
55920.000000	356389.505900	135955.688800	73301.954390	2282.416179
55980.000000	356249.897100	135806.713100	73770.365210	2278.372300
56040.000000	355478.822000	135809.312600	73424.265670	2323.966015
56100.000000	355017.399100	136015.726800	73450.150060	2331.988048
56160.000000	356584.331200	135742.382200	73615.420300	2342.705012
56220.000000	356184.050300	135630.647200	74630.464110	2199.245755
56280.000000	355962.800400	135858.369900	74096.327110	2322.842008
56340.000000	356105.619200	136127.975000	73936.935570	2331.119471
56400.000000	355314.610300	135765.993600	73473.287350	2244.055566
56460.000000	356117.326500	135894.040700	73765.818880	2277.549480
56520.000000	355672.492100	135730.481000	73971.976530	2296.168304
56580.000000	356750.545100	136162.602200	73421.353850	2252.291603
56640.000000	356359.026600	135646.377700	73557.604740	2283.422262
56700.000000	355419.977500	135674.167300	73602.812280	2296.878944
56760.000000	356010.440800	135873.195900	73449.285840	2255.932185
56820.000000	355407.380800	135867.789400	73402.828400	2230.192350
56880.000000	355690.162900	135655.080800	73734.967600	2233.243708
56940.000000	356019.329700	135629.500000	73850.821590	2280.611755
57000.000000	355714.969300	135617.535900	73432.974520	2260.273195
57060.000000	356855.643500	135870.387700	73657.093590	2288.148844
57120.000000	355734.897900	135591.850200	73875.886290	2315.192075
57180.000000	356492.795600	136087.690600	73692.953000	2287.368488
57240.000000	356367.323500	135841.384200	73602.919740	2304.814421
57300.000000	357749.933300	136216.179400	73679.662570	2289.497183
57360.000000	356215.697400	136019.067900	73901.870880	2330.221381
57420.000000	356920.577800	135834.483600	74028.124980	2284.676126
57480.000000	357301.695600	136017.520900	74224.721120	2211.509955
57540.000000	355976.059600	136016.339500	73419.923030	2277.062256
57600.000000	356472.002500	136062.810200	74276.286680	2238.787181
57660.000000	359162.854900	136588.981200	73940.734960	2213.538108
57720.000000	356252.868300	136099.781300	73547.441840	2262.612730
57780.000000	356244.946200	135660.128000	73834.388520	2280.938458
57840.000000	356416.358800	135993.544300	73415.664840	2246.623805
57900.000000	356436.515100	136307.875700	73719.248860	2313.978799
57960.000000	356687.137300	135642.421200	74007.875630	2293.677750
58020.000000	355498.966400	135773.859700	73991.629990	2199.963274
58080.000000	363283.710500	138091.350100	74194.030820	2216.473950
58140.000000	356444.635400	136367.825400	73652.995620	2310.886368
58200.000000	356304.393300	135818.885700	73693.740720	2318.737089
58260.000000	355991.387300	136051.881900	73949.744560	2324.804119
58320.000000	356015.130900	135826.440800	73284.389710	2295.680829
58380.000000	355988.979100	135119.005800	73676.016510	2214.490861
58440.000000	355888.364400	136097.231400	73439.707700	2308.415568
58500.000000	356775.327400	135865.832300	73859.341230	2260.974475
58560.000000	356316.565900	135988.473500	73697.230930	2292.643398
58620.000000	355222.439200	136210.749100	73826.109170	2277.753581
58680.000000	355664.710200	136260.433600	73112.027190	2260.995341
58740.000000	356660.700300	136329.932600	73814.579160	2188.011457
58800.000000	356057.287200	135903.377300	73760.501050	2225.231603
58860.000000	356208.524700	135530.960600	73609.571870	2274.483825
58920.000000	355135.592900	135058.603400	73433.218420	2249.578267
58980.000000	356228.365700	135885.203200	73521.143720	2227.570058
59040.000000	355331.947800	135514.657100	73743.961340	2278.417881
59100.000000	358474.747600	136311.933500	74111.500460	2229.460606
59160.000000	356197.789400	135064.319600	73798.421900	2300.233580
59220.000000	355649.057200	136255.934400	73328.008120	2236.555592
59280.000000	355350.467900	135658.594600	73711.266600	2311.014612
59340.000000	355551.897100	135567.497900	73696.941700	2264.467988
59400.000000	354926.769000	135022.710300	73522.725190	2290.379793
59460.000000	356042.538700	135728.402400	73928.374390	2315.039432
59520.000000	355109.588300	136287.891300	73788.648160	2344.827163
59580.000000	355603.004000	135994.327000	73541.548910	2275.597139
59640.000000	354938.706400	135341.912700	73399.050620	2243.171469
59700.000000	355028.020300	135910.500700	73532.730220	2291.555863
59760.000000	356001.070900	136087.163900	73870.348100	2290.413562
59820.000000	355957.221400	135506.707600	74150.749010	2237.592478
59880.000000	356461.685700	136368.727400	73691.987260	2296.083249
59940.000000	355725.484300	136235.495200	73853.011540	2249.739604
60000.000000	355390.456500	135734.456700	73902.490330	2342.726359
60060.000000	355155.508900	135623.682700	73628.563970	2272.443013
60120.000000	355890.037800	136036.415500	73883.041180	2305.525072
60180.000000	356492.354100	135619.271000	73421.341590	2250.513212
60240.000000	355966.385300	135946.280900	73651.114570	2214.221312
60300.000000	356367.337100	135386.419500	73576.394940	2253.621619
60360.000000	355488.621800	135807.012300	73839.650560	2239.552725
60420.000000	355173.287900	135900.189500	73414.752130	2320.233192
60480.000000	356623.255500	136203.038800	74104.232030	2288.179816
60540.000000	355780.652900	135769.617100	73941.768910	2279.387488
60600.000000	356184.469200	136208.162500	73952.770030	2303.516586
60660.000000	354939.247000	135750.722300	73728.130530	2275.721213
60720.000000	355135.414500	135879.238500	73612.573710	2285.842034
60780.000000	356120.887900	135742.414100	74107.025510	2247.907541
60840.000000	355816.611800	135670.016800	74075.233930	2295.616912
60900.000000	355026.827300	135621.875900	73366.233250	2277.285911
60960.000000	355084.487400	135957.215200	73949.444130	2287.419859
61020.000000	355937.104300	136185.641200	73943.118300	2270.779667
61080.000000	355227.307800	135988.779700	74058.476160	2254.068008
61140.000000	356469.637400	136061.677700	73713.905280	2345.815018
61200.000000	356693.943600	135895.559800	73970.757690	2309.244032
61260.000000	356431.440400	135081.065800	73731.197030	2311.829591
61320.000000	356585.096400	136026.023500	73829.790850	2243.035761
61380.000000	355649.085800	135759.044400	73745.737690	2302.452933
61440.000000	355874.060700	135588.982500	73636.014030	2262.864532
61500.000000	356250.174100	135863.485700	73716.189730	2291.497934
61560.000000	355458.202600	136490.319600	74085.293450	2243.093883
61620.000000	355661.483200	136058.343600	73756.151660	2180.501995
61680.000000	356070.332000	136482.224500	74021.804000	2365.295767
61740.000000	356349.700900	135437.144000	73849.880170	2263.353504
61800.000000	356234.092800	135904.016400	73700.896410	2303.003005
61860.000000	356158.410900	136140.703100	73665.791510	2329.739283
61920.000000	355881.066700	136317.623000	73843.718020	2325.133179
61980.000000	356675.406500	135514.685200	73263.709320	2244.913707
62040.000000	356906.635600	136049.110200	73702.734620	2322.998093
62100.000000	356476.182000	136369.837000	73632.563120	2335.518677
62160.000000	356630.344400	135702.797100	74506.090060	2321.290644
62220.000000	355349.905800	135968.311200	73441.776660	2254.496774
62280.000000	356531.872600	136190.103600	73890.529800	2281.895163
62340.000000	356072.037800	135741.202300	73852.103060	2274.853183
62400.000000	355952.171000	135830.099500	74007.484530	2316.910772
62460.000000	356596.740000	135735.509000	73610.482710	2308.871323
62520.000000	355997.891800	136215.909900	73735.338720	2256.978898
62580.000000	354214.874200	135635.733400	73890.153810	2252.603989
62640.000000	356540.797700	135455.760100	73624.134750	2260.315751
62700.000000	356545.536900	136538.804900	74468.549370	2254.286355
62760.000000	358391.893400	137060.608400	73958.159160	2262.947591
62820.000000	356831.731000	136234.614300	74118.243650	2238.256411
62880.000000	356508.463300	135904.052600	73680.202220	2297.974820
62940.000000	356212.341700	135525.062800	73687.232630	2297.521649
63000.000000	355736.389600	135498.805800	73618.313050	2294.337263
63060.000000	355540.337400	135845.639500	73805.712270	2234.195204
63120.000000	356466.147300	135792.317300	73699.392360	2254.148448
63180.000000	356640.395300	135524.945700	73830.652050	2273.414087
63240.000000	355921.265900	135750.990800	73915.102400	2256.952908
63300.000000	356428.709300	135698.133100	73766.798980	2259.689078
63360.000000	355457.361100	136176.782300	73867.721890	2249.816321
63420.000000	356690.852100	135913.874900	73830.290650	2338.140310
63480.000000	355190.647200	135611.214700	73495.298340	2274.193001
63540.000000	355687.884500	136064.073900	73433.764450	2272.377752
63600.000000	355338.925500	135106.216500	73727.395020	2253.457750
63660.000000	355887.699600	135098.240900	73791.044840	2222.048401
63720.000000	356293.260500	135983.143200	74112.686550	2264.004185
63780.000000	355738.278700	135907.958300	73378.503120	2284.474172
63840.000000	356434.686600	135980.291600	73672.560790	2226.606149
63900.000000	355597.797000	135672.621000	73362.295260	2226.128843
63960.000000	356231.589000	135976.114300	73807.083340	2255.207500
64020.000000	355830.244700	135829.889600	73889.234460	2313.544076
64080.000000	356394.709700	135969.619900	73856.472650	2248.674870
64140.000000	356147.465500	136163.187500	73349.412150	2315.101693
64200.000000	355811.608100	135839.064000	73837.413500	2237.990310
64260.000000	355893.964400	135758.415800	73554.658210	2224.250881
64320.000000	356179.003600	135742.278600	74032.862010	2273.655717
64380.000000	358273.867500	136485.179400	73808.025730	2236.006442
64440.000000	356518.318000	136489.823100	73699.401880	2171.876616
64500.000000	356164.756200	135907.999600	73637.551040	2244.553407
64560.000000	356105.414500	135908.803900	73603.827350	2275.508387
64620.000000	356840.618400	136561.386500	73550.271220	2306.679629
64680.000000	356717.798900	136272.843900	73894.139570	2305.118891
64740.000000	357087.592200	136145.911100	73929.938990	2237.369807
64800.000000	355424.576700	136574.853500	74135.351860	2332.832604
64860.000000	356306.708700	135928.344200	73595.545390	2297.253787
64920.000000	356333.020800	136314.831500	73944.732190	2245.704005
64980.000000	358689.688900	136875.633000	74381.958460	2292.441807
65040.000000	358114.445200	136212.195800	73994.611010	2270.468326
65100.000000	356502.616300	135951.366000	73773.004090	2253.027153
65160.000000	356632.643900	136351.478000	73768.133660	2355.733183
65220.000000	356440.061700	135838.980200	74073.273630	2310.563392
65280.000000	355776.477200	135900.707700	73534.683750	2272.589322
65340.000000	356434.843400	136403.281100	73787.157780	2272.514219
65400.000000	356432.158400	136273.862000	74043.238070	2242.567436
65460.000000	355911.631700	136480.923400	74186.312320	2260.656127
65520.000000	356300.117200	136017.813800	74072.010180	2246.783894
65580.000000	356027.477700	135691.949800	73648.101640	2277.984322
65640.000000	357526.629700	136622.442600	74021.312370	2236.266157
65700.000000	356266.145700	136221.482300	73615.302110	2283.603418
65760.000000	356185.075000	135476.338200	73950.871200	2236.006887
65820.000000	355768.505600	135911.268900	74731.201420	2229.782292
65880.000000	356276.357200	136032.221000	73653.282610	2245.165486
65940.000000	356696.389900	135912.249300	74198.545960	2297.720216
66000.000000	357587.527000	135802.036300	74252.880680	2351.108096
66060.000000	356290.811200	136498.680100	73808.082580	2287.616110
66120.000000	356119.480600	136124.299000	73764.078530	2203.836881
66180.000000	356253.071800	136058.546800	73885.541580	2313.835692
66240.000000	356697.380100	136427.579100	73951.225640	2255.603113
66300.000000	357445.311000	136523.275300	73834.663070	2346.930984
66360.000000	356417.439200	136544.078900	74023.698920	2246.129360
66420.000000	357104.063500	135784.041700	73880.400490	2329.622773
66480.000000	356649.212200	135974.872400	73706.172360	2311.851839
66540.000000	356912.479400	137508.095900	74109.060780	2296.600047
66600.000000	356697.025100	136515.303300	74247.588130	2299.354047
66660.000000	355626.888000	136412.995800	73598.106140	2295.607137
66720.000000	356661.732300	136363.870600	74186.942620	2336.589787
66780.000000	357048.397600	135944.146300	73911.925760	2350.201756
66840.000000	356338.492500	136211.550100	73747.102300	2318.140196
66900.000000	357028.159600	136490.311100	74337.909350	2306.788394
66960.000000	357335.094100	136584.548700	74071.719490	2270.679700
67020.000000	357580.993500	136188.594100	73762.043770	2304.957107
67080.000000	356818.500500	136351.361400	74029.277520	2318.281833
67140.000000	358159.197600	136200.811500	74300.624210	2314.873450
67200.000000	357672.074600	137155.848000	73872.442720	2294.165659
67260.000000	356864.117900	135863.616500	74160.733500	2347.250172
67320.000000	357137.088500	136297.039500	73937.342920	2380.882107
67380.000000	357471.533000	136008.452400	73850.703380	2369.194360
67440.000000	357663.662300	136025.547000	74152.093780	2379.309561
67500.000000	358643.224500	136470.482700	74085.906680	2281.582419
67560.000000	356990.029000	136551.052800	74394.359050	2312.840348
67620.000000	357166.914900	135952.124300	73863.086520	2338.066033
67680.000000	356990.224700	135833.062000	74301.941590	2363.177982
67740.000000	357370.246300	136917.550500	73859.079700	2318.498961
67800.000000	357394.572600	136611.094400	74083.139920	2312.751240
67860.000000	356451.041200	136667.379900	74267.268700	2305.428410
67920.000000	357207.474800	136589.277600	73952.767830	2350.975132
67980.000000	357900.743700	136548.608000	74340.849130	2300.087632
68040.000000	357455.286900	136446.718900	74177.173060	2275.711024
68100.000000	357980.573900	136937.942700	74553.327410	2327.633688
68160.000000	357694.128700	136438.640700	73766.510840	2306.521042
68220.000000	358119.370000	136689.573600	73882.352940	2344.068224
68557.900000	354106.300100	134470.654300	73314.924840	2309.461647
68602.000000	354411.376700	135037.491600	73587.261230	2398.237945
68646.000000	353873.452700	134433.809900	73668.592400	2356.949561
68690.000000	354760.948600	134612.069000	73646.504030	2306.246546
68734.000000	355100.988000	134923.120200	73650.655940	2302.897541
68778.000000	354993.994400	134852.168600	73883.016440	2363.674234
68822.000000	355500.685200	135056.450500	74268.846190	2342.533305
68866.000000	354587.949200	134208.160500	73961.612910	2231.320464
68910.000000	354601.162800	134590.488300	74318.106530	2342.820052
68954.000000	356216.636400	135486.350800	74147.640520	2251.162064
68998.000000	356469.216500	134996.018800	73808.017160	2260.504553
69042.000000	354425.150900	134952.216300	73984.839270	2324.425616
69086.000000	354795.301400	135183.558700	73852.650820	2259.685337
69130.000000	357239.345300	134902.562200	74397.381880	2326.076655
69174.000000	355534.710200	134999.656000	74175.395800	2313.867643
69218.000000	353124.161000	134495.470200	74196.920190	2315.555862
69262.000000	354750.612400	135406.837200	74429.441080	2229.415596
69306.000000	355270.552300	135133.125200	73884.229750	2301.337337
69360.000000	354974.605800	134852.722000	74355.488860	2292.317049
69420.000000	355882.238800	135025.811300	74228.511350	2282.548886
69480.000000	355740.183200	135286.811500	73932.978860	2301.253081
69540.000000	355831.614800	135311.283700	73632.117790	2234.073038
69600.000000	354657.432400	135233.459400	74193.875850	2328.274423
69660.000000	354361.283400	134809.200500	74253.046580	2255.969759
69720.000000	356376.701600	135653.891500	74158.440770	2281.293293
69780.000000	355165.908200	135220.037200	74163.831370	2304.369486
69840.000000	354915.409100	135261.998200	74035.464830	2301.298168
69900.000000	354181.536300	134958.556300	73970.300670	2221.262417
69960.000000	355230.413700	134827.026700	73982.998160	2265.236553
70020.000000	355401.429200	134738.241300	73517.475690	2282.798305
70080.000000	355413.013500	134792.154500	74422.938380	2268.259489
70140.000000	356977.689800	135152.375400	73863.461760	2272.496536
70200.000000	354936.793900	135163.395900	74082.125160	2285.213803
70260.000000	354416.043800	134992.860200	74017.306940	2288.712193
70320.000000	355688.376000	135200.877800	74036.040030	2302.358579
70380.000000	355303.352000	135544.751600	73855.039010	2271.180731
70440.000000	355104.789200	134805.101600	74157.101820	2293.152109
70500.000000	355224.005300	134619.294200	74267.806720	2289.265573
70560.000000	355077.752000	134353.596700	74870.290290	2296.777916
70620.000000	354532.544200	135142.135500	74171.271000	2248.605911
70680.000000	355386.844100	134948.960100	74073.615110	2299.701617
70740.000000	355211.922500	134957.101900	74267.487350	2307.768178
70800.000000	355752.340200	135987.064200	74301.094470	2244.924602
70860.000000	354787.462900	135039.014700	73969.269710	2312.165620
70920.000000	354812.931600	135111.049700	74149.145160	2354.735816
70980.000000	356745.309200	135636.623200	74194.796120	2306.194249
71040.000000	356255.311300	135575.779700	74524.798910	2326.371201
71100.000000	355464.856300	135676.309900	73913.578970	2352.219795
71160.000000	355477.726900	134952.332300	73797.438840	2208.938370
71220.000000	355529.060200	135189.945200	74135.196780	2312.203111
71280.000000	355499.763500	135556.061200	74145.350090	2291.334986
71340.000000	355559.353900	134913.426100	74075.910710	2301.814590
71400.000000	355304.783500	135094.366800	74009.026570	2330.516991
71460.000000	355180.647500	135505.217600	74293.842820	2351.322671
71520.000000	355596.577000	135492.901300	74440.691330	2266.613877
71580.000000	354833.395200	134779.457000	74667.892020	2300.323300
71640.000000	355176.279700	135474.650400	73953.869420	2370.592664
71700.000000	355534.030500	135848.336600	73867.597980	2296.670423
71760.000000	354889.448100	135281.614100	74308.432470	2255.746993
71820.000000	355999.557400	135574.721600	74339.925420	2319.044781
71880.000000	356045.747300	135437.985600	73956.503840	2304.050919
71940.000000	355823.116500	135146.492200	74266.113100	2258.808994
72000.000000	355085.278300	135291.448900	74358.362920	2331.869662
72060.000000	355970.649200	135192.524200	73971.029140	2325.763293
72120.000000	355099.021100	135754.322500	74724.561330	2266.321500
72180.000000	355467.361600	134746.295000	74070.024020	2270.365675
72240.000000	356868.547000	135130.583200	74228.064560	2314.065410
72300.000000	356936.239400	135691.395000	74476.326210	2307.185234
72360.000000	356508.456200	135301.530700	74429.004620	2274.975732
72420.000000	355760.211400	135674.161500	74154.364850	2277.019432
72480.000000	355925.038700	135923.188800	74246.429480	2389.869603
72540.000000	355517.630200	135542.252600	74096.191360	2282.675444
72600.000000	356065.275800	135494.711300	74231.962650	2323.058962
72660.000000	355755.790100	134333.651700	74166.326210	2353.821076
72720.000000	356157.045300	135316.619000	74163.012230	2287.353250
72780.000000	356099.514800	136135.209800	74949.019790	2363.989470
72840.000000	355994.358000	135619.044500	74262.233570	2276.466430
72900.000000	355684.636900	134889.120200	74495.500490	2306.952933
72960.000000	356206.633100	135224.872000	74654.008110	2410.870007
73020.000000	356452.141800	135706.467700	74608.254660	2332.146866
73080.000000	357043.843200	135383.540400	74215.546180	2285.935942
73140.000000	356305.666700	135802.342000	74861.596970	2245.958018
73200.000000	355118.104200	134917.935000	74383.029330	2361.825993
73260.000000	355041.761500	135337.400500	74395.444560	2265.149767
73320.000000	356168.092600	136236.228300	75124.366680	2318.835523
73380.000000	357283.458000	135429.664700	74219.245140	2276.380184
73440.000000	356846.935800	135568.153900	74220.729720	2352.291591
73500.000000	356577.432400	135686.005900	74476.351420	2304.626653
73560.000000	355186.408600	134980.094100	74385.567350	2291.944781
73620.000000	356143.073700	135688.460100	74347.261720	2362.492757
73680.000000	356266.573400	135162.761600	74792.485170	2324.539308
73740.000000	355514.123300	135571.962800	74152.066590	2411.555218
73800.000000	355963.892600	136209.408500	74621.423860	2297.504419
73860.000000	356165.705400	135252.164700	74418.439010	2311.685586
73920.000000	356744.658700	136153.851300	74795.206850	2333.445677
73980.000000	355683.311600	135536.924200	74600.105970	2316.707690
74040.000000	356375.822700	136337.870400	74123.551810	2343.945178
74100.000000	356118.846100	135078.642700	74221.062390	2366.164463
74160.000000	356513.361100	135483.215600	74422.673410	2297.316753
74220.000000	355879.009000	135629.123500	74820.785760	2373.290779
74280.000000	355905.879300	135887.871100	74388.583280	2335.465215
74340.000000	356318.792500	135598.957500	74668.379370	2318.398545
74400.000000	356755.472600	135249.367800	74391.483270	2312.291975
74460.000000	356873.736900	135652.802700	74699.544560	2356.522945
74520.000000	356314.491800	135349.536800	74344.754060	2291.641042
74580.000000	355668.177200	135484.086900	74479.770890	2342.641937
74640.000000	357458.931900	135354.506100	74504.958500	2339.446738
74700.000000	357259.942400	135437.957800	74475.341830	2337.732082
74760.000000	356275.351500	135941.593000	74213.265670	2289.152787
74820.000000	355959.135500	135865.938700	74468.167130	2384.124896
74880.000000	356938.821400	135401.656600	74478.741690	2304.155750
74940.000000	355883.088100	135363.930800	74312.994260	2328.303683
75000.000000	356750.548000	135551.275300	74724.169180	2286.829004
75060.000000	356689.273700	135738.745600	74939.261210	2306.103929
75120.000000	356350.023400	135405.913300	74046.111410	2346.109496
75180.000000	357442.954200	135417.157300	74593.748460	2291.347355
75240.000000	356681.043300	135110.418100	74508.745390	2332.742659
75300.000000	356107.488300	135123.060400	73935.779100	2348.445832
75360.000000	355369.991900	135743.745400	74550.221110	2402.814417
75420.000000	356132.632800	135988.752200	74602.908130	2367.077231
75480.000000	355928.543700	135551.932200	74897.500790	2363.649210
75540.000000	355661.354100	134957.882200	74157.171350	2359.500821
75600.000000	356871.183900	135436.796600	74330.951490	2329.814942
75660.000000	356553.442200	135570.837200	74406.761350	2302.758587
75720.000000	356387.039300	135451.623800	74050.727440	2363.359886
75780.000000	355080.250700	135303.030800	74061.700320	2320.559695
75840.000000	355923.984500	135302.094800	74052.413480	2368.028825
75900.000000	355711.441500	135098.149900	74577.934070	2407.559976
75960.000000	355454.629000	135719.927100	74417.474150	2284.069237
76020.000000	355173.988100	135413.175100	74384.139510	2264.070244
76080.000000	356836.956800	135471.369000	74264.671700	2311.819876
76140.000000	356196.036300	135474.788100	74280.801220	2380.069862
76200.000000	355745.193000	135878.622600	74495.185160	2347.962935
76260.000000	355715.138300	135733.546300	74822.264920	2338.130148
76320.000000	356438.493800	135963.219800	74180.733880	2354.926632
76380.000000	355680.982300	135301.188700	74395.777630	2289.896678
76440.000000	356162.029600	134830.966300	74470.341220	2332.331482
76500.000000	356717.477600	136036.635600	74601.867300	2317.514398
76560.000000	357081.761200	135379.671800	74633.280500	2299.244918
76620.000000	356623.400400	135216.552800	74690.537180	2274.814183
76680.000000	355431.529900	135981.567700	74833.316750	2292.804016
76740.000000	356374.058700	136016.178300	75091.530330	2344.341390
76800.000000	356894.116200	135929.635200	74551.817290	2269.901293
76860.000000	355305.602200	135408.756100	74412.205980	2303.909769
76920.000000	355642.348100	135460.544500	74165.426710	2223.853364
76980.000000	358138.450800	135224.552200	74931.071580	2273.674485
77040.000000	357464.383800	136274.788900	74572.280250	2294.704466
77100.000000	357077.043700	135504.645200	74392.838440	2286.853732
77160.000000	357555.606800	136528.956200	74244.233850	2190.956826
77220.000000	356594.699900	135225.509300	74414.308110	2219.149596
77280.000000	354669.201100	135763.346000	74240.500930	2224.448337
77340.000000	356353.170100	135715.780500	73984.208380	2182.374435
77400.000000	355529.099500	134939.643400	74110.292070	2190.489657
77460.000000	354679.218200	134451.808700	73993.353050	2258.931664
77520.000000	355593.884100	134588.085700	73841.153370	2268.743374
77580.000000	355077.707800	134745.137700	74075.467460	2272.176913
77640.000000	354473.077100	134205.425600	74074.092700	2245.262138
77700.000000	354821.018100	134617.705200	73790.731170	2264.755042
77760.000000	353871.288900	134581.621900	73837.386610	2185.779670
77820.000000	354805.649600	134773.792000	73860.594350	2217.758639
77880.000000	354332.419100	134967.697000	74132.898570	2254.662164
77940.000000	354005.116200	135007.321600	73895.666200	2183.728214
78000.000000	354220.597300	134735.735800	74230.247110	2218.908261
78060.000000	354875.389600	134662.532000	74224.990730	2289.567082
78120.000000	354726.212800	134728.074500	73937.293980	2215.086835
78180.000000	355633.336300	134937.615000	74378.703190	2242.797027
78240.000000	355060.472200	134911.401700	74357.453900	2200.213424
78300.000000	354316.889400	134940.766300	73949.212520	2182.424706
78360.000000	354765.662200	134972.497200	74511.943100	2236.833424
78420.000000	355012.227900	134885.256800	74156.817270	2249.273417
78480.000000	353013.350000	134645.212100	74189.560190	2236.316805
78540.000000	354473.698900	134969.913500	74043.172280	2245.681785
78600.000000	353550.676300	134991.257400	74145.448430	2216.353462
78660.000000	355209.717500	134789.785200	73937.439700	2254.388882
78720.000000	354981.110000	134928.306200	74133.395490	2236.074196
78780.000000	355622.201200	134888.906000	74404.288510	2234.583892
78840.000000	354786.486500	134779.327000	74072.628370	2184.856368
78900.000000	354909.262800	134598.554400	74058.327310	2226.415831
78960.000000	354830.406600	134988.155200	73930.399590	2250.684022
79020.000000	354133.999500	134174.271700	74090.459920	2297.002412
79080.000000	354607.926200	135178.486100	74011.940100	2173.126043
79140.000000	354431.530900	134809.311000	74008.372490	2223.984423
79200.000000	355227.647300	134646.534700	74009.698980	2314.978680
79260.000000	353943.907000	134367.859100	74287.521650	2271.279033
79320.000000	353324.822500	134478.650600	74071.057050	2266.507013
79380.000000	354076.521100	134691.492400	74035.640920	2280.264091
79440.000000	354201.269100	134658.665600	74259.183450	2199.618525
79500.000000	354354.602200	134472.983800	74174.964870	2300.553340
79560.000000	354203.847300	134578.175700	73778.587140	2241.379484
79620.000000	353975.460700	134748.857300	73909.753580	2193.825602
79680.000000	354506.931700	134225.914800	74235.534460	2226.204380
79740.000000	353925.752500	134903.607800	74036.957640	2273.327486
79800.000000	353971.908300	134870.284100	74110.119200	2303.517627
79860.000000	354645.411200	135042.801500	74231.571460	2292.993631
79920.000000	354945.842700	134820.953700	74061.255920	2198.888615
79980.000000	354641.431200	134482.227700	74113.411600	2310.345229
80040.000000	353881.492600	134880.155900	75159.419580	2382.509812
80100.000000	355119.598300	135091.405500	73774.454210	2362.642055
80160.000000	354372.826300	134888.727100	74019.600650	2382.120477
80220.000000	353910.918200	135124.999600	73959.387930	2334.491542
80280.000000	354516.086200	135214.957400	73965.541550	2328.739949
80340.000000	353712.149400	135140.758100	74354.365140	2386.061988
80400.000000	352987.205000	134482.397900	74154.723200	2315.507296
80460.000000	355009.667000	134587.427000	73998.855750	2298.160100
80520.000000	353764.333000	134404.258600	74250.147350	2298.731324
80580.000000	353241.474400	134761.415400	74088.494800	2274.514266
80640.000000	354109.902400	134949.986300	74115.297920	2247.818421
80700.000000	354701.707100	135140.073100	74157.946050	2328.051700
80760.000000	354719.841300	134338.941100	74390.817760	2281.645739
80820.000000	354459.602400	134821.276600	74219.884430	2304.379901
80880.000000	354370.273000	134694.615800	74014.342120	2327.132912
80940.000000	353581.158100	134511.982500	74027.742310	2276.411987
81000.000000	355247.420900	134920.084400	73881.697880	2318.986665
81060.000000	353970.450800	134792.805400	74381.738510	2275.989359
81120.000000	353990.970300	134918.025600	74486.939180	2300.336651
81180.000000	354466.067100	134550.024400	73904.788760	2337.495294
81240.000000	354120.602800	134650.274300	74184.485650	2269.296298
81300.000000	354263.663700	134849.212600	73884.904400	2249.995273
81360.000000	353543.367500	134917.645100	73876.986690	2340.948401
81420.000000	354900.565500	134741.223900	74038.647840	2326.450810
81480.000000	354170.598700	134108.787100	73960.358450	2304.077024
81540.000000	354193.015900	135094.125200	73951.587440	2307.181197
81600.000000	354176.092800	134408.761200	74118.294430	2344.617411
81660.000000	354230.902200	134808.443100	74272.337350	2304.850302
81720.000000	354493.468700	135000.414100	74175.411340	2280.820034
81780.000000	354153.874100	134790.149400	73936.244440	2237.184501
81840.000000	354401.523400	135175.558700	73859.305530	2268.415535
81900.000000	354522.173000	134367.565000	74293.492580	2309.052797
81960.000000	353331.940800	135031.017500	74109.972710	2312.454843
82020.000000	354848.357900	134841.592800	74055.693500	2343.845638
82080.000000	354244.109600	135037.833500	74047.299810	2259.680888
82140.000000	354311.823800	134898.519700	74351.883750	2303.351671
82200.000000	354228.548600	134712.218500	73962.168170	2291.685153
82260.000000	354109.334000	134361.402800	74053.105220	2360.964567
82320.000000	353936.112400	134568.187200	74180.549400	2378.861037
82380.000000	354312.581300	135045.435400	74074.453920	2395.822490
82440.000000	354960.336400	134381.010500	73986.472280	2371.905313
82500.000000	354017.937500	134588.565600	74271.584620	2364.063770
82560.000000	354941.533500	135135.065800	74584.659430	2338.434295
82620.000000	355069.815300	134947.616400	74060.920350	2344.356918
82680.000000	355224.109500	135047.683800	74452.665330	2405.828874
