0.000000	84958.470030	10865.027880	45953.321810	105645.213100
60.000000	4356.556629	10733.442720	45636.125730	105767.578900
120.000000	4433.547718	10767.701030	45957.701440	105494.430200
180.000000	4431.102032	10829.446750	45544.073900	105463.895600
240.000000	4433.757643	10996.148880	45854.493250	104814.451000
300.000000	4338.203480	10750.979820	45791.916770	105101.955000
684.100000	4316.222413	11859.581670	45132.067160	99964.689380
728.100000	4393.332174	11869.807620	45195.440300	101424.659900
772.100000	4400.269480	12161.938480	45541.242240	105015.150600
816.100000	4380.554205	12121.511950	45933.415480	109621.299500
860.100000	4227.352580	12385.870150	45965.543520	115246.989800
904.100000	4398.465977	12382.023420	46235.439880	121688.996200
948.100000	4395.142095	12475.704230	46281.088420	128775.234300
992.100000	4390.902690	12691.955860	46666.682080	136134.499600
1036.100000	4323.649731	12473.724650	46960.079090	142385.910700
1080.100000	4333.575573	12695.206110	47154.242870	149371.208900
1124.100000	4254.575795	12732.518620	47417.388340	156306.049500
1168.100000	4355.903983	12814.515980	47322.211530	162117.892900
1212.100000	4326.400158	12809.327760	47649.388070	168324.447000
1256.100000	4350.046111	13104.059720	47759.240790	174733.510500
1300.100000	4256.061608	12942.871480	48063.943930	179321.166200
1344.100000	4351.815767	13036.105700	48414.741220	184669.581100
1388.100000	4377.823340	13172.248820	48721.686110	188958.636700
1432.100000	4324.332312	13136.600780	48807.425370	193090.832900
1476.100000	4303.973989	13242.066700	49184.284780	197544.358700
1520.100000	4392.587635	13341.740470	49262.343760	201416.169100
1564.100000	4344.733700	13434.600680	49760.290580	204709.875200
1620.000000	4281.312234	13495.997830	49724.465070	208100.658600
1680.000000	4329.195686	13633.301450	50115.686200	211884.590000
1740.000000	4338.886887	13725.875920	50532.473140	215986.611900
1800.000000	4392.041772	13653.685770	50851.565590	218287.584600
1860.000000	4378.463370	13947.463040	50840.945780	221168.817300
1920.000000	4386.287125	13880.294610	51183.851680	224170.332900
1980.000000	4390.412987	13997.582470	51504.096850	226035.647200
2040.000000	4317.077354	14106.347760	51794.193350	227783.902300
2100.000000	4319.629458	14060.711450	51654.013200	230208.347800
2160.000000	4329.016316	14011.311440	52102.783090	230512.519400
2220.000000	4340.503081	14027.554750	52114.540450	232016.813200
2280.000000	4387.237565	14373.579540	52425.111620	233287.698000
2340.000000	4399.747710	14288.081550	52559.322450	234821.978800
2400.000000	4334.174967	14354.510700	52857.499680	235818.438600
2460.000000	4347.464172	14451.277410	52801.048150	236976.423500
2520.000000	4401.947621	14428.903640	52823.977950	237828.498300
2580.000000	4293.278191	14589.885650	53159.449260	237989.128700
2640.000000	4363.017098	14468.264130	53092.680700	239524.970800
2700.000000	4340.803413	14553.192240	53665.182370	239576.047000
2760.000000	4317.403258	14604.307190	53459.112220	241073.708200
2820.000000	4361.125552	14698.011220	53817.612990	240493.841400
2880.000000	4285.378781	14562.541260	53799.716650	240540.057100
2940.000000	4338.430920	14963.905400	54199.979520	241823.517100
3000.000000	4247.235621	14666.430830	54020.474480	242036.179700
3060.000000	4253.829281	14784.955570	54073.327950	242093.065400
3120.000000	4275.879545	14822.521030	54536.493490	242358.676400
3180.000000	4350.920685	14849.286690	54499.434590	242151.481800
3240.000000	4334.078686	14849.927170	54717.405680	243058.265400
3300.000000	4389.729937	14935.117700	54902.208340	243304.010400
3360.000000	4316.696154	15039.698130	54851.625230	243818.125700
3420.000000	4393.107122	15071.108700	54891.142800	243828.389300
3480.000000	4262.569858	15015.911910	55286.163740	244174.358300
3540.000000	4318.561692	15191.493540	55235.241030	244031.808100
3600.000000	4384.714945	15123.272940	55515.726470	244061.648500
3660.000000	4286.192344	15120.227340	55621.735590	244486.051600
3720.000000	4276.643985	15231.200880	55617.028630	244523.090900
3780.000000	4348.203909	15174.702940	55603.366160	244830.187500
3840.000000	4353.671661	15268.904440	55830.454200	244920.238800
3900.000000	4427.939331	15378.837570	55481.616610	244699.442200
3960.000000	4352.213602	15349.520120	55714.650290	244252.549600
4020.000000	4273.837180	15216.126840	56409.551610	244942.947400
4080.000000	4246.987057	15229.617920	56371.024630	244103.650600
4140.000000	4382.487544	15383.087240	56110.205390	244857.751500
4200.000000	4433.459610	15329.188120	56342.081300	244188.331600
4260.000000	4259.658615	15575.962040	56825.496490	244620.531100
4320.000000	4307.310002	15409.152560	56752.941260	244546.093300
4380.000000	4310.224474	15341.643310	56675.528470	244363.250100
4440.000000	4395.994935	15505.157890	56885.885790	243239.822000
4500.000000	4300.977886	15780.275310	56652.200870	244434.031600
4560.000000	4260.597236	15446.547280	56883.786340	244145.066400
4620.000000	4345.236945	15548.901000	56655.152780	244306.476700
4680.000000	4365.546045	15667.339440	56746.079140	244057.803800
4740.000000	4370.951677	15847.349920	57347.882480	243888.246500
4800.000000	4381.105712	15800.459500	56894.159260	244127.166900
4860.000000	4274.727431	15769.262190	57159.353350	243620.244700
4920.000000	4382.103946	15638.509810	57399.074540	243836.223600
4980.000000	4209.397803	15844.885930	57157.266420	243970.935600
5040.000000	4352.082299	15686.863640	57223.567430	243581.832600
5100.000000	4261.759613	15904.296670	57307.769010	243540.118500
5160.000000	4321.423646	15757.184490	57585.145360	243809.880900
5220.000000	4298.169584	15702.243460	57390.128820	243565.262700
5280.000000	4328.317442	15862.321570	57604.141280	243489.460100
5340.000000	4304.698685	15871.648680	57742.088490	243540.121400
5400.000000	4288.819802	15917.965530	57968.588520	244299.864700
5460.000000	4274.469545	15952.150470	57663.452030	242895.556700
5520.000000	4295.444393	16043.403750	57500.442960	243382.620700
5580.000000	4286.251654	16131.400210	57999.348770	243179.937900
5640.000000	4356.974632	15752.358610	58017.817680	242811.234900
5700.000000	4320.963344	16100.503680	57819.578280	244132.656100
5760.000000	4281.197308	16225.651680	58178.016150	243043.726500
5820.000000	4228.702399	16038.252170	58022.434450	242579.670300
5880.000000	4278.309126	16007.355700	57988.945710	242974.399900
5940.000000	4246.257976	16144.362710	58369.779910	243291.733100
6000.000000	4263.496039	16158.075880	58251.960640	242343.599500
6060.000000	4304.945655	16192.208030	58471.122560	242859.859900
6120.000000	4288.787989	16279.435200	58351.984880	242274.773900
6180.000000	4344.148694	16072.543030	58350.373710	243263.533600
6240.000000	4230.835265	16219.798150	58552.984070	242839.514900
6300.000000	4344.748220	16003.325270	58620.601950	243109.166300
6360.000000	4235.895428	16268.351140	58624.594970	242970.645400
6420.000000	4249.786883	16285.228430	58291.027630	242410.215000
6480.000000	4239.072237	16313.743090	58650.289640	242157.196600
6540.000000	4311.526965	16396.456910	58432.938620	242209.874800
6600.000000	4163.117324	16336.272660	58883.083920	243303.863400
6660.000000	4261.276939	16316.337230	58813.228680	242215.721900
6720.000000	4234.283759	16442.386780	58685.375010	243161.784600
6780.000000	4248.076968	16372.317570	58434.774700	242571.256400
6840.000000	4197.581683	16395.765390	58897.133390	242096.106900
6900.000000	4263.960431	16556.435530	58766.069390	242285.639400
6960.000000	4312.940396	16454.104380	58838.809030	242207.677000
7020.000000	4286.981717	16514.246040	58794.554670	242105.433300
7080.000000	4207.391316	16632.249300	58993.466780	242041.646500
7140.000000	4262.780462	16491.860520	58867.762730	241737.668000
7200.000000	4271.545758	16485.242200	58960.179300	241972.790100
7260.000000	4360.540681	16575.458950	59116.240460	241938.393700
7320.000000	4246.030143	16547.560100	59185.423550	241779.003400
7380.000000	4250.826099	16671.895080	58683.343250	241954.751700
7440.000000	4336.743569	16548.465550	59102.131840	242123.870300
7500.000000	4275.953970	16665.845540	59509.479530	241230.993200
7560.000000	4326.910144	16789.687320	59260.014310	241383.732900
7620.000000	4293.229326	16625.521740	59037.751830	241570.571600
7680.000000	4263.799029	16740.901660	59252.586080	241296.472000
7740.000000	4270.504352	16821.094940	59009.625870	241222.409100
7800.000000	4272.589134	16757.665300	59624.849040	241086.154800
7860.000000	4246.928490	16792.263830	59279.721020	241446.439400
7920.000000	4227.284896	16825.792500	59381.090330	241823.576700
7980.000000	4285.102327	16711.488080	59248.454640	241189.507100
8040.000000	4276.301294	16785.042090	59245.483030	241758.855000
8100.000000	4374.755027	16781.393950	59611.812340	241589.883000
8160.000000	4316.909791	16958.004320	59386.880400	241575.975200
8220.000000	4290.700673	16958.515190	59560.062650	241278.376100
8280.000000	4343.903685	16831.749850	59310.921610	241200.839200
8340.000000	4229.103220	17011.228620	59195.587650	241355.591000
8400.000000	4288.325662	16903.083840	59531.517370	240888.723000
8460.000000	4309.476672	17126.696840	59187.302600	241344.510400
8520.000000	4197.847165	16964.408590	59747.205390	240698.644800
8580.000000	4210.887715	17024.583900	59578.044900	240207.034400
8640.000000	4284.630099	16898.885550	59846.545180	240425.787500
8700.000000	4278.883621	16971.292110	59389.955630	240594.686900
8760.000000	4205.486995	17135.844130	59683.954110	240175.145600
8820.000000	4358.397731	17040.463100	59652.961260	241238.261900
8880.000000	4358.131213	17161.073900	59625.436790	240706.874200
8940.000000	4233.634741	17046.801350	59511.245640	241059.481400
9000.000000	4279.337015	17209.351100	59636.884800	240718.595500
9060.000000	4268.361945	17310.938490	59560.975000	240899.030500
9120.000000	4363.652139	17207.821300	59914.238010	240113.367600
9180.000000	4298.323326	17162.569510	59543.039740	240838.911400
9240.000000	4187.906307	17105.088920	59652.006370	240531.826400
9300.000000	4317.421115	17396.077720	59412.087540	239878.261000
9360.000000	4288.067667	17351.310100	59906.820380	240628.374000
9420.000000	4333.638717	17249.923760	59639.494000	239754.077500
9480.000000	4263.509470	17330.579500	59653.750850	239708.143200
9540.000000	4268.262723	17495.452820	59658.639880	239805.329600
9600.000000	4248.750245	17456.457920	59672.458500	240119.430800
9660.000000	4250.969176	17395.767290	59831.369730	240062.251600
9720.000000	4198.371546	17479.573420	59784.077020	240471.846600
9780.000000	4246.594317	17395.749940	59710.709980	240050.403500
9840.000000	4193.227726	17301.680060	59661.405220	240183.556600
9900.000000	4337.056271	17263.575580	59779.458460	240081.722000
9960.000000	4293.277840	17323.945030	59764.459190	239813.103400
10020.000000	4189.094767	17470.343750	59962.796650	240014.265800
10080.000000	4241.066996	17344.039230	59713.119390	239886.992400
10140.000000	4349.196432	17484.804210	59985.436050	239816.243200
10200.000000	4312.080902	17485.662540	59860.436490	239739.447100
10260.000000	4220.072602	17404.193920	60200.670440	239870.741400
10320.000000	4249.973568	17603.274010	59828.090210	239391.083300
10380.000000	4241.889947	17489.918910	59756.431160	239193.673400
10440.000000	4275.015684	17604.233520	60217.217320	239761.001900
10500.000000	4292.946332	17824.790180	59748.986180	239502.278200
10560.000000	4230.308147	17831.625850	59858.165080	239358.285200
10620.000000	4356.246412	17648.081820	60269.959240	239491.072900
10680.000000	4319.024674	17674.206130	59806.837140	239516.804200
10740.000000	4368.745019	17536.000740	60073.428940	239116.209000
10800.000000	4248.862334	17777.618630	59789.737210	239615.804600
10860.000000	4336.931335	17684.771560	60102.861650	239206.083600
10920.000000	4320.692869	17519.201380	59920.701430	239704.594600
10980.000000	4335.370450	17772.526650	60084.148360	239317.042200
11040.000000	4300.639217	17679.235270	59982.508960	238657.595600
11100.000000	4255.935966	17820.834990	59704.662130	239221.167600
11160.000000	4332.187127	17944.486730	59922.670570	238945.625500
11220.000000	4249.400684	17771.734900	59795.831360	239752.457400
11280.000000	4343.408569	18017.418960	59701.277460	239154.678300
11340.000000	4279.872156	17942.399110	59953.358500	238866.409900
11400.000000	4315.724953	17886.676930	59989.290620	239166.579100
11460.000000	4333.528909	17928.504550	59708.091920	239046.796300
11520.000000	4243.195451	17908.718990	59751.326170	238675.614700
11580.000000	4232.637037	18086.827150	60111.727390	238586.175300
11640.000000	4329.329306	17956.023120	60247.706030	238448.825200
11700.000000	4242.703348	17974.589690	59854.888190	238922.607000
11760.000000	4327.868668	17991.230860	60262.458520	238430.584900
11820.000000	4332.893393	18237.972740	59860.198710	239154.787100
11880.000000	4239.710011	18079.572460	60511.838490	238781.247400
11940.000000	4375.329053	18046.827890	59905.544980	238401.738300
12000.000000	4238.643930	18264.010030	59907.719040	238362.317500
12060.000000	4313.698743	18173.311650	59683.142370	238677.046000
12120.000000	4233.984062	18216.958900	59891.102020	238197.563200
12180.000000	4377.759624	18356.010690	59989.921720	238511.650700
12240.000000	4320.015685	18231.427100	59976.787680	238683.817400
12300.000000	4353.710301	18290.356440	59857.956750	238116.359200
12360.000000	4260.395841	18244.237830	59966.937370	238335.242900
12420.000000	4344.062789	18258.094630	59914.415950	238408.387900
12480.000000	4366.429340	18214.663380	60083.005570	237768.728700
12540.000000	4333.618098	18316.280980	59941.306210	237906.027800
12600.000000	4388.550560	18295.192580	60154.032220	238113.431500
12660.000000	4322.471512	18460.336710	60253.679510	237710.629400
12720.000000	4346.006353	18436.128330	59774.269320	238218.934200
12780.000000	4301.180460	18316.762360	59918.267240	238042.488600
12840.000000	4330.621591	18640.147800	60216.099670	237559.758500
12900.000000	4368.611667	18440.924380	60048.297690	238084.995900
12960.000000	4307.816813	18452.678060	59971.885130	238121.338400
13020.000000	4457.511029	18465.028670	60217.815040	236708.328900
13080.000000	4416.668342	18367.499540	59922.803340	237631.657800
13140.000000	4368.158072	18558.421600	59919.941930	238164.847200
13200.000000	4395.605422	18659.182590	59789.863940	237526.736100
13260.000000	4404.157152	18568.111010	59928.172870	238194.516100
13320.000000	4323.332774	18664.254370	59935.720380	237646.526100
13380.000000	4377.948918	18539.757930	59834.103680	237972.993300
13440.000000	4275.178495	18478.656870	59992.319070	237648.569100
13500.000000	4342.183722	18548.406150	60115.870500	237395.268600
13560.000000	4401.775906	18439.228210	59736.086590	237755.109100
13620.000000	4433.971356	18669.811810	59881.512930	237426.094900
13680.000000	4360.514368	18517.571590	60017.830300	237543.918100
13740.000000	4310.985581	18675.740500	60257.631950	237341.788400
13800.000000	4415.436437	18835.801590	59910.751900	237219.778400
13860.000000	4324.715646	18664.779560	59908.357190	237194.796200
13920.000000	4358.843883	18841.615950	59894.538270	236811.348300
13980.000000	4299.295047	18780.689180	59990.883100	237202.736800
14040.000000	4249.823271	18700.415130	60129.556850	236852.174400
14100.000000	4304.027098	18793.091150	59883.690230	237551.591800
14160.000000	4357.293439	18794.555760	60045.904700	237245.696700
14220.000000	4346.858238	18869.969810	60322.375410	237332.146400
14280.000000	4427.211462	18739.141750	60034.935760	236760.457800
14340.000000	4359.227031	18790.495860	59996.308690	236669.461200
14400.000000	4345.507246	18782.175520	59919.809920	236655.902800
14460.000000	4347.540237	18931.857270	59796.909160	236712.649600
14520.000000	4421.380500	19138.985210	60177.948130	236721.769000
14580.000000	4354.437218	18972.350050	59714.885900	236358.262300
14640.000000	4339.705841	18918.080720	59817.868010	236861.324700
14700.000000	4437.920639	18850.902560	59774.041660	236388.680400
14760.000000	4420.086098	18788.738110	59852.935150	236737.181700
14820.000000	4333.308993	19343.673010	59882.355080	236691.753800
14880.000000	4327.206685	19044.327440	59765.107380	236152.229000
14940.000000	4353.939165	18919.865420	59770.188890	237468.349500
15000.000000	4394.796762	18988.698200	59846.878770	236907.927400
15060.000000	4399.084255	19069.550120	60007.459720	236221.886900
15120.000000	4413.204255	19124.737060	59697.389450	236229.292500
15180.000000	4362.479980	19089.085490	59937.638260	236619.630400
15240.000000	4375.533722	19114.572610	59577.105440	236353.704200
15300.000000	4365.332131	18894.497200	59757.288090	236569.045100
15360.000000	4420.456086	19266.021900	59987.768380	236039.782200
15420.000000	4427.011769	19151.005720	59862.878600	235620.859000
15480.000000	4330.598723	19221.161760	59919.776220	236039.670400
15540.000000	4376.201758	19058.471470	59656.537940	236236.862200
15600.000000	4368.663921	19107.259790	59677.606360	236491.045600
15660.000000	4326.112454	19165.402880	59747.568940	235762.570400
15720.000000	4431.548059	19136.219820	59848.602120	235958.384200
15780.000000	4365.576940	19169.026860	59795.644680	236257.965400
15840.000000	4496.481459	19341.882920	59962.479960	236176.859400
15900.000000	4377.772969	19252.448750	59747.970980	235642.111900
15960.000000	4379.037781	19186.197920	59620.978730	235783.136600
16020.000000	4436.092041	19294.993480	60137.727280	236503.737600
16080.000000	4358.295883	19340.078470	59794.139590	235209.186000
16140.000000	4426.880279	19316.412910	59902.044200	236249.048200
16200.000000	4423.769227	19385.522050	59773.479860	235118.527800
16260.000000	4405.937363	19413.010510	59660.260870	235649.480900
16320.000000	4362.825288	19418.553560	59746.896940	236048.135900
16380.000000	4384.052661	19476.746750	59680.450040	235304.117500
16440.000000	4499.868800	19343.532090	59450.467120	235352.755300
16500.000000	4347.096576	19604.714310	59783.927600	234617.764300
16560.000000	4427.060847	19669.426510	59641.880240	235544.867900
16620.000000	4465.142516	19535.102970	60148.219290	235743.104000
16680.000000	4401.622643	19351.610400	59846.831570	235680.361000
16740.000000	4429.063806	19708.841700	59727.731070	235829.109400
16800.000000	4420.929324	19598.325290	59646.031370	235098.694500
16860.000000	4437.510705	19709.789450	59854.589550	235002.908500
16920.000000	4450.027315	19658.338180	59544.039700	236000.768700
16980.000000	4446.356188	19669.844030	59760.383100	235006.416100
17040.000000	4437.259363	19432.280830	59802.154480	235496.936800
17100.000000	4406.976213	19767.465730	59759.642900	235701.755200
17160.000000	4398.171400	19881.708100	59464.792220	235897.125500
17220.000000	4407.939512	19536.797450	59311.291070	235305.348200
17280.000000	4480.352552	19705.378250	59726.358600	235068.724700
17340.000000	4391.364979	19612.430410	59768.612170	234580.145200
17400.000000	4388.472562	19843.316370	59743.330380	234937.819900
17460.000000	4332.681306	19684.473430	59448.408410	234791.364300
17520.000000	4328.070529	19964.087930	59504.428920	234920.785200
17580.000000	4447.337927	19761.268660	59766.303930	235244.249400
17640.000000	4435.577001	19995.378400	59817.280880	235183.716800
17700.000000	4431.338605	19758.098020	59284.144880	234879.272700
17760.000000	4408.508482	19881.488770	59844.736650	235369.296200
17820.000000	4423.591996	19849.064310	59481.474020	235238.233100
17880.000000	4374.703777	19905.842590	59385.203550	235107.715400
17940.000000	4376.201112	19914.262740	59870.563670	234860.306500
18000.000000	4366.355119	19886.434720	59480.901570	234752.720400
18060.000000	4462.573068	19936.955750	59558.589920	233984.859600
18120.000000	4443.867004	19989.214590	59565.298930	235080.813600
18180.000000	4477.958452	20219.802260	59811.116440	235347.598000
18240.000000	4335.599434	20138.790920	59843.356580	234291.625800
18300.000000	4474.765156	20050.597660	59487.785080	234396.634600
18360.000000	4417.691553	20092.288960	59489.252950	234421.311300
18420.000000	4468.981001	20233.548750	59514.340850	234339.308100
18480.000000	4361.278025	20093.294440	59498.056910	234390.598300
18540.000000	4444.293899	20008.698830	59223.683530	233757.199400
18600.000000	4503.318638	20132.963600	59586.548000	234372.702000
18660.000000	4565.576702	20176.624830	59544.931370	233640.143900
18720.000000	4473.901234	20176.230080	59624.567740	233600.619200
18780.000000	4469.356971	20141.281900	59525.566450	234290.543300
18840.000000	4398.140072	20266.110180	59529.058840	233802.922400
18900.000000	4551.124233	20072.350070	59477.153180	234094.005900
18960.000000	4443.380112	20296.254230	59581.655850	234560.156200
19020.000000	4345.243678	20407.534590	59681.992680	234331.199800
19080.000000	4442.606597	20338.960940	59348.244600	234860.834100
19140.000000	4397.664191	20309.237600	59606.391010	234350.469400
19200.000000	4370.693711	20110.797880	59363.255140	234151.837200
19260.000000	4504.318399	20288.683030	59588.354830	233777.491500
19320.000000	4391.332050	20234.844870	59531.168210	233713.869800
19380.000000	4558.472487	20537.841720	59608.717610	233936.394900
19440.000000	4498.262152	20541.591670	59545.368070	233842.395200
19500.000000	4458.669145	20333.539300	59262.343350	233479.706000
19560.000000	4396.046898	20341.967020	59542.618850	233754.739800
19620.000000	4478.892060	20553.287130	59597.643250	234061.480700
19680.000000	4495.017454	20578.300980	59173.656310	233849.917600
19740.000000	4489.737709	20577.733660	59230.452340	233634.338800
19800.000000	4407.409061	20483.233030	59282.513250	233688.978300
19860.000000	4429.214632	20578.132880	59291.179310	233041.204300
19920.000000	4481.366679	20410.911350	59620.759040	233295.675300
19980.000000	4417.926974	20484.374760	59238.488590	234023.903900
20040.000000	4448.730683	20617.681720	59292.397770	234032.848800
20100.000000	4446.766882	20480.250570	59502.243970	233787.322500
20160.000000	4472.828622	20630.818380	59244.192090	233960.521500
20220.000000	4519.940285	20692.113600	59264.631030	233218.378400
20280.000000	4559.193214	20599.327950	59402.976320	233145.050600
20340.000000	4535.383412	20576.252090	59153.527220	233222.072300
20400.000000	4428.275732	20591.109310	59450.379480	233047.029700
20460.000000	4495.426848	20836.617300	59520.661610	233080.199000
20520.000000	4457.672446	20719.605580	59334.728170	232606.224500
20580.000000	4516.357670	20775.864120	59481.054760	233510.451200
20640.000000	4538.411732	20627.570680	59319.366070	232691.716500
20700.000000	4527.911839	20750.199890	59104.361080	233463.173900
20760.000000	4534.102396	20728.858820	59435.346090	233654.358300
20820.000000	4520.292871	20801.097890	59261.119340	233231.545700
20880.000000	4569.298775	20523.216930	58968.444080	233467.236200
20940.000000	4447.192439	20793.885050	59191.634620	232813.750500
21000.000000	4451.299969	20736.318170	59475.623680	233135.291900
21060.000000	4562.637240	20935.345120	59251.606490	234186.219400
21120.000000	4450.182232	20897.785470	59145.619780	232632.688400
21180.000000	4440.029458	20910.902880	59106.589460	233207.968700
21240.000000	4466.985770	20952.477310	58953.544580	232711.089200
21300.000000	4486.034190	20861.380040	59496.910500	233877.591000
21360.000000	4416.643351	20843.537850	59178.851400	232799.493100
21420.000000	4496.798885	20715.495690	59062.548800	232124.164600
21480.000000	4462.303805	21018.523040	59172.254370	232858.935000
21540.000000	4462.866755	21040.075980	59243.634410	232705.561800
21600.000000	4464.927432	21097.451150	59305.960490	232994.026000
21660.000000	4448.116319	21112.313150	59215.137300	232780.236800
21720.000000	4513.029418	21017.066670	59369.720060	232242.996700
21780.000000	4444.004980	21138.090790	59571.294810	232118.118500
21840.000000	4492.124047	20977.384000	58878.128010	232371.306600
21900.000000	4480.123282	21169.685920	58674.445760	233021.992700
21960.000000	4546.619328	21115.140910	59116.022870	232719.758700
22020.000000	4513.008671	21058.463020	59037.620980	232793.858600
22080.000000	4482.412191	21252.881540	59089.824850	232370.485800
22140.000000	4529.548809	21138.986330	59025.882400	232805.416300
22200.000000	4464.223551	21146.489600	58845.624020	232695.302000
22260.000000	4510.405932	21336.362690	59077.621270	232591.669900
22320.000000	4586.795734	21167.604600	59012.080560	232784.139700
22380.000000	4476.449799	21142.203250	59311.595620	232210.808400
22440.000000	4505.570367	21242.519810	59230.435260	232049.813500
22500.000000	4536.146078	21212.264880	59192.848870	232560.757000
22560.000000	4465.002296	21097.312430	58959.620680	232166.653100
22620.000000	4458.366845	21535.645530	58938.546050	233233.740500
22680.000000	4580.652351	21269.652910	58918.846940	232297.972200
22740.000000	4536.307083	21239.951120	59122.585020	233020.042700
22800.000000	4561.037091	21400.783670	58552.153070	232455.251800
22860.000000	4416.384438	21371.160410	58934.881550	232271.812100
22920.000000	4572.310702	21394.076390	58923.537700	232410.734300
22980.000000	4506.849277	21486.317100	58904.632890	232330.407000
23040.000000	4538.011240	21483.542960	59175.928050	232667.631200
23100.000000	4577.493749	21564.986950	58873.962920	232052.096100
23160.000000	4555.183222	21493.862520	58622.671920	232290.771800
23220.000000	4678.106805	21452.412190	58923.183700	232666.065500
23280.000000	4496.634992	21447.071340	58949.900660	232154.899900
23340.000000	4494.901545	21334.111440	58825.606650	231872.293700
23400.000000	4515.048534	21339.719590	58859.925930	232144.221600
23460.000000	4537.868283	21471.994420	58663.186300	231931.085900
23520.000000	4552.975888	21422.814370	58732.327080	232111.703400
23580.000000	4610.209301	21809.195690	58952.430480	231598.316500
23640.000000	4605.250256	21535.959850	58777.400970	231541.362300
23700.000000	4641.380912	21493.231110	58897.162920	232141.236500
23760.000000	4556.997526	21698.248130	59010.503940	231652.914600
23820.000000	4515.144936	21638.743960	58720.018520	231752.140400
23880.000000	4496.868377	21651.543600	58954.130970	231437.920900
23940.000000	4514.310583	21610.983690	59026.817100	231752.610300
24000.000000	4580.002130	21662.354170	58497.608310	231498.935500
24060.000000	4528.035123	21694.642310	58521.788790	231339.186600
24120.000000	4606.400409	21587.958820	58805.543900	231527.466500
24180.000000	4532.892238	21604.417350	58756.451550	231388.307400
24240.000000	4561.973463	21552.314270	58763.414820	231466.364600
24300.000000	4614.430830	21788.365920	58357.422460	230924.253500
24360.000000	4642.532887	21843.348960	58808.061140	231377.793400
24420.000000	4582.435717	21684.677890	58618.953510	231399.649800
24480.000000	4545.558469	21870.120360	58747.937570	231814.459100
24540.000000	4522.269303	21676.065400	58558.808590	231387.938700
24600.000000	4615.917078	21819.365640	58442.188290	231379.859000
24660.000000	4505.603164	21709.627910	58476.931630	232079.054900
24720.000000	4565.554027	21923.117290	58664.977430	231872.876700
24780.000000	4498.183892	21804.227600	58997.218500	231106.043600
24840.000000	4592.523623	21788.110000	58723.170830	232083.144800
24900.000000	4417.909281	21873.137200	58564.802860	230228.121000
24960.000000	4588.152592	21878.815860	58653.775910	231205.825200
25020.000000	4505.304956	21924.174670	58543.423100	231152.032700
25080.000000	4450.520846	21904.303060	58522.462110	230349.278700
25140.000000	4547.033303	21891.945230	58721.803240	231223.575800
25200.000000	4556.648748	22000.705720	58465.109190	231281.543500
25260.000000	4508.021785	21877.865680	58534.544320	231505.778400
25320.000000	4612.692635	22211.446060	58603.208710	231465.523100
25380.000000	4586.438467	22120.326820	58894.106520	230901.125800
25440.000000	4580.046487	21972.270270	58574.477850	231337.508800
25500.000000	4656.055539	22025.181300	58829.459840	231519.966300
25560.000000	4680.682269	22095.404360	58576.711540	231700.310900
25620.000000	4668.738331	22176.977560	58685.603460	231254.125100
25680.000000	4560.713056	22134.504400	58744.788830	231624.934600
25740.000000	4619.751550	22126.775650	58334.769870	230896.883000
25800.000000	4612.997907	22174.081050	58221.972120	230614.202400
25860.000000	4626.363526	22303.177570	58599.064770	231335.572100
25920.000000	4566.596907	22279.801740	58789.241130	231368.239600
25980.000000	4649.280213	22183.919260	58825.158920	230704.582600
26040.000000	4623.188576	22290.703550	58495.412020	231035.138900
26100.000000	4588.440416	22077.401730	58504.730170	231527.811200
26160.000000	4628.954385	22330.194220	58651.057800	230316.774900
26220.000000	4620.493994	22279.228340	58724.495970	231032.145200
26280.000000	4550.096591	22139.468070	58481.664550	230703.877100
26340.000000	4620.310006	22178.445340	58698.739850	230367.361900
26400.000000	4616.798725	22278.666450	58422.327670	230476.487400
26460.000000	4567.475980	22155.058340	58346.691260	230600.810100
26520.000000	4669.056104	22127.380880	58294.800140	230870.896200
26580.000000	4658.767896	22431.247550	58443.130190	230116.504700
26640.000000	4503.129827	22347.524120	58235.278410	230163.118900
26700.000000	4594.077327	22285.167660	58291.752000	230242.789900
26760.000000	4629.761140	22398.093150	58545.817260	230269.773100
26820.000000	4576.406578	22402.765630	58422.107740	230046.155100
26880.000000	4554.983428	22478.035690	57958.318270	230771.133900
26940.000000	4699.463573	22488.772510	58365.543090	230860.488500
27000.000000	4623.626338	22404.151430	58392.995410	231040.392800
27060.000000	4732.210834	22578.928860	58224.087410	230486.311300
27120.000000	4667.165490	22377.852630	58313.041670	229969.832900
27180.000000	4598.043297	22577.304620	58319.526410	230202.060600
27240.000000	4594.011284	22580.708150	58528.810730	229745.994200
27300.000000	4580.051846	22298.366110	58363.760440	229447.888700
27360.000000	4636.667998	22744.552060	58212.476630	229765.821600
27420.000000	4535.467992	22656.455240	58160.882110	230693.654700
27480.000000	4733.822613	22655.912460	58234.673180	229852.575700
27540.000000	4612.624685	22739.773780	58060.747060	230188.099800
27600.000000	4635.894057	22489.741180	58355.148140	229430.445800
27660.000000	4640.410294	22701.104000	58194.439650	229980.172300
27720.000000	4685.384924	22524.966700	58177.072950	230231.005300
27780.000000	4691.512015	22655.240570	58360.081980	230127.993600
27840.000000	4575.294433	22733.607410	58318.187870	229989.994200
27900.000000	4618.712979	22761.768720	58225.095420	229304.835400
27960.000000	4634.982874	22694.136110	58106.026630	230140.422500
28020.000000	4597.566279	22835.429860	58162.695530	229430.631700
28080.000000	4625.332252	22784.241900	57989.029920	229446.275700
28140.000000	4609.384784	22652.165210	58076.826880	229105.775800
28200.000000	4688.308284	22767.009260	58362.288240	229699.229400
28260.000000	4671.909116	22769.663930	58048.775260	230043.585000
28320.000000	4632.030336	22871.370900	58109.719740	229760.018100
28380.000000	4656.369889	22794.156820	58252.136990	230142.087000
28440.000000	4611.738165	22712.973160	58135.264450	229443.069100
28500.000000	4661.595667	22911.579450	57967.312630	228886.411900
28560.000000	4602.062694	22868.961840	58100.012860	229426.987500
28620.000000	4585.352767	23072.245510	58152.072910	229685.530600
28680.000000	4636.458940	23024.631030	58022.324160	230055.239200
28740.000000	4622.310876	22933.691030	57955.007960	229831.564700
28800.000000	4684.939017	23045.309310	57826.914100	230148.540400
28860.000000	4674.731188	22679.137370	58154.208630	229501.173800
28920.000000	4642.896936	22843.989770	58162.181880	229438.337400
28980.000000	4589.498975	23075.047260	58290.585850	230330.841500
29040.000000	4599.490419	22941.725380	58051.716000	229053.396900
29100.000000	4611.128906	23218.947890	57941.700200	228987.853900
29160.000000	4565.779876	22964.133530	58223.852800	229638.823600
29220.000000	4715.430091	23022.498740	58168.694910	229346.753300
29280.000000	4539.287715	23167.494870	57839.035540	229270.077100
29340.000000	4686.275727	23163.432390	58290.026050	229216.755500
29400.000000	4711.992344	23032.187540	58090.489100	229010.577800
29460.000000	4648.383213	23084.160670	57932.103320	230186.744100
29520.000000	4664.613930	22987.555360	57943.473770	228787.809500
29580.000000	4512.761670	23298.378260	57935.919590	228703.369800
29640.000000	4685.344323	23130.352120	58185.053300	228744.999700
29700.000000	4681.041433	23229.278330	57969.641950	228598.951300
29760.000000	4722.003049	23377.533730	58086.149350	229054.928800
29820.000000	4710.455034	23280.538460	58085.489020	228990.266300
29880.000000	4635.145371	23216.386230	58050.918980	228465.540300
29940.000000	4682.925187	23409.839170	57817.237100	229387.837500
30000.000000	4726.260445	23200.456760	57914.152310	228531.231200
30060.000000	4672.393696	23264.590400	57713.945580	228199.646100
30120.000000	4565.896930	23443.547130	57596.347760	229135.431100
30180.000000	4687.553228	23229.090900	57692.603850	228977.641600
30240.000000	4631.411041	23294.987270	57759.504670	229700.664700
30300.000000	4656.502979	23334.041220	57913.118380	228578.285300
30360.000000	4608.953417	23343.328120	57833.390890	228636.875000
30420.000000	4711.435157	23332.917770	57950.149100	229022.754600
30480.000000	4637.555643	23381.555270	57829.144940	228860.755900
30540.000000	4629.097907	23360.494460	57897.035240	228772.689500
30600.000000	4694.170702	23351.693840	57973.211700	228643.225500
30660.000000	4732.174682	23627.668930	57782.022470	228611.916900
30720.000000	4707.729258	23466.075740	57815.957370	229143.926600
30780.000000	4681.564941	23609.956180	57680.966950	229057.853600
30840.000000	4710.657604	23430.943400	57935.267900	228845.044700
30900.000000	4744.478110	23603.590440	58026.523920	228531.453900
30960.000000	4716.226381	23649.704320	58181.814760	227884.456900
31020.000000	4743.579572	23541.983700	57825.939380	228550.462500
31080.000000	4646.876145	23479.351850	57908.811140	228228.375100
31140.000000	4673.423187	23669.272180	57445.370260	228651.721500
31200.000000	4790.206647	23715.308520	57736.918410	228652.423800
31260.000000	4750.829970	23636.467770	57546.472470	228409.706500
31320.000000	4792.203627	23593.955050	57560.011900	228273.461400
31380.000000	4667.489965	23572.489470	58127.326120	228622.173400
31440.000000	4720.269890	23566.363200	57707.027080	228462.071400
31500.000000	4787.557975	23687.722680	57794.814560	228478.300000
31560.000000	4639.386139	23487.862620	57674.522920	228480.994200
31620.000000	4757.737313	23613.141670	57752.869590	228195.462100
31680.000000	4709.534030	23741.038580	57704.768410	228741.550900
31740.000000	4678.055734	23770.049310	57689.262240	228998.383400
31800.000000	4701.560272	23718.611780	57622.935030	228559.336500
31860.000000	4724.679328	23824.857530	57464.312430	229101.219000
31920.000000	4720.186114	23625.788150	57420.253280	228280.929600
31980.000000	4736.553686	23467.211310	57723.297310	228220.717200
32040.000000	4698.877392	23756.041050	57840.979870	228369.676400
32100.000000	4816.739967	23871.360770	57627.992900	228290.259200
32160.000000	4760.987979	23923.072780	57645.539300	228226.907600
32220.000000	4759.700856	24017.195450	57725.487110	228210.150000
32280.000000	4680.028154	23799.384910	57481.022680	228569.067300
32340.000000	4732.486184	23816.990100	57885.199360	228085.225300
32400.000000	4693.418236	23697.637920	57483.753250	227762.625400
32460.000000	4695.015207	23642.651490	57667.602710	227938.499300
32520.000000	4745.463750	23887.606140	57673.390240	228918.263600
32580.000000	4781.804029	24122.449000	57769.966300	228208.241000
32640.000000	4753.969902	23903.926890	57645.013370	227947.148300
32700.000000	4671.005264	23933.603820	57630.833870	228683.208900
32760.000000	4752.036054	24143.615620	57463.885930	228166.790500
32820.000000	4671.820686	23919.601550	57820.564980	227910.214500
32880.000000	4723.440681	24106.951580	57646.027580	227926.944900
32940.000000	4743.476204	24263.232550	57479.358820	228162.448500
33000.000000	4712.691582	24222.420130	57428.748230	228046.407300
33060.000000	4759.400190	24017.778240	57574.749940	227864.827400
33120.000000	4738.525207	24137.170810	57467.413930	228417.277200
33180.000000	4700.257717	24085.947540	57099.709760	227388.669000
33240.000000	4815.292439	24143.302180	57472.477720	227904.648800
33300.000000	4701.837161	24210.851630	57722.799980	227910.537900
33360.000000	4609.306717	23889.382230	57479.231200	227887.123400
33420.000000	4744.766622	24094.742450	57610.281160	227527.244000
33480.000000	4752.062134	24156.587700	57382.441380	228116.440600
33540.000000	4691.108782	24179.605410	57212.861110	227912.717100
33600.000000	4795.307546	24203.162530	57612.581150	227723.184800
33660.000000	4841.319596	24239.990850	57206.489120	228303.631100
33720.000000	4766.423703	24257.839350	57619.235250	228358.562500
33780.000000	4701.662592	24004.279630	57249.576000	227695.468300
33840.000000	4715.413387	24279.242930	57644.274700	227934.952000
33900.000000	4828.662777	24194.111740	57335.612670	228312.604400
33960.000000	4732.380405	24247.486940	57290.768550	228544.587700
34020.000000	4725.506757	24172.391290	57449.537030	227722.298900
34080.000000	4811.669215	24177.885280	57352.440480	227970.671800
34140.000000	4788.964941	24165.623340	57531.546240	227849.205300
34200.000000	4767.740841	24531.385830	57276.876050	227379.923900
34260.000000	4737.199128	24163.677230	57346.386850	226892.341500
34320.000000	4740.838813	24374.171010	57364.183380	227882.349100
34380.000000	4704.992224	24372.083460	57336.563010	227453.287100
34440.000000	4861.236924	24497.491260	57192.405230	227932.179400
34500.000000	4712.361585	24502.228390	57465.808880	227094.608500
34560.000000	4735.092185	24509.366570	57237.524860	227345.713100
34620.000000	4817.334142	24402.774570	57328.771760	228639.375000
34680.000000	4791.385918	24483.793830	57235.971120	227714.679900
34740.000000	4748.346070	24589.830690	57301.539230	227651.379600
34800.000000	4802.265828	24362.887430	57080.205100	227573.579700
34860.000000	4763.172521	24448.343450	57068.474760	226824.819500
34920.000000	4767.503928	24465.585460	57270.394040	227510.528500
34980.000000	4799.166738	24367.024680	57044.483380	227272.705900
35040.000000	4768.297438	24666.627070	57697.490940	226797.240700
35100.000000	4774.342163	24563.722070	57580.107850	228521.827500
35160.000000	4850.132268	24520.621840	57117.862080	227731.933100
35220.000000	4753.922827	24662.030960	57266.374570	226705.205700
35280.000000	4788.004847	24545.230630	57290.372480	226867.707700
35340.000000	4750.138775	24514.681650	57172.401190	227221.597800
35400.000000	4730.667988	24482.740380	57356.182110	227479.002700
35460.000000	4808.069366	24793.571380	57323.025150	227136.848700
35520.000000	4833.348602	24744.304170	57133.090770	227542.540700
35580.000000	4788.083493	24777.636000	57079.078180	226823.831000
35640.000000	4757.092539	24697.815810	57189.309090	227083.768000
35700.000000	4761.233214	24656.638630	57105.297570	227446.472300
35760.000000	4864.206213	24757.850360	57051.819180	226950.281600
35820.000000	4832.732384	24805.350740	57208.194080	227280.059200
35880.000000	4825.915150	24501.233310	57563.006090	227100.173500
35940.000000	4908.240009	24797.680850	57182.397890	226995.403500
36000.000000	4871.686714	24807.341750	56941.100020	226969.310500
36060.000000	4794.505836	24636.989140	57221.468070	227562.898600
36120.000000	4817.644764	24954.869450	56918.682860	227140.155600
36180.000000	4907.174752	24660.373940	57043.624840	227091.022800
36240.000000	4824.085419	24903.755690	56953.772900	227344.379400
36300.000000	4829.257587	24735.277860	57138.119790	227246.722800
36360.000000	4809.465948	24909.617820	57044.715270	227603.018700
36420.000000	4847.640258	24830.587010	56813.756850	227024.591200
36480.000000	4755.629940	24664.810240	57312.270510	226892.381500
36540.000000	4937.593269	24742.585770	56984.369710	227160.753400
36600.000000	4821.151219	24990.353470	56733.453400	227122.105900
36660.000000	4845.344689	24872.678470	57319.386390	226974.552800
36720.000000	4751.620880	24929.220820	56842.179030	226310.080100
36780.000000	4809.591323	25179.173350	57110.398080	226791.001900
36840.000000	4698.532252	25015.466450	57301.061660	227086.097700
36900.000000	4790.322287	25062.350670	56992.080480	226820.812100
36960.000000	4786.924127	24852.314460	57069.754680	227115.290800
37020.000000	4928.607668	24940.986820	56875.088820	227034.166700
37080.000000	4789.038351	24932.462010	57048.596950	225995.347400
37140.000000	4824.289427	25141.406380	57166.641000	227110.002800
37200.000000	4789.475394	25105.956500	57195.807800	227668.997200
37260.000000	4799.586428	25322.467600	57337.385370	226634.827100
37320.000000	4761.621416	25059.668690	56957.394300	226771.340900
37380.000000	4778.444939	25202.643610	57150.731810	226369.559100
37440.000000	4822.641446	25054.579190	56703.974310	226715.875200
37500.000000	4808.768086	25177.305460	56923.720140	226405.926300
37560.000000	4813.208630	25314.496550	56848.149450	227129.096400
37620.000000	4764.165756	25222.420620	56634.541370	226778.374700
37680.000000	4844.019372	25037.716500	56840.488500	227130.483300
37740.000000	4893.251652	25342.301050	56906.545950	226542.462600
37800.000000	4925.878645	25113.075840	56964.885510	226049.204900
37860.000000	4821.633302	25050.766850	57151.632170	226861.351500
37920.000000	4849.350415	25347.849550	56925.109320	226403.686500
37980.000000	4867.911905	24985.686340	56792.819150	226538.790500
38040.000000	4811.399446	25349.795090	56999.724580	226498.695800
38100.000000	4885.752590	25383.429940	57072.193850	227219.617600
38160.000000	4804.742004	25345.951460	56768.885290	227088.519000
38220.000000	4836.441041	25302.310110	56852.194480	226592.043400
38280.000000	4840.273791	25316.927400	56827.104940	226403.417200
38340.000000	4780.262868	25365.302300	57067.823140	226740.323800
38400.000000	4842.442400	25245.191090	56915.840940	226846.752200
38460.000000	4894.076321	25326.035260	56705.133960	226890.219000
38520.000000	4950.415610	25259.727130	56798.929040	226311.906200
38580.000000	4833.492525	25325.294850	56569.014230	226826.008900
38640.000000	4896.849087	25607.072370	57147.214180	227138.336200
38700.000000	4821.949026	25405.046510	57148.327420	226011.714500
38760.000000	4796.528388	25257.806880	57063.283190	226629.155500
38820.000000	4773.010285	25201.486290	56656.950730	226808.855600
38880.000000	4828.202800	25352.442820	57025.433530	226448.418800
38940.000000	4906.247789	25561.708510	56761.785280	226202.330800
39000.000000	4820.744965	25579.912590	56769.384230	225672.616000
39060.000000	4871.951130	25621.090840	56979.287970	226844.832500
39120.000000	4858.920768	25358.657650	56763.779830	226754.757400
39180.000000	4814.428949	25508.560630	56706.387520	226784.904400
39240.000000	4844.000989	25416.395770	56872.355600	225947.908300
39300.000000	4987.145900	25507.531200	56705.961200	226237.698300
39360.000000	4938.266953	25462.723560	56789.205900	226349.559900
39420.000000	4906.407074	25745.680820	56820.269330	226768.799800
39480.000000	4932.057952	25694.765250	56476.427310	226882.619100
39540.000000	4879.944030	25650.721680	56426.234870	226431.496800
39600.000000	4892.868639	25624.032950	56957.147900	226230.608700
39660.000000	4907.067545	25708.801320	56950.467980	225794.066900
39720.000000	4947.289938	25909.223970	56823.795890	226495.485600
39780.000000	4833.426110	25565.562030	56703.614060	225947.919600
39840.000000	4864.821345	25514.792100	56699.541970	226616.013000
39900.000000	4941.103163	25806.594100	56705.440700	226088.191300
39960.000000	4853.631785	25700.986140	56944.676310	226363.160500
40020.000000	4857.429755	25750.256870	56531.572590	226560.649300
40080.000000	4862.635720	25588.404210	56609.010250	226236.873400
40140.000000	4840.533073	25825.865360	56506.553790	226318.182300
40200.000000	4856.459678	25709.951640	56866.796250	225970.023700
40260.000000	4915.305434	25929.159190	56486.606300	226102.940300
40320.000000	4781.044901	25827.721510	56706.157890	225475.277800
40380.000000	4909.881212	25901.837080	56785.375550	226396.569400
40440.000000	4975.965626	25937.890630	56598.655620	225777.216100
40500.000000	4822.773323	25615.625450	56674.899990	225900.572200
40560.000000	4929.927995	25913.785790	56702.024350	225589.075200
40620.000000	4932.244531	25902.863210	56477.853710	225795.024600
40680.000000	4913.685292	25905.220720	56550.027920	225591.589000
40740.000000	4964.122718	25853.848140	56655.863980	225751.796700
40800.000000	4900.260823	25856.983080	56616.306200	225552.663600
40860.000000	4883.806361	25990.234840	56628.364010	225669.311600
40920.000000	4846.661262	25909.543230	56447.479380	225240.186400
40980.000000	4905.292493	25736.149460	56507.097320	224846.094200
41040.000000	4831.251907	25881.485610	56704.966520	225886.657200
41100.000000	4873.855888	25872.701060	56534.060920	225297.361900
41160.000000	4930.824612	26208.013590	56458.531920	225203.522800
41220.000000	4973.347730	26161.085830	56491.762300	225949.873400
41280.000000	4935.061639	26211.782130	56571.404370	226049.031400
41340.000000	4934.535352	25995.934750	56497.832660	225784.376400
41400.000000	4879.618411	26257.302280	56704.094620	226173.299700
41460.000000	4843.073593	25908.821060	56401.706590	225725.168700
41520.000000	4941.433394	26129.105450	56257.637040	225800.548000
41580.000000	4927.481424	25962.562260	56350.555540	225449.128500
41640.000000	4805.824585	26159.577360	56455.475480	225912.977400
41700.000000	4887.595573	26063.680830	56383.412240	225394.781900
41760.000000	4886.395619	25943.441370	56822.282110	226300.342400
41820.000000	4872.108324	26013.194750	56529.185870	225302.249600
41880.000000	4973.730167	26045.181410	56645.105060	225128.637300
41940.000000	4831.648982	26032.931050	56568.622050	225669.174200
42000.000000	4871.282109	26080.068330	56574.867310	225970.536000
42060.000000	4943.059647	26185.114090	56292.404480	225515.383200
42120.000000	4962.746634	26098.255630	56262.260100	225328.927300
42180.000000	4984.085992	26025.706170	56686.253150	225596.800000
42240.000000	4940.166543	26185.544310	56367.002290	225297.595900
42300.000000	4921.134878	26087.175980	56428.452570	225436.145100
42360.000000	4929.315476	26285.198870	56465.846870	225822.693700
42420.000000	4857.495900	26354.849100	56386.054010	225198.797700
42480.000000	4897.895159	26249.001240	56415.226640	225334.444600
42540.000000	4956.336588	26272.534080	56393.883410	225866.216000
42600.000000	4887.902815	26459.020710	56561.705820	224844.386400
42660.000000	4895.650988	26165.611510	56455.715480	224880.604100
42720.000000	5010.634635	26175.713580	56321.678540	224841.099100
42780.000000	4986.728264	26271.749670	56563.485960	225400.378000
42840.000000	4872.044025	26036.379270	56490.202640	225329.493800
42900.000000	4849.984476	26453.874110	56355.552890	225178.104800
42960.000000	5036.926082	26417.144950	56141.299070	225235.692800
43020.000000	4992.751179	26118.027060	56323.245640	224645.824900
43080.000000	4885.084970	26509.634770	56275.431060	225274.240400
43140.000000	4887.100781	26405.469050	55963.905190	224555.062600
43200.000000	4987.804145	26467.421740	56448.517580	224973.163000
43260.000000	4943.549220	26347.163510	56373.860990	224800.373900
43320.000000	4862.992167	26399.636510	56288.724670	225232.777000
43380.000000	5026.299805	26441.447890	56059.645680	224833.137300
43440.000000	4862.320327	26506.389510	56192.246350	224691.655700
43500.000000	4967.067156	26401.946550	56088.320950	225429.015700
43560.000000	4982.351529	26406.658790	56386.118830	225851.504700
43620.000000	4871.806564	26682.027110	56498.158690	224827.519500
43680.000000	4868.162722	26526.986950	56396.964390	225122.883300
43740.000000	4876.660032	26539.007100	56257.793090	225367.330000
43800.000000	4960.944415	26373.176670	56068.113200	225044.451500
43860.000000	4924.870503	26419.372150	56398.280060	225048.670600
43920.000000	5042.833509	26603.362490	56002.985850	225072.883000
43980.000000	5079.988669	26613.383810	56051.005420	224714.176300
44040.000000	4936.375295	26529.514910	56218.542690	224580.244500
44100.000000	5043.483793	26648.615030	56051.682880	225013.594400
44160.000000	4914.587900	26790.790850	56468.482320	224945.153400
44220.000000	4891.217129	26501.154520	56562.008500	225798.826000
44280.000000	5044.432558	26712.252520	56049.124150	224769.914000
44340.000000	4945.285154	26598.949000	56142.117800	224809.104100
44400.000000	4946.899345	26608.642230	56466.409600	224697.538200
44460.000000	4893.778274	26548.392880	56364.070650	225003.874500
44520.000000	4919.408841	26881.154780	56369.730200	224933.448100
44580.000000	4936.292573	26729.543500	56181.264890	224884.519600
44640.000000	4991.942011	26722.890260	56078.035550	224451.690900
44700.000000	4931.981014	26779.302410	56128.739270	225166.174500
44760.000000	4904.238781	26719.170680	56276.407120	225296.065900
44820.000000	5112.442545	26801.824430	56081.389780	225195.547700
44880.000000	4879.203744	26840.803920	56120.972940	224552.868400
44940.000000	5015.644089	26941.646950	56180.592660	224349.924800
45000.000000	4998.348625	26576.628100	56044.512320	224608.224200
45060.000000	4885.502227	26762.040560	55917.157260	225313.059800
45120.000000	5005.652687	26892.866680	56203.065230	224615.529700
45180.000000	4904.203677	26953.883020	56105.987910	224608.843500
45240.000000	4904.009138	27061.935480	56129.166570	224660.736500
45300.000000	5020.829035	26877.067160	56305.956580	224848.103400
45360.000000	4971.378275	26932.604610	55924.321090	224747.422300
45420.000000	5014.193028	26866.456540	56291.007710	225074.231400
45480.000000	5020.194262	26915.846560	56175.223450	224591.609300
45540.000000	4941.388621	26775.474380	56145.962820	225092.865400
45600.000000	4959.297530	27130.360310	56101.854900	225139.997900
45660.000000	5043.776305	27014.359470	55945.394470	225178.699400
45720.000000	4983.939122	26775.674070	55740.630440	224618.359400
45780.000000	4969.924823	26928.533960	55936.920620	224745.051200
45840.000000	4982.998682	27202.902150	56100.500270	224950.253200
45900.000000	4999.870579	26878.012890	56245.733080	225325.952200
45960.000000	4942.010103	27127.190330	56239.677790	225539.813300
46020.000000	4966.776515	27017.414610	55602.516130	224249.743200
46080.000000	5105.814830	26983.785130	55817.685670	225116.939300
46140.000000	5006.362704	26968.196000	56121.453800	224534.063900
46200.000000	4909.239931	26985.147510	55982.849600	224317.703800
46260.000000	4996.569224	27086.282190	56197.180510	225000.672400
46320.000000	4979.546692	26891.571760	56012.263890	224749.471600
46380.000000	5082.002793	27104.166450	56075.654170	225012.981500
46440.000000	5043.271790	27066.458740	56116.503670	224230.650000
46500.000000	5064.707048	27277.833640	55830.545590	224424.590000
46560.000000	5036.300083	27077.754950	56114.286520	224795.862300
46620.000000	4894.401578	27096.139780	55839.973370	224697.663100
46680.000000	5051.546392	27303.316780	55943.584530	224879.061200
46740.000000	4971.709847	27361.393040	56055.212280	224771.126100
46800.000000	5025.359431	27350.224790	56064.697650	224335.397700
46860.000000	4995.679985	27121.308640	55985.944180	225143.459300
46920.000000	5050.435919	27128.771670	55896.395210	224693.739000
46980.000000	5040.688216	27138.162930	55779.440210	224787.943200
47040.000000	5001.707003	27265.276420	56075.465310	224301.277100
47100.000000	5053.641970	27204.566270	56264.520220	224588.784300
47160.000000	5058.182236	27390.168020	55834.845830	224843.255100
47220.000000	5006.076931	27317.718510	56168.170910	224313.410800
47280.000000	5055.841625	27423.013610	55946.730970	225038.601100
47340.000000	4995.805909	27296.635280	56184.176600	224245.938400
47400.000000	4986.192372	27413.951950	55987.940590	224103.648800
47460.000000	5001.063304	27550.280980	55956.814110	224395.492400
47520.000000	5164.870023	27422.499640	55768.211670	224781.802500
47580.000000	5056.820531	27417.996890	55480.345190	224400.826400
47640.000000	4995.875482	27563.135870	55964.068020	224559.100200
47700.000000	5078.451724	27483.481880	55833.445290	223847.885300
47760.000000	5038.513913	27304.030670	55682.050290	224481.214200
47820.000000	5086.402423	27466.943700	56010.848780	224452.287400
47880.000000	4987.504085	27506.470090	55869.781500	224299.113900
47940.000000	5088.160427	27539.698520	55873.424620	223991.053200
48000.000000	5149.501035	27285.976680	56145.398890	224311.976900
48060.000000	4948.237258	27437.204730	56139.465810	224642.371900
48120.000000	4991.409465	27321.816080	55860.738510	224135.448900
48180.000000	5063.200230	27504.760680	55708.716030	223650.878600
48240.000000	5077.419337	27337.297150	55742.402510	224101.231600
48300.000000	5136.029438	27607.587800	55622.853120	224465.611500
48360.000000	5081.669863	27567.523670	56079.206610	224386.917900
48420.000000	5151.854418	27442.568400	55843.292770	223917.648200
48480.000000	5085.248967	27613.638070	55826.646440	223719.154700
48540.000000	5062.900356	27566.490030	56065.275790	223767.198700
48600.000000	5098.010183	27687.114800	56134.025500	224225.198800
48660.000000	5081.820792	27560.028540	55884.119290	224407.844700
48720.000000	5056.916155	27473.570630	55955.314790	224387.028800
48780.000000	5056.641516	27454.834250	55425.523810	224161.052300
48840.000000	4957.116004	27516.903920	55963.586200	224578.533400
48900.000000	5173.730503	27586.330210	55316.944590	224387.941900
48960.000000	5049.340143	27795.067960	55933.026540	224223.930600
49020.000000	5121.206592	27593.056780	55813.674890	224713.652200
49080.000000	5184.030006	27498.509030	55777.861080	224444.136300
49140.000000	5026.973430	27703.174140	55603.609100	223692.861600
49200.000000	5108.061125	27608.738910	56011.867740	223949.077500
49260.000000	5208.247475	27690.691980	55822.001800	223469.880600
49320.000000	5167.348244	27713.165320	55698.381170	224106.950800
49380.000000	5103.284691	27822.901410	55698.381570	223552.510100
49440.000000	5082.002249	28098.517190	55568.387670	223797.982700
49500.000000	5015.929123	27696.186440	55519.407850	224438.567900
49560.000000	5061.817344	27883.812720	55502.807960	223919.241700
49620.000000	5110.107737	27715.218130	55636.475600	223509.656200
49680.000000	5188.097444	27896.147150	55576.929690	223823.476100
49740.000000	5043.304693	27810.103530	55658.683900	223589.454300
49800.000000	5094.239656	27836.232550	55556.446170	223861.597200
49860.000000	5076.340773	27916.322760	55674.718250	223605.604700
49920.000000	5028.750545	28022.688000	55728.173100	224167.983300
49980.000000	5122.748333	27945.271920	55684.010520	223566.142400
50040.000000	5057.635718	27936.762760	55601.572020	224011.513000
50100.000000	5088.360122	27869.300960	55551.990790	223270.147300
50160.000000	4988.800892	27883.083710	55707.017600	223851.760400
50220.000000	5014.017785	27634.733700	55848.739420	223572.270100
50280.000000	5131.501202	28082.803950	55533.055780	223876.823100
50340.000000	5082.140587	27924.035670	56007.296140	223970.821000
50400.000000	5195.094014	27763.116870	55516.436190	224024.197300
50460.000000	5081.893518	27700.968180	55678.540730	223970.484200
50520.000000	5077.674959	27856.674270	55619.021630	224316.421300
50580.000000	5214.125206	27947.102360	55640.812790	223802.001100
50640.000000	5089.113679	27954.616070	55724.282210	223246.020600
50700.000000	5165.607889	28053.148570	55430.541250	223011.322100
50760.000000	5153.893775	27972.117020	55859.230410	223314.741300
50820.000000	5046.367181	27912.722100	55768.887680	223519.317900
50880.000000	5063.294726	28143.160020	55873.772510	223772.416600
50940.000000	5065.787830	28047.821770	55535.869020	223163.458300
51000.000000	5042.088903	27868.857860	55584.779440	223486.953900
51060.000000	5083.651749	28021.902220	55620.558410	222911.192700
51120.000000	5138.174468	28104.406620	55703.316870	223579.201900
51180.000000	5135.287899	28255.161620	55714.169530	223518.299700
51240.000000	5050.123050	28020.907450	55482.490950	223771.792900
51300.000000	5067.413689	28188.534720	55492.714590	223502.962700
51360.000000	5111.362964	28035.435570	55647.482630	223945.154400
51420.000000	5092.708938	28180.971910	55826.631650	223530.343500
51480.000000	5093.154602	28158.729870	55584.714470	223914.941800
51540.000000	5080.905936	28417.543230	55529.294230	224311.493600
51600.000000	5077.175813	28128.994860	55208.284240	224475.676100
51660.000000	5100.331335	28385.591590	55658.036420	222482.840100
51720.000000	5154.459390	28137.220930	55457.477830	222931.256800
51780.000000	5146.783979	28095.613370	55415.852120	223574.525900
51840.000000	5148.384657	28405.184860	55461.020500	223836.552000
51900.000000	5088.681529	28262.201900	55414.516710	223947.111300
51960.000000	5219.718434	28354.477010	55512.392980	223254.768800
52020.000000	5167.154506	28467.083960	55867.755400	223625.653400
52080.000000	5059.894063	28530.689930	55910.019120	223573.263300
52140.000000	5107.368732	28594.499660	55602.122970	223179.048600
52200.000000	5164.353065	28299.013350	55607.016060	223128.040700
52260.000000	5123.843085	28280.026620	55253.389070	223662.637400
52320.000000	5096.145006	28521.329640	55562.230910	223569.244000
52380.000000	5118.718370	28381.148550	55409.450990	223383.170000
52440.000000	5194.442926	28381.314950	55618.242940	223233.756400
52500.000000	5163.266923	28394.241880	55391.673310	223567.203500
52560.000000	5176.206052	28374.345560	55200.774300	223079.002700
52620.000000	5202.797626	28451.174470	55693.559160	223261.767500
52680.000000	5160.430694	28398.365380	55598.795970	223512.725600
52740.000000	5098.729254	28408.476910	55351.584290	222972.851900
52800.000000	5132.053034	28418.935770	55259.364430	222988.893200
52860.000000	5160.979822	28430.300890	55445.562330	223433.125400
52920.000000	5201.591153	28615.456300	55086.599210	222886.010800
52980.000000	4989.840929	28581.594990	55288.279700	223267.671000
53040.000000	5085.591564	28428.876920	55535.418810	222774.880500
53100.000000	5145.337610	28320.086500	55373.393830	222356.202700
53160.000000	5137.887349	28557.032050	55422.651650	223612.474700
53220.000000	5039.981504	28753.772030	55380.903240	223651.763100
53280.000000	5125.702999	28284.878870	55190.231260	223137.067100
53340.000000	5091.472880	28566.359290	55550.975820	223276.910200
53400.000000	5154.056506	28430.094390	55254.158580	223336.221100
53460.000000	5138.502976	28663.661520	55455.743770	223083.482600
53520.000000	5100.512027	28753.746930	55581.755040	222784.427100
53580.000000	5139.297171	28868.040040	55269.115610	222726.223200
53640.000000	5063.233893	28606.912370	55435.059000	223246.196000
53700.000000	5218.862116	28666.641620	55079.648790	222876.046600
53760.000000	5192.734979	28563.832340	55316.858020	223010.307800
53820.000000	5146.382967	28878.601940	55087.996030	223163.614400
53880.000000	5178.111788	28763.432640	55344.959730	223250.182400
53940.000000	5261.606450	28637.596320	55676.089670	222985.362900
54000.000000	5091.928838	28681.258570	55211.448960	223400.512600
54060.000000	5156.212035	28518.297080	55107.912650	222301.675700
54120.000000	5084.158752	28700.120310	55312.405850	223409.096600
54180.000000	5113.298971	28741.805600	55078.289490	222888.722000
54240.000000	5236.746747	28727.017450	55631.493200	223013.746600
54300.000000	5205.488482	28723.053910	55166.744380	223281.273500
54360.000000	5135.303468	28795.346700	55283.476980	222831.758200
54420.000000	5188.210463	28684.604250	55176.225090	222981.738000
54480.000000	5191.507637	28861.241240	55155.734230	222453.415500
54540.000000	5170.557230	28877.959280	55201.691510	223035.442200
54600.000000	5134.172959	28869.394770	55537.896140	223123.310000
54660.000000	5204.068292	28800.197130	55188.062420	222674.364600
54720.000000	5202.853159	28977.103710	55232.177060	223494.043400
54780.000000	5162.818470	29012.594400	55065.072100	222708.941300
54840.000000	5183.632851	28901.309810	55084.570220	222553.686600
54900.000000	5212.032273	29047.713030	55093.784480	222850.347200
54960.000000	5187.131621	28717.574880	55124.630640	222872.217600
55020.000000	5245.435689	28993.834590	55546.485790	223006.948900
55080.000000	5207.229558	28774.010560	55331.350790	222223.943300
55140.000000	5123.540161	28703.858720	55263.082240	222825.495900
55200.000000	5176.869722	29072.765420	54891.881270	222551.741500
55260.000000	5160.761846	28964.017540	55110.554760	222577.816600
55320.000000	5194.976307	29196.997870	55462.061450	222555.750200
55380.000000	5239.703972	28883.945260	55294.530240	223064.551500
55440.000000	5210.523713	29027.179170	55066.033670	222981.853800
55500.000000	5125.128387	28887.489840	54907.851080	222972.156500
55560.000000	5189.574888	29153.883080	54875.864600	222495.789300
55620.000000	5193.730472	29114.496770	54966.688920	222630.728800
55680.000000	5197.937380	28987.354810	55438.022680	222640.473600
55740.000000	5276.982807	29031.039130	55093.215390	222963.684400
55800.000000	5186.497249	28996.943290	55302.288530	222280.434200
55860.000000	5224.476047	28970.271010	55243.124900	221888.145700
55920.000000	5216.677729	29156.303610	55524.588940	222642.660900
55980.000000	5125.229577	29310.867500	55006.463660	222747.178600
56040.000000	5234.956152	29150.785720	55361.096110	222723.229200
56100.000000	5277.700763	29111.630530	54861.920320	221889.878200
56160.000000	5227.825229	29282.199290	54894.985820	222503.547800
56220.000000	5280.190207	29069.679720	54943.933420	222816.295700
56280.000000	5259.640402	28831.295370	55215.024160	222547.598000
56340.000000	5141.167862	29103.425000	55558.536270	222617.908700
56400.000000	5198.976036	29367.943720	54798.757380	222432.727200
56460.000000	5231.130665	29161.694970	55096.119170	222122.072700
56520.000000	5215.483815	28866.051340	55139.872020	222531.260700
56580.000000	5147.257130	29230.153270	54905.958170	222077.994700
56640.000000	5176.856352	29147.902970	55044.885260	222557.877400
56700.000000	5209.407541	29070.380380	54946.678140	222580.428100
56760.000000	5172.399972	29285.187480	55040.576670	222439.897300
56820.000000	5205.707906	29090.600840	55173.718540	222533.816600
56880.000000	5222.333624	29257.739740	54828.587210	222578.362200
56940.000000	5166.608533	29351.402970	54844.275370	222364.417400
57000.000000	5279.222402	29233.345510	55078.684510	222444.165700
57060.000000	5296.789207	29407.318800	54935.291380	222091.479300
57120.000000	5180.593012	29376.847780	54959.525260	222508.888800
57180.000000	5137.714056	29323.185360	55120.265140	222800.230400
57240.000000	5160.388876	29234.118500	55390.554830	222708.373500
57300.000000	5263.994447	29246.616200	55021.948560	222613.088600
57360.000000	5122.546680	29290.799650	55034.720340	222309.371100
57420.000000	5286.364676	29560.039350	55121.490270	222154.346700
57480.000000	5170.616267	29261.684650	54949.779680	222475.575400
57540.000000	5278.256691	29425.420370	55182.045410	222564.238000
57600.000000	5244.223384	29308.276180	55200.417210	222495.464400
57660.000000	5176.602881	29277.324180	55187.767490	222281.920600
57720.000000	5098.422520	29414.736030	54839.800970	222138.427400
57780.000000	5215.086510	29191.259920	54918.626030	223220.163600
57840.000000	5330.479401	29323.140360	55004.710800	221829.005400
57900.000000	5276.624460	29494.960310	55147.208810	221676.831000
57960.000000	5191.971362	29361.670880	54916.346230	221829.392500
58020.000000	5181.609672	29455.321650	55011.021870	222434.668800
58080.000000	5243.097168	29413.324060	54941.562600	222493.342100
58140.000000	5189.360545	29448.399660	54628.678550	221682.326500
58200.000000	5229.364619	29490.736430	55151.739440	221964.645100
58260.000000	5335.593733	29548.396670	54708.418140	222640.610600
58320.000000	5237.791501	29582.768890	54909.517430	221888.107400
58380.000000	5251.517186	29322.582160	54646.847490	222442.977100
58440.000000	5250.272367	29493.234310	54760.296720	221909.186700
58500.000000	5269.164860	29555.375770	54882.184040	221957.860100
58560.000000	5207.680229	29636.455910	54991.815310	222120.642700
58620.000000	5145.036148	29632.960430	54862.994910	222016.304900
58680.000000	5230.084312	29598.422820	54912.452940	221993.677100
58740.000000	5226.063530	29700.554490	55044.038410	221667.712400
58800.000000	5276.482146	29646.707150	54846.889610	222099.035900
58860.000000	5312.118593	29724.298740	54554.780270	222241.075400
58920.000000	5133.866651	29491.126950	54865.120310	222221.961100
58980.000000	5181.415320	29518.734350	55027.165620	221537.742200
59040.000000	5202.715564	29532.098420	54605.230130	221898.400800
59100.000000	5285.133589	29600.015000	54661.854530	221428.547900
59160.000000	5248.434568	29717.319840	54774.388940	221876.435700
59220.000000	5294.743207	29625.288730	54650.476370	222528.706000
59280.000000	5299.743617	29798.197220	54687.746570	221706.161700
59340.000000	5236.759402	29472.219240	54910.078940	221880.838300
59400.000000	5265.946406	29847.195470	55022.652370	222120.913500
59460.000000	5317.507977	29472.102780	54760.989030	221949.118600
59520.000000	5187.702965	29770.852080	54604.949050	221928.266800
59580.000000	5251.599441	29676.199510	55127.878000	222016.054600
59640.000000	5271.680478	29892.620400	55022.146960	221113.237600
59700.000000	5167.563888	29701.326890	54652.648000	222355.037600
59760.000000	5153.350975	29986.012220	54609.735510	222287.214100
59820.000000	5337.450437	29904.720500	55156.396700	221814.201000
59880.000000	5275.482819	29946.539200	54848.366730	221983.667600
59940.000000	5239.781182	29736.010570	54749.858520	221462.905700
60000.000000	5312.914226	29649.813870	54895.360900	221847.300800
60060.000000	5206.930183	29799.598270	54614.469410	221258.722500
60120.000000	5274.955529	29838.849080	54366.880740	222086.225800
60180.000000	5320.047765	29724.485620	54752.675500	222041.302600
60240.000000	5207.396748	29738.484670	54652.152970	221033.913300
60300.000000	5238.088541	29812.156360	54709.004840	221199.918700
60360.000000	5246.944765	29904.713990	54947.407660	221690.401100
60420.000000	5258.562033	30037.212380	54645.819700	221358.347500
60480.000000	5120.760332	29891.989060	54841.846890	221547.617900
60540.000000	5245.261995	29898.185620	54786.603190	221832.547100
60600.000000	5265.372323	29913.414850	54531.607010	222082.992500
60660.000000	5305.778931	30132.194680	54639.037830	221274.403900
60720.000000	5261.252371	30040.795620	54716.455240	221883.061700
60780.000000	5359.837791	29931.495750	54907.593040	221470.082600
60840.000000	5280.986424	29963.086470	54520.758020	221813.014900
60900.000000	5274.689719	29966.539560	54910.465260	221699.761700
60960.000000	5260.142946	30042.944730	54816.696440	222157.815300
61020.000000	5265.423094	29876.232290	54806.613770	222124.956500
61080.000000	5243.576065	29931.739840	54640.839840	222400.267500
61140.000000	5269.336005	30070.397060	54690.651270	221588.282000
61200.000000	5098.839477	30266.265680	54672.391430	221821.012500
61260.000000	5253.489838	29829.767590	54568.537480	221682.979800
61320.000000	5387.843113	30042.142290	54976.626440	221165.479600
61380.000000	5350.700451	30079.922000	54680.464760	221137.112000
61440.000000	5352.159852	30213.395310	54481.525890	221409.629200
61500.000000	5252.925165	30168.943830	54641.335910	222052.078900
61560.000000	5331.122240	30257.836830	54840.553460	222257.471300
61620.000000	5207.956022	30237.208160	54317.511450	221889.379100
61680.000000	5289.062272	30089.847770	54766.737150	221155.268700
61740.000000	5332.730095	30136.503370	54647.529410	221429.376600
61800.000000	5282.389146	30153.782050	54949.912850	220832.607900
61860.000000	5280.410081	30106.766070	54496.367710	221446.029400
61920.000000	5299.126575	29942.439880	54605.222250	221954.548800
61980.000000	5293.543570	30191.782620	54271.361500	221745.343800
62040.000000	5304.233666	30063.224890	54497.772960	221254.592500
62100.000000	5217.220862	30073.128720	54495.777240	221133.811300
62160.000000	5319.742464	30352.765500	54458.275520	221202.308000
62220.000000	5453.680989	30381.258330	54651.543490	221454.828100
62280.000000	5367.280299	30329.086040	54696.744260	220873.399400
62340.000000	5299.746955	30269.302790	54807.800750	221240.124700
62400.000000	5252.095906	30244.615820	54532.751060	221728.293400
62460.000000	5320.047050	30273.586980	54493.490090	220774.553200
62520.000000	5334.086344	30060.310200	54469.430880	220891.102200
62580.000000	5342.085418	30230.067540	54355.935740	221463.828500
62640.000000	5277.614903	30505.629060	54463.740150	221634.615800
62700.000000	5392.875238	30314.022880	54833.670310	221186.008000
62760.000000	5311.420802	30447.636640	54260.080200	221206.965800
62820.000000	5255.672803	30544.843670	54610.345210	221292.397400
62880.000000	5252.013413	30230.655350	54495.030180	221752.339400
62940.000000	5240.016949	30637.160200	54436.413020	220704.815800
63000.000000	5242.716530	30178.045330	54633.708810	221278.965900
63060.000000	5399.430196	30537.366870	54466.880260	220979.651100
63120.000000	5298.691211	30380.724770	54470.518750	221208.857100
63180.000000	5308.954471	30510.558610	54729.903240	221285.895300
63240.000000	5433.073091	30421.817130	54679.714820	221436.453200
63300.000000	5317.024958	30417.709140	54502.545960	221368.550400
63360.000000	5316.706656	30446.973740	54504.814870	221959.991200
63420.000000	5231.207989	30448.796440	54651.910740	221633.674100
63480.000000	5342.433369	30598.835940	54500.818410	221371.734800
63540.000000	5362.331568	30577.879810	54604.259910	221351.563400
63600.000000	5248.945187	30852.707040	54512.560560	221320.930700
63660.000000	5334.396595	30346.120190	54705.842990	220976.429000
63720.000000	5398.378460	30683.156080	54509.650280	220986.776500
63780.000000	5317.382128	30760.485090	54489.174000	221328.244200
63840.000000	5341.425519	30389.081690	54245.691440	221107.193100
63900.000000	5340.733529	30708.177890	54340.804480	220809.357500
63960.000000	5335.132470	30457.513630	54330.257000	221564.277000
64020.000000	5211.073413	30475.373200	54430.651250	220708.166700
64080.000000	5387.579997	30444.578000	54233.634700	220944.024000
64140.000000	5332.764304	30640.084640	54577.853730	221237.016900
64200.000000	5367.380292	30734.545520	54415.097460	221202.046600
64260.000000	5321.334542	30647.859060	54246.013410	221019.927900
64320.000000	5362.692025	30581.852370	54220.737570	220479.866600
64380.000000	5389.219594	30715.386180	54355.517020	220126.710800
64440.000000	5271.377633	30558.933000	54539.433040	221286.668000
64500.000000	5323.371513	31023.229040	54049.960870	221220.375600
64560.000000	5338.409913	30485.651230	54569.148680	221340.154400
64620.000000	5374.551885	30757.691540	54234.249590	221052.145100
64680.000000	5312.513524	30331.676690	54232.938300	221065.864300
64740.000000	5371.973149	30677.084170	54514.510170	220614.951100
64800.000000	5364.493766	30548.325440	54542.615580	221009.060600
64860.000000	5386.296457	30599.688710	54378.033430	220440.111300
64920.000000	5311.849831	30468.416820	54316.562700	220852.858100
64980.000000	5336.279218	30711.964760	54772.459320	220691.254100
65040.000000	5364.233885	30660.445080	54046.950780	221311.077800
65100.000000	5312.585768	30734.219440	54138.340670	221017.032700
65160.000000	5323.214624	30809.403160	54283.738340	221255.215800
65220.000000	5354.509605	30840.728650	54555.437100	220813.736300
65280.000000	5436.047783	30790.069800	54310.868020	220487.485500
65340.000000	5338.255978	30569.156400	54473.224920	220982.985900
65400.000000	5375.090939	30770.315430	54315.914890	220841.568200
65460.000000	5334.244284	30697.793010	54477.892130	220644.660200
65520.000000	5268.358482	30588.772230	54261.085000	221044.653900
65580.000000	5409.196622	30908.698280	54188.512200	221052.131400
65640.000000	5301.041122	30638.461440	54451.963210	220574.332900
65700.000000	5375.296288	30792.582020	54675.829380	220911.514500
65760.000000	5329.611005	30637.358070	54374.390660	220379.367500
65820.000000	5344.434518	30843.544370	54401.280780	221415.793300
65880.000000	5418.388323	30828.277830	54083.156380	220739.813800
65940.000000	5368.578838	30795.519540	54346.654800	220788.599200
66000.000000	5402.358291	30988.676700	53891.008150	221235.107600
66060.000000	5335.051401	30856.679230	54192.947110	220811.396300
66120.000000	5443.278394	31085.607220	54568.955030	220586.911300
66180.000000	5250.893551	30968.539510	54458.555170	220537.750200
66240.000000	5459.814729	31095.677120	54279.364470	220990.552000
66300.000000	5397.813737	30882.875970	54397.324440	220900.500200
66360.000000	5392.811650	31014.824550	54440.066430	220825.455200
66420.000000	5383.585151	30975.263860	54411.752230	220738.462100
66480.000000	5480.525210	31002.012160	54543.801560	220678.071500
66540.000000	5331.790979	31020.897130	54170.469530	220904.391700
66600.000000	5445.621034	31012.121200	54354.060400	221106.918800
66660.000000	5335.771574	31103.310440	54272.873610	220648.937200
66720.000000	5316.130756	30952.590630	54323.496230	220714.123200
66780.000000	5368.994552	31203.726080	54312.541970	220313.449600
66840.000000	5379.138715	31058.353770	54326.976580	220581.112200
66900.000000	5320.992724	31150.658820	54237.839900	220873.020600
66960.000000	5401.667078	31182.434330	54101.318500	220317.246900
67020.000000	5369.920252	30880.699890	54310.065650	220433.297300
67080.000000	5509.211812	31120.058450	54152.371090	221142.288800
67140.000000	5330.329480	31093.356070	54358.008700	220609.820700
67200.000000	5345.170459	31265.740670	54161.306740	220035.505300
67260.000000	5492.494975	31039.386630	54522.414010	220656.905600
67320.000000	5374.406632	31068.100150	54162.408100	220107.471300
67380.000000	5319.076171	30909.017250	54267.425760	220240.566000
67440.000000	5381.721737	31300.030780	54222.150670	220671.741100
67500.000000	5357.938419	31149.290710	54277.196260	220358.846800
67560.000000	5379.319920	31195.013820	54197.461750	220638.687500
67620.000000	5406.527564	31375.108770	54133.409500	219945.730000
67680.000000	5458.279266	31272.896010	54579.171270	220911.864700
67740.000000	5318.771718	31195.092920	54213.631660	220778.134700
67800.000000	5425.185256	31238.681510	54205.336730	221095.094000
67860.000000	5466.537368	31432.448800	54071.514010	220262.484500
67920.000000	5357.894861	31331.627060	54308.617610	220614.993400
67980.000000	5444.938599	31141.366850	53961.916710	221008.641400
68040.000000	5334.190504	31095.569560	54090.523450	220515.776800
68100.000000	5469.451874	31285.935470	54265.950070	220611.607800
68160.000000	5410.128234	31268.008740	53716.562800	221021.576800
68220.000000	5401.106309	31236.804810	54305.942830	220064.404000
68280.000000	5335.166782	31438.826150	54112.778940	221132.269400
68340.000000	5397.343772	31076.105410	53933.533300	220541.669700
68400.000000	5483.050740	31391.981340	54418.989310	220492.734400
68460.000000	5498.593022	31398.925040	53847.973440	220594.608600
68520.000000	5409.447673	31315.506980	54226.855290	220014.110800
68580.000000	5424.849273	31513.678130	54244.212120	220728.192300
68640.000000	5429.754925	31282.729290	54452.984840	221296.473800
68700.000000	5411.157154	31314.547900	54143.738500	220167.218000
68760.000000	5408.239313	31244.282500	54055.771270	220319.721800
68820.000000	5417.268455	31353.895060	54041.634290	220646.305600
68880.000000	5405.507436	31293.612070	54184.904030	220477.399700
68940.000000	5353.176011	31606.547410	54226.359480	220516.188500
69000.000000	5344.385771	31496.494480	53863.602370	220780.821400
69060.000000	5434.093707	31262.161420	54116.904140	219620.739400
69120.000000	5413.254074	31626.748530	54035.375870	220428.147400
69180.000000	5412.386032	31230.471810	54116.743720	220179.724000
69240.000000	5482.714377	31616.367190	54079.351100	220851.692100
69300.000000	5405.043891	31391.603120	54138.811140	220199.027900
69360.000000	5457.599444	31341.260100	54110.729550	220707.584700
69420.000000	5506.853940	31414.711660	53863.631030	220490.948700
69480.000000	5469.720136	31739.939840	54039.203470	220554.216500
69540.000000	5467.326585	31463.104920	54143.594910	220039.726500
69600.000000	5420.402400	31446.878500	54163.077880	219799.260200
69660.000000	5533.456069	31588.371610	54135.380820	220715.909300
69720.000000	5448.590061	31435.488300	53963.723370	220080.652000
69780.000000	5403.730545	31369.156500	54204.068540	220205.281700
69840.000000	5470.061292	31461.724050	53956.820960	220323.180500
69900.000000	5472.241220	31606.243960	53983.512470	219919.402100
69960.000000	5476.841022	31666.106090	54137.228780	220152.742800
70020.000000	5503.237226	31453.506610	53961.235180	219864.826100
70080.000000	5460.560349	31840.854080	53824.422700	219645.971900
70140.000000	5525.645995	31330.491720	53815.643810	220111.431700
70200.000000	5432.187005	31679.527680	54191.309000	219858.056000
70260.000000	5417.211771	31678.920210	53982.960790	219606.611300
70320.000000	5458.815952	31600.125590	54017.734760	220504.667100
70380.000000	5516.606313	31630.049090	53928.713770	220273.979600
70440.000000	5429.100203	31654.384930	54037.701510	220182.885900
70500.000000	5502.473383	31663.617110	53991.046370	220062.365800
70560.000000	5493.640717	31695.273900	53954.562310	220382.507100
70620.000000	5581.690588	31882.701770	53877.762440	220155.098500
70680.000000	5441.650463	31676.587280	54254.878380	220166.602000
70740.000000	5421.434430	31725.049260	54131.367120	220067.415100
70800.000000	5393.653011	31711.333360	54184.754280	220511.832500
70860.000000	5446.260491	31783.684340	54023.492490	220072.730400
70920.000000	5520.182226	31694.477820	53781.321070	220210.352400
70980.000000	5503.173842	31724.678720	53842.014110	219864.768700
71040.000000	5480.695516	31916.274270	53680.582010	219761.802300
71100.000000	5437.310097	31925.158550	53826.174410	220635.674300
71160.000000	5454.086428	31677.436330	53791.626510	220101.017300
71220.000000	5449.324668	31698.387010	54021.202150	219614.211600
71280.000000	5409.387132	31684.903670	54150.998870	219737.989500
71340.000000	5515.809169	31888.246490	53822.865170	219376.917400
71400.000000	5362.312164	31887.604960	53824.785460	220181.165300
71460.000000	5509.279742	31961.177890	53939.332120	219943.431200
71520.000000	5507.711783	31748.734800	54115.167710	219865.541500
71580.000000	5438.301910	31791.376240	53982.131250	219836.638100
71640.000000	5518.464290	31885.881510	54260.487650	220306.006800
71700.000000	5526.449588	31842.147950	53893.450030	220061.822500
71760.000000	5392.917233	31748.357700	54163.889520	220050.237900
71820.000000	5524.861878	31923.374130	53884.265360	220205.931900
71880.000000	5577.240648	31782.183900	53827.814640	219170.495100
71940.000000	5408.740031	31678.683940	53743.816950	219246.662700
72000.000000	5415.936081	31625.843990	53958.830380	220117.268600
72060.000000	5469.230639	31991.279940	53972.456330	220137.075600
72120.000000	5523.178160	31785.316100	53746.880290	219563.513100
72180.000000	5423.744439	32044.110630	53675.955400	220133.346400
72240.000000	5518.596103	32163.254900	54210.891360	220192.829900
72300.000000	5531.972649	31911.076220	53896.919730	220181.403100
72360.000000	5469.234908	31869.107530	53658.094520	219976.340800
72420.000000	5453.352586	31935.322110	53920.552040	219454.955700
72480.000000	5423.376692	31879.378530	53720.056970	219092.589500
72540.000000	5470.083380	32064.626820	53744.182920	219856.712800
72600.000000	5433.187867	32184.295220	53634.058830	220565.029200
72660.000000	5590.495170	32012.811890	53947.820360	219624.997300
72720.000000	5493.593940	31767.829140	54127.674610	219164.140700
72780.000000	5488.774033	32033.067000	53915.161810	219806.662400
72840.000000	5527.541458	32119.873140	53941.620500	219041.941000
72900.000000	5527.486289	31987.733640	53371.845670	219389.527600
72960.000000	5514.609009	31937.669310	53596.937850	220288.314400
73020.000000	5539.990201	31977.246760	53669.593510	219793.020100
73080.000000	5477.231789	32018.923740	53934.415200	219859.073900
73140.000000	5514.883979	32199.900100	53470.143230	219775.274600
73200.000000	5539.674049	32069.953010	53894.062980	218779.042100
73260.000000	5490.746615	32297.472020	53582.176020	219247.562400
73320.000000	5491.143423	32096.133870	53774.117120	219898.675800
73380.000000	5481.669172	32107.899680	53964.973330	220113.597200
73440.000000	5468.686724	31918.345760	54287.764820	219816.985400
73500.000000	5548.521531	32195.227300	53697.046220	219361.921400
73560.000000	5493.006105	32271.603900	53994.583220	219760.709800
73620.000000	5462.940731	32236.084620	54271.032090	219385.566300
73680.000000	5409.450974	32291.101730	53928.880960	219964.948900
73740.000000	5555.863198	32174.526340	53815.378150	219850.517900
73800.000000	5502.885912	32247.205100	53465.474820	219688.549100
73860.000000	5586.395169	32372.043490	53517.629310	219268.296500
73920.000000	5438.488377	32342.782510	53594.983090	219379.161700
73980.000000	5491.479176	32110.775290	54014.477950	220124.906800
74040.000000	5582.664131	32247.286530	53653.442420	220106.833700
74100.000000	5563.535899	32280.262980	53996.486990	218992.684600
74160.000000	5600.494910	32479.248860	53633.118970	220204.276500
74220.000000	5689.124439	32450.077260	53643.362840	219912.901500
74280.000000	5655.030895	32274.550020	53839.508800	219952.150800
74340.000000	5634.654913	32436.745650	53986.740540	220282.195600
74400.000000	5532.730733	32545.181810	53852.512540	219650.164100
74460.000000	5608.431153	32459.644780	53671.979420	219306.820400
74520.000000	5569.667199	32532.813770	53702.015600	219704.783800
74580.000000	5543.642426	32336.228220	53675.288050	219733.958300
74640.000000	5617.884888	32445.837380	53828.867880	219943.072200
74700.000000	5641.860310	32671.540500	54141.986570	220567.485200
74760.000000	5567.748219	32315.698800	53684.525880	219765.810500
74820.000000	5643.133367	32363.510900	53841.458110	219488.821600
74880.000000	5594.079298	32555.177250	53867.593660	219269.326300
74940.000000	5745.923459	32633.344670	53770.168160	220025.417000
75000.000000	5590.578553	32489.932700	53669.698730	219910.122300
75060.000000	5616.403189	32378.816740	53518.200280	219665.403400
75120.000000	5635.329738	32847.703370	53513.975590	219359.049400
75180.000000	5658.340643	32718.071700	54119.083380	219507.916100
75240.000000	5605.550556	32354.829380	53798.302900	219386.356800
75300.000000	5636.494044	32442.821520	53828.068430	219783.394000
75360.000000	5580.530950	32693.833830	53715.730420	219569.776700
75420.000000	5666.180160	32631.394450	53572.752120	219664.575700
75480.000000	5585.253059	32639.680400	53561.321110	219789.335800
75540.000000	5670.217987	32479.488690	53895.447450	219897.452000
75600.000000	5661.929889	32608.721080	53539.895780	220322.084400
75660.000000	5700.921673	32627.659770	53563.626420	219870.053500
75720.000000	5728.356138	32589.938730	53939.177680	219743.544600
75780.000000	5697.267536	32585.923320	53796.595740	219921.866000
75840.000000	5546.493269	32561.734540	53957.906670	220132.535200
75900.000000	5647.697893	32648.657570	53700.390290	219328.096700
75960.000000	5606.617647	32608.976730	53919.965980	219257.154400
76020.000000	5733.410943	32659.309820	53861.084940	219659.993700
76080.000000	5719.062136	32729.086950	53740.616560	219039.596400
76140.000000	5697.315159	32825.445580	53769.229220	219567.767800
76200.000000	5638.168631	32813.039460	53967.404690	219026.162500
76260.000000	5687.197556	32858.909260	53993.947870	219497.044600
76320.000000	5549.210646	32695.293850	53687.286480	219903.025400
76380.000000	5665.245892	32864.333820	53443.222930	219622.137600
76440.000000	5639.908336	32768.302740	53646.123800	218897.341400
76500.000000	5636.899757	32721.126650	53744.615370	219426.344800
76560.000000	5725.123446	32595.362340	53921.575530	219525.764100
76620.000000	5626.594873	32717.939100	53672.014130	219157.482900
76680.000000	5593.137843	32739.003830	53552.350860	219382.879000
76740.000000	5618.607473	32718.978800	53458.407940	219384.162500
76800.000000	5675.605824	32968.360600	53567.013890	219336.538900
76860.000000	5648.481445	32809.407140	53437.865670	218690.058600
76920.000000	5698.121855	32930.794200	53769.767260	219234.656700
76980.000000	5726.035827	33007.031290	53644.434710	219545.287700
77040.000000	5736.844280	32873.264770	53671.482650	219587.469200
77100.000000	5573.282021	32943.016790	53976.508770	219462.607200
77160.000000	5781.022748	32685.125230	53757.372380	219381.705200
77220.000000	5809.037614	32913.802710	53480.803770	218535.791200
77280.000000	5761.272120	32725.248880	53640.936760	218998.635200
77340.000000	5675.948777	32925.732300	53952.619380	218827.201800
77400.000000	5712.712215	32893.567300	53623.724830	219092.703600
77460.000000	5670.122893	32780.145500	53579.910160	219076.324800
77520.000000	5725.906387	32694.965000	53759.359870	218916.599700
77580.000000	5858.655530	32949.874670	53461.859490	219451.806900
77640.000000	5777.977483	32791.694160	53789.351060	219337.043500
77700.000000	5709.315206	32950.100520	53727.065570	219003.904600
77760.000000	5730.833800	32802.939530	53583.090410	218863.942400
77820.000000	5683.461479	32830.617630	53497.321930	219101.081500
77880.000000	5699.744833	32964.569710	53725.211490	220005.350200
77940.000000	5618.774533	32810.272380	53645.242970	219453.538300
78000.000000	5629.688273	33093.246180	53508.618730	218765.736900
78060.000000	5744.884637	32783.947740	53719.360380	218842.899000
78120.000000	5680.850785	32965.357630	53421.897740	219076.869700
78180.000000	5744.921004	33000.860860	53683.219420	219040.865700
78240.000000	5597.213890	33104.622440	53225.465870	219474.970300
78300.000000	5701.379563	33170.171780	53466.722730	219605.295000
78360.000000	5665.028675	33016.512010	53675.759090	219769.472800
78420.000000	5709.806119	32991.218190	53624.757440	219072.657900
78480.000000	5727.169665	32987.905010	53570.622360	218533.668900
78540.000000	5668.059176	32996.518100	53450.222530	218858.280500
78600.000000	5703.994209	33104.355280	53361.727160	219091.182100
78660.000000	5698.251775	33097.894330	53508.914690	219012.749700
78720.000000	5698.173781	32923.095200	53311.375540	219117.330700
78780.000000	5630.301982	33057.594830	53398.314540	219131.682300
78840.000000	5665.059601	33103.178790	53722.695550	219074.854600
78900.000000	5700.603136	32923.052590	53737.111330	218986.278600
78960.000000	5636.096182	33255.100050	53243.976010	218833.941200
79020.000000	5713.089833	33035.499040	53425.726300	218936.518800
79080.000000	5673.087177	33023.590830	53584.503290	219602.724200
79140.000000	5655.191505	33252.356690	53506.651260	218570.815900
79200.000000	5666.491213	33045.974310	53383.009140	218583.427900
79260.000000	5683.233404	33137.228710	53537.124340	218849.558100
79320.000000	5801.300173	33291.561320	53713.945030	218410.330100
79380.000000	5768.186785	32994.707490	53619.812710	218712.145900
79440.000000	5644.597935	33209.217270	53454.500690	218598.572400
79500.000000	5670.220750	33139.665150	53429.615070	219207.431000
79560.000000	5810.092961	33044.044000	53360.922180	219257.669500
79620.000000	5702.105357	33292.156670	53346.137590	218977.872800
79680.000000	5659.845085	33257.039360	53474.172670	218591.820500
79740.000000	5621.302468	33309.389210	53435.790180	219335.483600
79800.000000	5794.585596	33108.282770	53518.971760	219306.627300
79860.000000	5755.885550	33297.333590	53458.292120	219179.907600
79920.000000	5646.210794	33192.076470	53491.286280	218865.006600
79980.000000	5654.354082	33557.109710	53737.509050	218657.861100
80040.000000	5707.618005	33305.498910	53079.433060	218969.644700
80100.000000	5724.644416	33355.337950	53287.859130	219167.466600
80160.000000	5638.259929	33302.272950	53346.801060	219187.997000
80220.000000	5728.459332	33231.096770	53589.925180	219246.872100
80280.000000	5874.980417	33301.185710	53566.975360	219100.450100
80340.000000	5731.742799	33259.466230	53425.933840	219057.790100
80400.000000	5668.632049	33239.310350	53534.764310	218791.474900
80460.000000	5749.589399	33285.140920	53395.150460	219584.857900
80520.000000	5716.132164	33408.187730	53534.303290	218528.238500
80580.000000	5664.948034	33330.147780	53543.599400	218798.588600
80640.000000	5708.419200	33360.874780	53368.429660	218374.825400
80700.000000	5789.344930	33414.498930	53572.844590	219479.242000
80760.000000	5755.497705	33414.559880	53280.890600	218705.925900
80820.000000	5673.946928	33495.700680	53434.145380	219165.528200
80880.000000	5656.687185	33281.710810	53049.823950	218557.550300
80940.000000	5792.909479	33295.114960	53562.757640	219252.067900
81000.000000	5848.689412	33427.290900	53417.193800	218713.178100
81060.000000	5723.229117	33440.989150	53814.348740	218721.515100
81120.000000	5774.444892	33547.037880	53253.160740	218319.380700
81180.000000	5770.832405	33502.208320	53275.802540	218722.722600
81240.000000	5811.255935	33581.918020	53629.988560	218887.267600
81300.000000	5875.038067	33375.168740	53386.862600	218902.114500
81360.000000	5715.056622	33517.132410	53436.991510	218380.660200
81420.000000	5779.755367	33358.404270	53465.270280	218476.144500
81480.000000	5712.135257	33672.558810	53378.300620	219203.446800
81540.000000	5736.370022	33574.828260	53256.212910	218892.406100
81600.000000	5793.147891	33583.035560	53436.433860	218943.030700
81660.000000	5755.180860	33561.938330	53372.548980	218596.653700
81720.000000	5738.063252	33412.487730	53466.061630	218591.490900
81780.000000	5688.655508	33588.995010	53369.689330	218720.333600
81840.000000	5731.743167	33612.542550	53346.790670	218991.425700
81900.000000	5672.636830	33468.415440	53293.485940	219053.668400
81960.000000	5734.882725	33570.249110	53658.411190	219155.760600
82020.000000	5755.369501	33576.306130	53662.600120	218981.867400
82080.000000	5735.550600	33482.678670	53520.795990	218585.046200
82140.000000	5778.877923	33623.785030	53360.583620	219499.576400
82200.000000	5623.850542	33697.273820	53517.391070	219051.268100
82260.000000	5723.262858	33909.814350	53542.464990	219339.383700
82320.000000	5751.566698	33648.808860	53196.256010	218536.531900
82380.000000	5832.769594	33903.010990	53561.301020	218921.696300
82440.000000	5719.127106	33541.392830	53367.972070	218828.243800
82500.000000	5801.313426	33783.208110	53667.234480	218505.493300
82560.000000	5817.745012	33739.707180	53378.778010	218601.891300
82620.000000	5736.000071	33553.417150	53542.073630	219225.298800
82680.000000	5714.606489	33678.950280	53381.921160	219276.222000
82740.000000	5692.027656	33757.728010	53520.582040	219167.108400
82800.000000	5731.771614	33747.156870	53431.425970	218412.741100
83186.800000	28228.048240	166191.691800	181965.984300	371486.927000
83230.800000	29289.020940	168443.621700	194144.218000	422286.776700
83274.800000	29825.973100	169004.964800	201814.369200	452403.878200
83318.800000	30365.662080	170360.625100	205873.178500	471410.871500
83362.800000	30606.733790	170697.701800	208517.990000	482175.350600
83406.800000	30556.807030	171301.078100	209513.310800	488954.600000
83450.800000	30742.922870	171624.083400	210303.634900	492969.198800
83494.800000	30844.221750	171852.825100	211238.997700	495342.050400
83538.800000	30745.466460	172065.027100	211270.873400	496415.327800
83582.800000	30880.688460	171971.616400	211915.549900	497532.618000
83626.800000	30941.900360	172114.928400	211297.427700	498581.535700
83670.800000	31013.552720	172498.568000	212266.290400	498762.471700
83714.800000	31029.149120	172754.475000	212268.155900	499661.066000
83758.800000	31128.030540	173256.927000	212700.334200	498865.429700
83802.800000	30924.777430	172693.417500	213311.235100	500427.941400
83846.800000	31071.972530	173143.878200	212927.779700	500533.150500
83890.800000	31295.241430	172457.087200	212602.060300	499671.518300
83934.800000	31123.721970	172739.517300	213170.659400	500302.146800
83978.800000	31174.967860	172991.081300	213112.025400	501007.108800
84022.800000	31055.236080	172806.405600	213695.663300	500776.017600
84066.800000	31180.653830	173258.910100	213606.767900	501735.270800
84120.000000	31398.242190	173229.224600	214157.715300	501919.323400
84180.000000	31001.602390	173645.909400	213536.142600	502615.736800
84240.000000	31066.878710	172902.764300	213941.218500	501835.850400
84300.000000	31023.715120	172866.209000	213968.733600	502515.443400
84360.000000	31082.659460	173822.749500	213849.662300	501826.693200
84420.000000	31318.399760	174155.920900	214073.233700	503296.740100
84480.000000	30949.343790	173937.162500	214260.396500	502786.058300
84540.000000	31214.555120	173373.275900	213906.103300	502616.382500
84600.000000	31149.949620	174044.034900	214805.518100	502862.133000
84660.000000	31339.834650	173461.378900	214839.795900	502210.182900
84720.000000	31256.586600	173324.507700	215247.652200	503299.690500
84780.000000	31461.042390	173747.969900	214151.300200	503332.021000
84840.000000	31403.920470	173703.441900	214899.357200	503934.238000
84900.000000	31355.597890	173661.029100	215488.015300	502963.059400
84960.000000	31349.993750	174246.916700	214656.694200	504312.144800
85020.000000	31455.334210	174112.568100	214714.798600	503843.414300
85080.000000	31353.735000	174566.105200	214776.902300	504849.618700
85140.000000	31260.911850	173690.937100	214841.970500	504558.928600
85200.000000	31574.316150	174319.183600	215553.011800	504455.416500
