0.000000	12960.634800	10507.779840	31305.689160	10542.704670
60.000000	13020.083860	10544.216260	31280.424300	11125.429560
120.000000	13032.099070	10567.306240	31584.581480	10695.866480
180.000000	12903.295560	10717.177670	32132.384540	10511.618190
240.000000	12920.997470	10734.141930	32171.679620	10815.427930
300.000000	13128.325230	10658.924040	31448.435190	10516.407260
723.700000	14217.276840	19283.653250	31288.473930	11924.513560
767.800000	14552.004340	22081.677690	31435.933740	12739.443810
811.800000	14687.073130	24569.881280	31568.595400	13894.234190
855.800000	14953.100840	27218.052820	31865.279630	14287.278750
899.800000	15174.036970	28679.736400	32103.571250	15459.134340
943.800000	15342.788710	30096.523060	31929.395670	15811.055560
987.800000	15806.646320	31370.488770	32083.485830	16418.190570
1031.800000	15930.691390	32627.489330	31912.161820	16997.078000
1075.800000	16056.889260	33740.943390	31890.554280	17648.471090
1119.800000	16643.519810	34759.615520	32174.164750	18033.992580
1163.800000	16625.136290	36108.497020	32020.829700	18927.137340
1207.800000	16628.692610	36827.962390	32268.329340	18861.484110
1251.800000	16995.511240	38291.745370	32967.878330	19589.702300
1295.800000	17143.200460	38873.870150	32909.232580	20000.943050
1339.800000	17626.150060	39522.885590	32958.129110	20639.021100
1383.800000	17445.848150	39706.774740	33090.316480	20715.709920
1427.800000	17486.012360	40319.773210	33209.155220	21188.595650
1471.800000	17831.220530	42082.289400	33220.144410	21396.770890
1515.800000	18197.527380	41695.294130	32548.466330	21887.632310
1559.800000	18790.701810	42689.082840	32424.886700	22121.908140
1603.800000	18610.204900	42981.980730	32900.989950	22060.375890
1647.800000	18855.424960	43484.378570	33406.448450	23037.563160
1691.800000	19024.482020	43958.146440	33218.943360	23005.842500
1740.000000	19592.180390	44415.279370	33156.891760	23270.782310
1800.000000	19882.302860	44119.100710	33679.839440	23857.443430
1860.000000	19514.648710	45333.396540	34088.441410	23860.778720
1920.000000	19662.219790	45464.990450	33558.207510	24722.362310
1980.000000	20461.170110	45018.469070	33464.083780	24161.638410
2040.000000	20540.958950	45838.624860	33697.751670	24899.172420
2100.000000	20529.116200	46827.059310	34106.826140	25284.322870
2160.000000	21081.198720	46922.205230	34240.492240	25980.578320
2220.000000	21456.586080	46747.776750	34643.278170	25655.497160
2280.000000	22060.756280	47320.112660	34666.597570	26362.082120
2340.000000	22007.905280	47269.049930	34651.410100	26055.874630
2400.000000	22038.140820	47478.929840	34875.060260	26499.176070
2460.000000	22428.537280	47847.079690	34576.805440	26612.636330
2520.000000	22493.978720	48111.479560	34813.276320	26764.934440
2580.000000	22448.104270	48018.566460	34416.369550	27309.368730
2640.000000	23165.651890	48291.540420	35286.681930	27492.412050
2700.000000	23378.049610	48278.382000	34809.515370	27905.690460
2760.000000	23987.038160	48705.030090	35128.052910	27760.104920
2820.000000	23452.205230	48428.956290	35276.065980	27775.315020
2880.000000	24102.686130	48855.150480	35566.302930	28133.371320
2940.000000	24399.679470	48862.422350	35707.050950	27855.563480
3000.000000	24726.024090	48825.921980	35006.029450	28219.124980
3060.000000	24794.289190	49028.071190	35567.127360	28473.610390
3120.000000	24887.890990	48930.446830	35762.458400	28591.976640
3180.000000	25090.944460	49196.582120	35711.850910	28847.112100
3240.000000	25019.020830	48981.759000	35588.358200	28595.073990
3300.000000	26046.251940	49225.687100	35525.887830	28822.594040
3360.000000	25996.805270	49492.381230	35891.175080	29134.423170
3420.000000	26431.674080	49636.507480	36262.512790	29147.758140
3480.000000	26217.977030	50047.235460	36236.954390	29201.141760
3540.000000	26605.362710	49321.874190	36389.812360	29619.638580
3600.000000	27082.733200	50055.505260	36223.986280	29191.614520
3660.000000	26870.812920	49759.624030	36500.558880	29267.538040
3720.000000	27339.360760	50140.249510	36475.086350	29976.426870
3780.000000	27373.915090	49922.204610	36846.580480	29147.855630
3840.000000	27503.112040	49699.586820	36486.976720	29766.932650
3900.000000	27941.439230	49778.530860	37108.114650	29699.217250
3960.000000	28372.902950	49684.693670	37352.954230	29981.146140
4020.000000	28218.436670	49709.559990	36610.482650	30080.618700
4080.000000	28948.103510	50194.529960	36743.161210	30318.059100
4140.000000	28558.550730	49431.578830	37144.471280	30171.453690
4200.000000	28983.797350	49836.824200	37153.280890	29597.105600
4260.000000	29281.741980	49762.580440	37764.075380	30481.934030
4320.000000	29364.099610	50219.819420	37380.103300	30417.600420
4380.000000	29300.941780	49961.488770	37680.112920	30392.099540
4440.000000	29892.755080	49663.212470	36985.435640	30560.543820
4500.000000	30073.788180	49634.743560	37479.410960	30206.959140
4560.000000	30292.075240	50460.618470	37491.781230	30378.106210
4620.000000	30269.296980	50585.137140	37803.708230	30231.516920
4680.000000	30677.336200	49681.653760	37719.220520	29970.255460
4740.000000	30951.053980	50521.490910	37719.958140	30684.519740
4800.000000	31132.613390	50566.648890	37834.832580	30541.528950
4860.000000	31407.295360	49490.652570	38125.022490	30425.908970
4920.000000	31456.013050	50202.108110	37745.585450	30713.302620
4980.000000	31407.882570	50250.482000	39061.968670	30878.852750
5040.000000	31905.123220	49735.396900	37451.215000	30796.479100
5100.000000	32126.751810	50188.208280	38347.043040	30735.242950
5160.000000	32175.350060	50242.781090	38311.258940	30698.560480
5220.000000	32285.601520	49749.460340	38950.678960	30630.613670
5280.000000	32937.596890	50673.796370	39069.710150	30863.543250
5340.000000	33141.266720	50045.358240	38783.452660	31147.971780
5400.000000	33333.617800	49989.512690	39351.810910	30789.654010
5460.000000	33054.473010	49857.327700	39300.235590	30389.799240
5520.000000	32907.230710	50647.031460	38673.039190	30785.913560
5580.000000	33552.951200	50379.090080	39319.259010	31059.340440
5640.000000	33720.059790	50261.625740	38462.844620	31009.709720
5700.000000	34056.955350	50259.032240	39456.797760	30959.826620
5760.000000	34259.200550	49659.049210	38905.733480	31322.500930
5820.000000	34527.734360	49751.263600	39673.673200	30807.544860
5880.000000	34167.387260	50488.629270	39403.151330	31358.846710
5940.000000	34391.904150	50436.582350	39394.942650	31077.307280
6000.000000	35133.184010	50610.574920	39685.263200	30849.956120
6060.000000	34797.241880	50346.172440	39136.254250	31353.848000
6120.000000	34321.764140	50055.240200	39701.259280	30790.455800
6180.000000	35175.904540	50475.345870	39338.832120	31453.600530
6240.000000	35361.406750	50917.522790	39826.567580	31409.394690
6300.000000	35381.467580	50451.783710	39654.726330	31408.343720
6360.000000	36097.645310	50639.629530	40322.766230	30736.667130
6420.000000	35841.956480	50118.337470	39941.489410	31561.040020
6480.000000	36103.007820	50650.671720	40706.501590	31124.719800
6540.000000	36919.486360	50000.651890	40972.902320	31263.573610
6600.000000	36945.382870	50431.741780	40358.231480	31330.327740
6660.000000	36537.493930	50470.207540	40297.746430	30929.478300
6720.000000	36863.246550	50237.209510	40955.292800	31320.033650
6780.000000	37735.864220	50464.119630	40839.685300	31127.097490
6840.000000	36867.035650	50587.843240	40744.129160	31390.856570
6900.000000	37411.478020	50326.877170	41269.400630	31288.804980
6960.000000	37165.503440	50112.605500	41098.219490	31799.739270
7020.000000	37534.410720	49951.217160	40661.119010	31357.368980
7080.000000	36851.112840	50159.819310	41652.561260	31205.446910
7140.000000	38364.967960	50517.044890	40946.242640	31295.896360
7200.000000	38141.015270	50254.265160	41133.718740	31031.519210
7260.000000	38023.455740	50026.452430	41154.165820	31425.981020
7320.000000	38757.960250	51018.726030	40825.132550	31607.990150
7380.000000	38772.432180	50541.532220	41353.086340	31549.497710
7440.000000	38806.875660	50371.594880	41539.009680	31565.565310
7500.000000	39282.329680	49843.735710	41444.160790	31552.568170
7560.000000	38782.794040	50548.455360	41258.060460	31566.959510
7620.000000	39938.466660	50322.988370	41171.616470	31101.118590
7680.000000	39344.905120	50861.024870	41449.172490	31523.538610
7740.000000	39373.691990	50164.935990	41860.816300	31098.423310
7800.000000	39916.901860	50465.900110	41835.768050	31375.157910
7860.000000	39857.975430	49872.925360	41159.147970	31868.350590
7920.000000	40091.597800	49973.505290	42382.874100	31567.579210
7980.000000	40811.732620	50820.846960	42188.501090	31663.068120
8040.000000	40675.938570	50273.409560	42106.639670	31761.166310
8100.000000	40666.736030	50822.118360	41661.025640	31929.797190
8160.000000	41326.365380	49413.723060	42075.485860	31408.848690
8220.000000	41510.989570	50795.365610	42603.846000	31683.413110
8280.000000	41499.784210	50808.752000	43183.080190	31952.243100
8340.000000	41744.238920	50337.272510	42139.658430	31468.942060
8400.000000	41243.213420	50278.080620	41928.035370	31015.460950
8460.000000	41921.041020	50193.858430	42181.521800	31375.947750
8520.000000	41657.619600	50060.047230	42657.435410	31511.014820
8580.000000	41734.198370	50675.924390	42189.431030	31735.982100
8640.000000	42357.714230	50418.458100	42423.992750	31532.346400
8700.000000	42637.813710	50613.203020	42496.758920	32039.323930
8760.000000	42369.552310	50661.066350	42677.310590	31233.973800
8820.000000	42596.806390	50275.342560	42656.598490	31601.363400
8880.000000	42031.554290	50249.965140	42826.274810	31159.889600
8940.000000	42504.934040	49651.496410	42862.284790	31507.391190
9000.000000	43257.303120	50693.489240	43144.128350	31722.945210
9060.000000	43046.302610	50354.901500	43418.773280	31292.506540
9120.000000	42756.563080	49855.942740	42589.252350	31506.967990
9180.000000	43825.063930	49944.075730	43153.667730	31491.182330
9240.000000	43162.588840	50170.671510	42665.045130	31583.763020
9300.000000	43270.851580	49606.574710	43336.369770	31645.418950
9360.000000	43564.786510	50578.644560	42937.223160	31506.334700
9420.000000	44644.869450	49873.218350	43545.606800	31318.141350
9480.000000	43713.816810	50979.771220	43183.238700	32163.624830
9540.000000	43763.143020	50066.871030	43948.549770	31372.721400
9600.000000	44451.063550	50615.158230	43215.272250	31074.968310
9660.000000	44986.404380	50394.693120	43688.484300	31362.423020
9720.000000	44711.992310	50423.965230	43459.587940	31746.755800
9780.000000	45427.998050	50624.408400	43404.590490	31813.056080
9840.000000	44843.363550	50309.281320	44266.885540	31443.254580
9900.000000	45176.214940	50509.896800	43316.727890	31245.053950
9960.000000	45128.325800	50374.985090	43851.657980	31724.819490
10020.000000	45954.169660	49932.243970	43970.419640	31675.004550
10080.000000	45572.639890	50515.179820	44148.361440	31555.815440
10140.000000	45773.127710	50566.395760	44140.612930	31619.768320
10200.000000	45895.073350	49682.038560	44099.678340	31195.926740
10260.000000	46051.732600	51118.178810	44136.695310	31574.642030
10320.000000	46371.942740	50761.314840	44220.877950	31759.514620
10380.000000	45483.114660	50076.614520	44208.741630	31383.306470
10440.000000	47270.571830	50030.734640	44137.399400	31562.129180
10500.000000	46467.696490	50647.159220	44140.004380	31888.841940
10560.000000	46939.057060	50556.158600	44752.188260	31446.884950
10620.000000	46674.892010	50522.474320	43772.187030	31404.881500
10680.000000	46896.937410	50415.965960	44194.090020	31707.193540
10740.000000	46801.071750	49768.497500	44793.497950	31453.740320
10800.000000	47267.926000	50555.900140	44724.452600	31443.886870
10860.000000	46640.027700	50579.879950	44715.796550	31702.621650
10920.000000	47028.915930	50040.428080	44804.216650	31955.014610
10980.000000	47470.010120	50790.922240	44774.302490	31481.236760
11040.000000	47635.019170	51105.543070	44732.488480	31402.523850
11100.000000	48045.312230	50775.077620	45338.361170	31553.779850
11160.000000	47734.197320	50870.117170	45121.035290	31383.060800
11220.000000	47981.607810	51068.200060	45117.596340	31493.728200
11280.000000	48407.563240	50909.416590	44706.257340	32237.629390
11340.000000	48636.368300	50328.450140	45035.497630	31553.018100
11400.000000	48610.162640	50653.761210	45421.400450	31783.910490
11460.000000	48811.215190	50351.274390	45227.069210	32199.881920
11520.000000	48570.061960	50205.803380	45082.409000	31587.561340
11580.000000	48732.371470	50681.637070	45276.244020	31479.215600
11640.000000	49401.012230	50183.030510	45195.925440	31523.342280
11700.000000	49166.500250	50535.430420	46055.410530	32004.761500
11760.000000	48612.237680	50777.855640	45470.758010	31424.060770
11820.000000	48901.060210	50121.703450	45593.827440	31891.085050
11880.000000	49099.651330	50441.041680	45575.206830	31080.960040
11940.000000	49593.793560	50503.966120	45397.632990	32149.033420
12000.000000	49577.920930	49950.236840	45591.966930	31711.286530
12060.000000	50368.655010	50582.007630	45001.960550	31509.150460
12120.000000	50307.243840	50244.156070	45966.012900	31436.327980
12180.000000	50219.053920	50076.935570	46137.712410	31306.245150
12240.000000	49995.475390	50743.080500	46186.286630	31437.037070
12300.000000	49970.108470	49936.741210	46158.233020	31529.473840
12360.000000	50713.641890	50741.752200	45970.493400	31245.417190
12420.000000	50566.004370	50337.389270	45907.293090	31422.753100
12480.000000	50543.424070	50804.725630	46459.804030	32257.594630
12540.000000	51174.051010	50230.205280	45718.984660	31550.830470
12600.000000	51013.351890	50849.839070	46389.516190	31659.251170
12660.000000	51314.607930	50276.420950	45925.692920	31729.741790
12720.000000	51078.789840	50429.695460	46312.222680	31581.915370
12780.000000	50501.263920	50539.197460	45983.718150	31573.801380
12840.000000	51409.185340	50867.300060	45996.569510	31967.297780
12900.000000	51278.692950	50685.759610	46129.174810	31429.206300
12960.000000	51713.343030	51173.411180	46556.524600	31611.849750
13020.000000	51559.187770	50592.766590	46511.757710	31563.264910
13080.000000	51718.886540	50131.888750	46526.702710	32125.502550
13140.000000	52010.251860	50691.052600	47024.174900	31910.633490
13200.000000	52184.034230	50466.642110	47116.639440	31995.131670
13260.000000	52231.602490	50726.594010	47180.783130	31804.676470
13320.000000	52727.737420	49779.445770	47280.795300	31464.052460
13380.000000	52312.721040	50482.388600	46494.206330	31794.890630
13440.000000	53088.047500	50713.160680	46304.123020	31904.043120
13500.000000	53065.353300	51128.704990	47095.340930	31560.606620
13560.000000	52598.481840	50993.575360	46592.558450	31679.752170
13620.000000	53205.037220	51012.706690	47277.168620	31463.169370
13680.000000	52754.238730	50738.301820	46768.395170	31533.564330
13740.000000	52900.326800	50414.247210	47539.074270	31795.072510
13800.000000	52918.936750	50378.570010	47227.771850	31938.853040
13860.000000	52569.758720	49785.766270	47530.999680	31707.986570
13920.000000	53921.620730	50634.063950	47214.786870	31579.181730
13980.000000	52774.223960	50455.918910	47006.206640	31887.277410
14040.000000	53847.931450	50844.151640	47119.901300	31334.382630
14100.000000	54039.338760	50632.357720	47204.554210	32181.675510
14160.000000	54138.875790	50605.415010	46945.229230	31518.700430
14220.000000	53849.652110	50226.964310	47605.271980	31864.417250
14280.000000	53601.740630	50137.518740	47627.984240	31346.065550
14340.000000	54289.883420	50631.996640	46917.999340	31839.859160
14400.000000	53817.864590	50812.187930	47546.359540	31932.173310
14460.000000	54396.536240	50240.046190	47527.512520	31331.042010
14520.000000	54143.654090	50926.012220	47103.605130	31552.758290
14580.000000	54911.164450	50904.359380	47017.111910	31851.678440
14640.000000	55129.058380	50463.227520	47803.452260	32025.421930
14700.000000	54995.468400	50780.558540	48499.481710	31528.140960
14760.000000	54986.719750	51140.981280	47636.199030	31765.560830
14820.000000	54466.008700	50118.597140	47941.512080	31908.843990
14880.000000	54584.049930	49930.619800	47617.202510	31732.222740
14940.000000	55270.442170	51142.921010	48539.589060	31768.591060
15000.000000	55780.994030	50546.592890	48104.840020	31585.960350
15060.000000	55544.277980	51693.805550	48282.896570	31875.404050
15120.000000	55384.704200	51099.979630	48422.493930	31633.782260
15180.000000	55213.257430	51117.786530	48548.853050	31769.224830
15240.000000	55566.055640	50726.430520	48661.183000	31709.200310
15300.000000	56160.744780	51266.216660	48444.241880	31586.430410
15360.000000	55817.534980	50575.280460	47678.805960	31763.428220
15420.000000	56264.559100	49864.217340	48659.934790	31800.554460
15480.000000	55638.982480	51015.716440	48768.044240	31505.612490
15540.000000	56208.432810	50796.647800	48404.279730	32067.345600
15600.000000	55923.369600	50817.371530	48715.857400	31770.397380
15660.000000	56328.496730	50657.384070	48477.941960	31494.352090
15720.000000	56296.441320	50531.915420	48430.621260	31859.118270
15780.000000	56221.974050	50379.696410	48859.453970	32081.532340
15840.000000	56887.239800	50267.101800	48449.708820	31725.955310
15900.000000	57178.601420	50618.055670	48456.479750	31798.482660
15960.000000	56566.862960	50901.809930	48556.958570	31640.351670
16020.000000	56701.849110	51011.104750	48866.385820	31706.990480
16080.000000	57240.628400	50558.759720	48558.921570	32011.525110
16140.000000	56437.714000	50740.017680	48674.852500	31813.740870
16200.000000	57062.720930	51138.876220	48923.169970	32052.188690
16260.000000	57497.812940	51322.478030	48793.418210	31674.059210
16320.000000	57151.730150	51121.268060	48999.696810	31291.457090
16380.000000	57148.716590	51241.062900	48651.370100	31466.251760
16440.000000	57305.684340	50051.366300	49100.044030	32121.031520
16500.000000	57319.817500	50610.673430	48507.259900	31731.237750
16560.000000	57818.020720	50898.387200	49497.090590	31662.051790
16620.000000	57832.365270	50009.075810	49191.067550	31446.701680
16680.000000	57694.001410	50172.506790	48998.917250	32073.092200
16740.000000	58536.639100	51171.448220	49664.383300	31681.531060
16800.000000	58722.920050	51828.444290	49109.585500	31961.108530
16860.000000	57970.631970	50725.905200	49282.937410	31684.333390
16920.000000	58273.539180	50117.192780	49116.933150	31917.574650
16980.000000	58286.862300	50106.329490	48800.185610	31778.493430
17040.000000	58722.368370	50680.422640	49320.944940	31586.797080
17100.000000	58056.473780	50666.680370	48938.247470	32003.073810
17160.000000	59253.423480	50553.829340	49218.733340	31326.358740
17220.000000	58779.805080	50704.655340	49156.359090	31374.949860
17280.000000	58747.015520	50828.783130	49468.171560	31615.430120
17340.000000	59067.770960	50136.424910	49740.935100	31824.366710
17400.000000	58950.939390	50294.217900	49188.599590	31627.120010
17460.000000	59088.490900	50616.433290	49989.031310	31514.419530
17520.000000	59027.420020	50246.017890	49908.406410	31617.354980
17580.000000	58878.195320	50334.250880	50204.779510	31696.453470
17640.000000	59746.329170	50471.513340	50004.808540	32099.797530
17700.000000	59113.351550	50047.385500	49659.293970	31529.680350
17760.000000	59054.408490	50419.870750	49558.369300	31906.209250
17820.000000	59978.178870	50881.442230	49278.335990	32137.748150
17880.000000	59900.954700	50724.615970	49723.660870	31357.584370
17940.000000	59895.563440	50581.186260	49499.831730	31607.251930
18000.000000	60448.722130	49986.437480	49380.143930	31483.187040
18060.000000	60003.036460	50384.562210	49823.176450	32005.613910
18120.000000	60138.331360	50393.462770	49557.355550	31456.411490
18180.000000	60037.846030	50610.544830	49515.430700	31469.097810
18240.000000	60571.566000	50733.288030	49661.668670	31165.144350
18300.000000	60139.605240	50882.149420	49703.186200	31501.593950
18360.000000	60529.285470	50431.498810	50244.995100	31773.600250
18420.000000	60245.304320	50704.343770	49767.737210	31514.697680
18480.000000	59916.445030	50900.050140	50077.018450	31886.492980
18540.000000	60729.016670	50596.822080	49911.370650	31488.475800
18600.000000	60709.187420	50270.874810	50456.760030	31474.782320
18660.000000	60420.580960	50347.859390	50075.171850	31472.096070
18720.000000	60494.978600	50577.866610	50175.724320	31554.037340
18780.000000	60477.495310	51025.793430	50526.746650	32283.207630
18840.000000	60481.139390	50630.024840	50154.709770	31248.852100
18900.000000	60574.298240	50050.880480	50178.571070	31677.850190
18960.000000	61289.613450	50113.580470	49661.546420	31249.215300
19020.000000	61559.152860	50255.648910	50518.175590	32005.219570
19080.000000	60713.084800	50917.551690	50684.471970	31569.533830
19140.000000	61417.679320	50760.393050	50165.459730	31637.903660
19200.000000	61338.556250	50616.050750	50297.197960	31792.494160
19260.000000	61537.657430	50402.669700	50525.447430	31796.766980
19320.000000	61025.681440	50261.878380	50296.542200	31816.832000
19380.000000	61819.460910	50811.406490	50630.905030	32060.026600
19440.000000	61741.318120	50422.767970	50695.429860	31905.733920
19500.000000	61735.811430	50607.595500	50517.552860	31903.745240
19560.000000	62091.194520	50399.217020	50420.404150	31599.623710
19620.000000	61383.996820	50443.555400	51050.156390	31832.139080
19680.000000	61797.743810	50791.008330	50887.912280	31820.437380
19740.000000	62207.415550	50475.929090	51737.180850	31705.811800
19800.000000	61755.238620	50960.662830	49881.154800	31535.049220
19860.000000	62828.470850	50303.839680	50645.915270	31403.854620
19920.000000	62083.051010	49911.248200	51083.234600	31716.186220
19980.000000	61855.742180	50412.756510	50755.176330	31784.049300
20040.000000	62297.057910	50381.457100	50434.225000	31389.605370
20100.000000	61295.920270	50654.340270	50853.383900	31798.421280
20160.000000	62687.418080	50792.186230	50657.714160	31467.477070
20220.000000	62960.081250	50792.265930	51208.321110	31650.039930
20280.000000	62895.390070	50164.062130	51157.935810	31982.421400
20340.000000	62744.833390	50746.712770	51039.277190	31466.093760
20400.000000	63072.248130	50559.181740	50300.824590	30969.029800
20460.000000	62367.276950	50692.666470	51205.587180	31138.389240
20520.000000	63003.890720	50567.836080	50660.105590	31600.603020
20580.000000	62928.850830	50529.531840	50417.757730	31525.449050
20640.000000	62926.151840	50245.277550	51227.086470	31961.935740
20700.000000	63410.580140	50900.344220	51087.230550	31383.225730
20760.000000	63040.068160	50442.626150	51446.676890	31558.498610
20820.000000	63604.547790	50774.277490	51222.182880	31475.878290
20880.000000	63161.314470	50530.564090	51086.571170	31348.709740
20940.000000	63825.252710	50572.598110	51322.407160	31620.770080
21000.000000	63523.197290	49909.000070	51525.450290	31736.203710
21060.000000	63213.472420	50165.774550	51009.147310	31439.579490
21120.000000	63366.768340	50810.302710	51230.906470	31831.404940
21180.000000	63053.244590	50962.600680	50792.184590	31404.225960
21240.000000	63968.027590	50288.130810	51315.157510	31432.613860
21300.000000	63963.017160	50760.821370	51616.891900	31981.108150
21360.000000	64058.238990	50673.610120	51817.703000	31757.924830
21420.000000	64695.939350	50679.947070	51230.244360	31524.235380
21480.000000	64134.433040	50460.220840	51153.689460	31372.665250
21540.000000	64492.211200	50321.103220	51779.562720	31590.890080
21600.000000	64787.635040	50389.739780	51753.754310	31236.938910
21660.000000	64863.432390	50455.517960	51694.284170	31590.940750
21720.000000	64556.350580	50652.117770	51269.184390	31898.990160
21780.000000	64638.588310	50480.563160	51108.495950	32097.760030
21840.000000	64452.190070	51374.209070	51554.153660	32136.546130
21900.000000	64373.480490	50086.819390	51552.858250	31896.301680
21960.000000	64441.613760	50845.051430	51514.525880	31447.243560
22020.000000	64532.887340	50437.340690	51469.133670	31298.864230
22080.000000	64607.431470	50415.527040	51717.443600	31365.891080
22140.000000	65502.287160	51129.816470	52002.755840	31693.932110
22200.000000	65123.776600	51284.865190	51858.552720	32014.640680
22260.000000	64867.860220	50254.344110	52714.959170	31369.087590
22320.000000	65162.254310	51346.487070	52097.420370	31530.938320
22380.000000	65314.140820	50646.987340	51672.589360	31269.091780
22440.000000	64354.277690	50600.995980	51246.508810	31200.145620
22500.000000	65935.060990	50346.183380	52194.720970	31709.550610
22560.000000	66377.026200	50376.485880	52273.688230	31528.468980
22620.000000	64922.249180	50915.391430	51891.210310	31787.270200
22680.000000	65628.729410	51121.387070	52188.819400	31986.568060
22740.000000	64896.512510	50272.622530	51979.098060	31662.439850
22800.000000	65729.260180	50455.548100	52467.210730	31896.636530
22860.000000	65978.826420	50736.936700	51728.706900	31303.851680
22920.000000	65968.380080	50427.137930	52199.947180	31807.364610
22980.000000	65975.290360	50942.258610	51800.714240	31327.356340
23040.000000	65473.714020	50430.085660	52179.287150	31457.073390
23100.000000	65744.235670	51208.616650	52478.726860	31624.323770
23160.000000	66205.421670	50729.008830	52394.361480	31323.931430
23220.000000	66067.839970	49953.372060	52811.959880	31857.891210
23280.000000	66062.507150	50604.689240	51402.018330	32125.230050
23340.000000	65758.139440	51218.647140	51546.309610	31731.100740
23400.000000	65633.679110	50524.022650	51859.264790	31892.109540
23460.000000	66125.276820	51408.722010	52187.833060	31957.483760
23520.000000	66549.696900	50417.968390	52003.753970	31621.521660
23580.000000	65699.675760	50698.845980	51826.224590	31901.275630
23640.000000	66390.715460	50173.312170	52413.185410	31228.158850
23700.000000	66566.630480	50280.408050	52367.184970	31433.420230
23760.000000	66884.546330	50281.513810	52302.614570	31814.449920
23820.000000	66902.691150	50149.274730	52417.339310	31970.484230
23880.000000	65759.807230	51440.076140	51911.342140	31753.969250
23940.000000	66516.437270	50563.115630	51914.072430	31511.923720
24000.000000	66866.514200	50704.792610	52318.803490	31904.714030
24060.000000	68700.376920	50308.046000	52047.161900	31942.960080
24120.000000	66695.277720	50383.912600	52586.249600	31427.080510
24180.000000	66696.274810	50772.888630	52460.860760	31931.658370
24240.000000	66858.776020	50731.733470	52289.088540	31518.303870
24300.000000	67689.274760	50555.171270	52572.583630	31835.168880
24360.000000	67520.780480	50146.031410	52771.743330	31927.010700
24420.000000	67539.018950	50788.014580	52676.041050	32106.678170
24480.000000	66905.243190	50392.014720	52253.478890	31745.509900
24540.000000	67656.147440	51089.244020	53014.762250	31541.940380
24600.000000	67887.077870	50448.803660	52647.145930	31739.210950
24660.000000	67413.401370	51018.566790	52036.467630	31581.841180
24720.000000	67626.706040	50764.171220	53101.482540	31403.310610
24780.000000	67852.198650	50561.427930	53276.733910	31686.814000
24840.000000	67010.170650	50317.408530	52953.431220	31881.355770
24900.000000	68301.493990	50614.488290	52543.456810	31746.911790
24960.000000	67781.261500	51015.160930	52701.213450	31604.993630
25020.000000	67683.741430	49926.068580	52972.239670	31856.824780
25080.000000	68087.044950	51176.319430	52933.273260	31279.533180
25140.000000	67534.442100	51069.999310	53529.183320	31934.984510
25200.000000	67435.804160	50384.049130	52477.712490	32201.427470
25260.000000	68251.325940	50591.307060	52657.686650	31276.078840
25320.000000	67886.851240	50850.995090	53152.462490	31637.210580
25380.000000	68463.774020	50779.994500	52629.794920	31944.887840
25440.000000	68923.472020	50893.939720	53320.130220	31434.219950
25500.000000	68190.868800	50350.803630	52996.019040	31331.967340
25560.000000	68083.361700	50399.937410	53805.027760	31592.896430
25620.000000	67855.183710	50867.063160	53545.444400	32126.826410
25680.000000	68494.910660	51307.617130	53565.982900	31407.434900
25740.000000	68395.235310	50323.026690	53653.521000	31672.847550
25800.000000	68075.373270	50289.216070	53507.543520	32058.706760
25860.000000	68943.232710	50670.394180	52975.904670	31971.605100
25920.000000	68656.697190	50855.765580	53486.052180	31996.842130
25980.000000	68488.570570	50703.982490	53304.597900	31701.223270
26040.000000	68673.738190	50491.012430	53521.354060	32115.245610
26100.000000	68534.962130	51191.254390	53782.176970	31875.007010
26160.000000	69319.418650	50688.814950	53616.574870	31289.620440
26220.000000	69422.441230	50896.405630	52793.338750	31985.923830
26280.000000	69745.072120	50865.069250	52713.784830	31980.451480
26340.000000	68796.533950	50821.100710	53287.899370	31890.831730
26400.000000	69305.363780	50411.872440	53183.677170	32262.325000
26460.000000	68899.649660	50409.597790	53097.103110	31465.090290
26520.000000	69205.284230	50196.020890	53005.005370	31025.612840
26580.000000	68998.551310	50739.294670	53123.462470	31862.287640
26640.000000	68531.048850	51346.646130	53723.030230	31475.197190
26700.000000	69508.564040	50334.796580	52930.444670	31516.809860
26760.000000	69344.382910	50717.395470	53340.183500	31640.190700
26820.000000	69716.754780	50912.262670	53005.078250	31966.287200
26880.000000	69614.012650	50744.304270	53318.532040	31622.686700
26940.000000	69529.829300	50495.572560	53132.680340	31442.646290
27000.000000	69296.153040	50729.774180	53210.734180	31481.362120
27060.000000	69787.923980	50733.067080	53888.146760	31446.264660
27120.000000	70020.569270	50212.183950	54120.309330	31840.807930
27180.000000	70171.698920	51065.290790	53999.027130	32162.271190
27240.000000	69242.883580	50877.734350	53119.536240	31201.890340
27300.000000	69476.593870	50613.910280	53449.977560	31175.851910
27360.000000	70042.330340	50881.319310	53455.929750	31597.260340
27420.000000	69772.140970	50609.343600	53457.103530	31757.332100
27480.000000	70036.844690	50878.748500	54282.001610	31410.675550
27540.000000	69628.732710	50679.991030	53117.862790	31652.264190
27600.000000	70370.231130	50675.945860	53041.868360	31624.125140
27660.000000	69664.288760	51411.345200	53770.508600	31914.161470
27720.000000	70109.818640	50489.117080	53589.598100	31752.147030
27780.000000	70746.473440	50624.127170	53948.605190	31411.202510
27840.000000	71298.750440	50292.805250	53935.784970	31507.718800
27900.000000	70323.722010	50352.925520	53847.935070	31616.932130
27960.000000	70461.429610	50536.991880	53909.961160	31797.729940
28020.000000	70724.501850	50938.504020	54142.010230	31594.530570
28080.000000	70421.928920	50980.330120	53849.215780	31786.983100
28140.000000	70154.502020	50329.871590	53735.313550	31923.975950
28200.000000	70642.580880	51165.403110	54521.755120	31686.524840
28260.000000	70732.321730	51269.713190	53887.368310	31357.479470
28320.000000	71025.874270	50701.944400	54668.255380	31529.455370
28380.000000	71020.911810	50986.387640	53880.562480	31552.358370
28440.000000	70190.209990	50701.874580	54284.931130	31725.977510
28500.000000	71189.378970	50956.818770	53770.374310	31853.639990
28560.000000	71218.775240	50946.258180	53792.588480	31724.744020
28620.000000	71646.148970	50371.253920	53672.639720	31652.057140
28680.000000	70756.084180	51227.233340	54066.272410	32001.330050
28740.000000	71028.748750	50280.297640	54220.986300	31417.385460
28800.000000	70672.593240	50559.801370	54061.856530	31591.111910
28860.000000	71333.188560	50795.998010	54020.761890	31457.348330
28920.000000	71414.136500	50790.162660	54134.321540	31571.551670
28980.000000	71121.010130	51042.853990	53951.811840	31998.620090
29040.000000	71066.912380	51180.706710	53305.212070	31656.903930
29100.000000	71619.939370	50872.031780	53988.056080	32258.672980
29160.000000	71021.824930	51314.758300	54424.996220	31741.834150
29220.000000	72332.791880	50443.257430	54534.678840	31609.696280
29280.000000	72435.206280	50597.054470	54522.428740	31557.783420
29340.000000	71706.784900	50662.543260	54310.749330	31902.452880
29400.000000	71924.216360	51620.996330	54594.891190	31489.668360
29460.000000	71349.287760	50417.785180	54526.342260	31995.465150
29520.000000	71557.969740	51312.461180	55020.560960	31575.074060
29580.000000	71352.045380	50226.148150	54185.605630	32216.123520
29640.000000	71880.574090	50664.223420	55084.752570	32096.005570
29700.000000	71866.253730	51137.918660	54670.971600	31855.947050
29760.000000	71809.307110	51459.409090	53686.774450	31593.986470
29820.000000	71970.115600	51118.217280	53848.358100	32144.628520
29880.000000	71693.624150	50972.059450	54846.650760	31891.679290
29940.000000	72374.915040	51316.375270	54184.225160	31504.027230
30000.000000	72381.202170	50839.203080	54930.552430	31546.916800
30060.000000	72277.179820	50847.396360	54221.681520	32092.307530
30120.000000	72630.613470	51289.413890	54644.698870	31586.685880
30180.000000	72849.003040	50890.825750	54368.955480	31810.730780
30240.000000	73189.047080	50404.447090	54596.894170	31478.169230
30300.000000	72770.727760	50609.962910	54278.564100	31824.788200
30360.000000	71816.324090	50698.281320	54441.249770	31662.964980
30420.000000	72104.304920	50655.160540	54532.840040	31936.854160
30480.000000	72976.336700	51335.958000	54452.699310	31889.394520
30540.000000	72177.252020	50978.519080	54512.467080	31564.812330
30600.000000	72871.693630	50769.182990	54717.195400	32474.766230
30660.000000	72951.217950	51366.213820	54393.347960	32169.185440
30720.000000	73230.650200	50443.783910	55098.575640	31448.962770
30780.000000	72681.995370	50499.997900	54863.736300	31937.411710
30840.000000	72181.061570	50878.910940	54545.617860	32081.274960
30900.000000	72768.515800	50831.331980	54548.152730	31946.606560
30960.000000	73406.379020	50926.663930	54907.411090	32326.359820
31020.000000	72805.078320	50887.595050	54724.682400	31478.441260
31080.000000	72920.247470	51004.685710	54602.867020	32034.421130
31140.000000	72594.564970	51003.670720	54694.177660	32001.052000
31200.000000	72997.824670	50763.885550	55066.132310	31343.807070
31260.000000	72537.639660	50452.082360	54464.742120	31853.972220
31320.000000	72775.390680	51326.905290	55061.079590	32244.098490
31380.000000	73402.202010	50712.047770	54540.216930	31861.925760
31440.000000	72985.705240	50709.166770	55004.846760	31979.973570
31500.000000	72941.382900	50780.132940	54511.309600	31886.418520
31560.000000	72880.293710	51003.572360	54690.379420	31753.270300
31620.000000	72997.362570	51278.631170	54983.281810	31991.135240
31680.000000	73047.313550	51143.605000	54677.408710	31616.219710
31740.000000	73222.790690	50784.848530	55223.841960	32121.193180
31800.000000	73661.882140	50923.050370	55015.764880	31592.814770
31860.000000	73334.252370	50928.746120	54508.597560	32067.536980
31920.000000	72836.056330	50666.473840	55561.301910	32050.998720
31980.000000	73400.523870	50958.242860	54897.395970	31859.611060
32040.000000	74108.106270	51014.245240	55167.974670	32036.260510
32100.000000	73724.818170	50622.325550	55357.222780	31785.179240
32160.000000	73603.219170	51005.125220	55091.769390	32096.991380
32220.000000	74031.042720	51010.033630	55019.784130	32003.422270
32280.000000	73317.225550	51056.635330	54374.864010	31847.217000
32340.000000	73677.354040	50648.578550	54309.968720	31750.723940
32400.000000	73487.219560	50663.198980	54628.651600	31918.811970
32460.000000	74372.949020	50352.938910	55343.008840	31697.451520
32520.000000	73347.545230	51096.003860	54954.157950	31576.710010
32580.000000	74519.197460	50479.303610	55158.221440	31584.674290
32640.000000	73957.516920	50700.097360	55265.406700	32030.773960
32700.000000	74015.123440	51019.804160	55961.700400	31747.256400
32760.000000	74583.395710	51229.143620	55708.368100	31505.080030
32820.000000	74141.054280	51449.579630	54636.143410	32112.464060
32880.000000	74630.706160	50574.654380	54666.363490	31709.460560
32940.000000	74013.495490	50612.793750	55536.182830	31826.222190
33000.000000	74315.518910	50990.385160	55550.724900	31745.330120
33060.000000	73899.965980	51266.075630	55181.221630	31792.543550
33120.000000	74156.987540	50922.474490	54867.242750	31770.954580
33180.000000	74050.840970	50586.600210	55078.324520	32282.124820
33240.000000	74122.203440	50487.132000	55044.135750	31777.343220
33300.000000	74192.889840	50730.082830	55297.703600	31330.603680
33360.000000	74524.681410	51037.551220	55741.438140	31763.997920
33420.000000	74947.837930	51336.470570	55539.531430	31330.834770
33480.000000	74661.927750	51224.461730	55371.872050	31556.948920
33540.000000	74988.501920	50657.675300	55107.323550	31845.299440
33600.000000	74405.224860	50244.536260	55227.149260	32102.361180
33660.000000	74727.829570	51133.994940	55113.501300	31679.615770
33720.000000	75368.437120	50759.689230	55630.972450	32040.249120
33780.000000	74977.905750	50807.295570	55160.237060	32091.937410
33840.000000	74323.545510	50831.653620	54938.684750	31861.709050
33900.000000	75263.046770	50593.593650	54896.418280	31707.140300
33960.000000	74495.418000	50845.280460	55300.443860	31960.066880
34020.000000	74674.200720	50349.001890	54968.257780	32492.177330
34080.000000	75164.262310	51146.857280	56038.817860	31733.750320
34140.000000	75414.466190	50167.797790	55335.422460	32090.016500
34200.000000	75399.386190	50936.922410	55801.880960	32327.046430
34260.000000	75509.207690	50863.000920	55360.448940	31505.570030
34320.000000	75627.188480	51412.111750	55510.312850	32066.904790
34380.000000	75082.096220	50761.161870	55047.021620	31904.925020
34440.000000	75770.086240	50850.699810	55232.669300	31430.491010
34500.000000	74812.487170	50385.097320	54829.087870	31600.074330
34560.000000	75506.786100	50922.657060	56233.673220	31935.144890
34620.000000	74551.097500	51233.412840	55376.444310	31866.768550
34680.000000	75097.738260	50833.576560	55098.660750	31900.556500
34740.000000	75727.974360	50534.056270	55400.993540	31871.662530
34800.000000	75426.962780	51444.595730	55540.158820	31933.042130
34860.000000	75244.378520	51177.097160	55542.603750	32128.501220
34920.000000	75472.633330	50908.272350	55433.844790	31396.675000
34980.000000	75398.240290	51037.849480	55652.757810	31619.778660
35040.000000	75533.256870	50945.314840	56042.811890	31967.821230
35100.000000	75319.644730	50875.862610	56007.716140	31785.299720
35160.000000	74928.139910	51427.308820	55659.647530	31749.714800
35220.000000	75626.263420	50652.480610	55234.078890	31644.948250
35280.000000	76486.499760	50715.134520	56087.506560	31907.101480
35340.000000	75212.580820	51501.852340	55006.033000	31605.324880
35400.000000	76050.345830	51300.655720	55557.791940	31058.158780
35460.000000	75970.665600	50443.115820	55555.644650	31644.116760
35520.000000	76613.510400	50721.691420	54940.326690	32049.963750
35580.000000	75650.394320	50797.025170	55631.028650	31845.841500
35640.000000	75453.680420	51088.149740	55417.018580	31703.757650
35700.000000	75416.766310	51340.967720	56026.512550	32001.204180
35760.000000	75723.995270	50268.396580	55591.038530	31528.225380
35820.000000	76196.664280	50908.968610	56056.796950	31452.114120
35880.000000	75763.900820	50583.462310	55504.235250	31717.134960
35940.000000	75773.293340	50798.169650	55700.014260	32085.670950
36000.000000	76353.947430	50911.946540	55939.350050	31710.620510
36060.000000	76997.625000	50569.011890	55953.125170	32111.431090
36120.000000	75567.591730	50386.752370	55171.905060	31573.667450
36180.000000	76307.375820	51205.852140	55766.113290	31626.503910
36240.000000	75735.716820	51503.682690	56062.106100	31198.868910
36300.000000	76323.730000	51045.194430	55701.704520	31663.670530
36360.000000	76055.286910	50933.046780	55538.738000	31184.640830
36420.000000	75734.318510	51226.026860	56072.640210	31895.705120
36480.000000	75557.753270	51393.325700	55394.741050	31333.481150
36540.000000	77243.770330	50816.075550	55953.658750	32116.878040
36600.000000	76787.847290	49967.751720	55881.818630	31473.247140
36660.000000	75782.832200	50725.882350	56265.358680	31729.376660
36720.000000	77497.896330	50800.192550	56559.668360	32170.125440
36780.000000	76472.600670	50575.915830	55947.487370	31418.295250
36840.000000	76307.907370	50894.117660	55905.847100	32235.633510
36900.000000	76909.058070	50487.676720	55685.018690	31575.195990
36960.000000	77155.106840	51388.542380	56174.639270	32107.687890
37020.000000	76529.724280	51131.215010	55197.936160	32116.496190
37080.000000	75816.327620	51063.911980	56467.929690	32119.039330
37140.000000	75814.661850	50920.868000	56167.800830	31535.555210
37200.000000	76624.194970	50725.420070	56029.195030	32020.242850
37260.000000	76802.417950	51562.367300	56189.718880	31563.439420
37320.000000	76975.970470	51278.480670	55719.427670	31669.603620
37380.000000	76353.478530	50773.732380	56304.920360	31956.831580
37440.000000	77578.323840	50507.791220	56606.393320	32152.611170
37500.000000	76373.464800	51003.692370	56207.539860	31724.802980
37560.000000	77050.188920	50402.296140	56549.004270	31889.322000
37620.000000	76679.623230	50427.031190	56142.046460	31800.502860
37680.000000	77198.414870	51343.639250	56151.782210	32064.161360
37740.000000	77313.637190	50946.145580	55956.337530	31489.195510
37800.000000	76909.242590	50849.935790	56304.931000	31316.599180
37860.000000	77070.327550	51506.673080	56640.943340	31886.280580
37920.000000	76536.706010	50766.515460	56162.516060	32349.703230
37980.000000	77055.728320	50751.621460	56661.446360	31566.166250
38040.000000	77583.995510	50572.597840	56521.048540	31938.529720
38100.000000	77849.497510	50775.963450	56390.479330	31371.136140
38160.000000	77661.331790	50391.102020	55815.809040	31871.175380
38220.000000	77153.258960	50102.258940	55777.105560	31985.794460
38280.000000	76933.371570	51298.058850	55871.263010	31894.683930
38340.000000	77479.350250	50844.409040	55737.733230	31923.874520
38400.000000	77418.858980	50921.806490	56166.450640	31543.939820
38460.000000	78003.470750	51540.231170	55639.657110	31577.006820
38520.000000	76673.188630	50905.271570	56249.886990	32205.714530
38580.000000	77345.378650	50836.132240	56531.610310	31752.151320
38640.000000	77604.081200	50575.970080	56603.037990	32057.849570
38700.000000	77394.496490	50895.808450	56330.607500	31809.455490
38760.000000	77008.255390	51048.205500	56696.903270	31270.740900
38820.000000	77468.562160	51588.108050	56495.537600	32124.361050
38880.000000	77301.292150	50959.139760	56744.422100	32266.649060
38940.000000	78299.312530	50282.403610	56357.691750	31813.139620
39000.000000	77002.961200	51167.190750	56734.526110	31607.942830
39060.000000	76851.380050	51063.969460	55863.877610	32036.112050
39120.000000	78559.993140	50837.631590	56840.542350	31605.042850
39180.000000	77637.187020	50967.939270	55810.374830	31899.921750
39240.000000	77237.286320	50990.859470	56261.381580	32388.131010
39300.000000	78235.282540	50686.957780	56149.061340	31527.877710
39360.000000	77990.881570	50927.957350	56815.383080	31914.202650
39420.000000	78047.748490	50789.155000	56078.860810	31975.205140
39480.000000	77858.648710	51147.560250	55986.013360	31613.515170
39540.000000	77866.031140	50829.548290	56239.412080	31906.824900
39600.000000	78592.827940	51112.471190	56321.160820	32057.603260
39660.000000	77604.060450	51094.730360	56367.793160	32353.080280
39720.000000	78049.747430	50561.745840	55786.811150	32072.704030
39780.000000	78016.134190	51433.676060	55943.474080	31562.447720
39840.000000	78723.919570	50685.771140	56157.714970	32137.392620
39900.000000	78284.633530	50573.043400	56377.337760	31599.281140
39960.000000	78081.431120	50738.973210	56380.312990	31943.619240
40020.000000	78687.135170	50919.923440	56131.528690	32343.831150
40080.000000	78419.351980	51467.426490	55991.971210	31918.183420
40140.000000	78191.199600	50711.644460	56643.496760	32317.795540
40200.000000	78219.280290	50693.731720	56317.063380	32220.058720
40260.000000	78493.143780	50610.889650	56591.235780	31584.130800
40320.000000	77808.755150	51251.500570	56335.733170	31882.546310
40380.000000	78544.599170	51296.671400	56017.783850	32077.358360
40440.000000	78425.319090	51149.912780	56802.328410	32214.879250
40500.000000	78445.356750	50467.260920	56322.502730	31827.302980
40560.000000	78187.457450	50500.138860	56944.855360	31729.781380
40620.000000	78136.061610	50905.616380	56247.079860	31882.045260
40680.000000	78389.771140	51221.322940	56361.348180	32063.009570
40740.000000	78456.698940	51058.368700	56718.745060	31834.475940
40800.000000	78902.083520	51010.938230	56523.126990	31522.157930
40860.000000	78926.428050	50795.901070	55962.741380	31810.911570
40920.000000	77838.239080	51462.577360	56525.331950	31390.987230
40980.000000	79066.487040	50779.179140	56572.839400	32007.294010
41040.000000	78432.998960	51052.515830	56743.029890	31750.278470
41100.000000	78693.684830	51085.804270	56542.154520	31770.527850
41160.000000	78524.754060	50550.032450	56485.980990	32221.097050
41220.000000	78377.404560	50919.421970	56569.762710	31691.921810
41280.000000	79228.446040	50955.708430	56832.135980	31757.618680
41340.000000	78668.795110	51576.222790	56316.575770	31958.866240
41400.000000	78553.169900	51440.285950	56559.066880	32127.275320
41460.000000	79388.499120	51035.343230	56510.813560	32690.834250
41520.000000	78937.021400	51129.554820	56803.242410	31735.819200
41580.000000	79131.015160	51187.999890	56611.929560	32319.789840
41640.000000	78521.534350	50794.234580	56921.562820	32138.564760
41700.000000	78678.240710	51426.247140	56324.505420	31959.864120
41760.000000	79068.255990	51171.190510	56896.300690	32047.936680
41820.000000	79641.190670	50791.731090	56748.129540	31961.366910
41880.000000	78929.444210	50793.786790	57124.525300	31984.753410
41940.000000	78825.263470	51237.729860	56788.243900	31683.213550
42000.000000	78561.634500	50400.249060	56939.774380	32018.972300
42060.000000	78633.333290	50921.157450	56923.831810	31821.901500
42120.000000	78932.835580	51266.679240	56370.000420	32000.028860
42180.000000	79333.152540	51081.716340	56030.483590	32205.712990
42240.000000	78888.799620	50874.366390	56426.490170	31215.637540
42300.000000	79574.661520	50367.121640	57540.273580	31846.150520
42360.000000	78909.515230	51321.465810	57196.750250	31772.218550
42420.000000	78796.186470	50788.628150	56344.357080	31903.843450
42480.000000	79000.633700	51458.071990	56414.320890	31854.471070
42540.000000	79095.390920	51878.202180	57011.114160	31817.095410
42600.000000	79092.198790	50665.676920	57182.464390	31820.474650
42660.000000	79126.973280	51047.031470	56377.289850	31438.807360
42720.000000	78799.889960	50765.325590	57347.419710	31990.502290
42780.000000	79003.929750	50053.250060	57536.031550	32163.459630
42840.000000	78906.638490	51398.854030	56472.565440	31815.818950
42900.000000	79375.374760	50873.498800	56623.298660	31893.519180
42960.000000	79793.868690	51077.673270	57260.621150	32110.521130
43020.000000	79305.430770	50894.502130	57077.077840	32131.650430
43080.000000	78867.576600	51139.396840	56838.015320	31812.334860
43140.000000	79010.403920	51421.801420	56377.544800	32184.732280
43200.000000	79269.369640	51107.073720	56692.477600	31537.463870
43260.000000	79591.123960	50641.394200	57176.594080	31794.018250
43320.000000	79025.032820	50553.147750	57086.096220	32372.066160
43380.000000	80064.938130	50886.233780	56578.574070	31810.172210
43440.000000	79626.351550	51128.288120	56589.821030	32143.521420
43500.000000	80029.123190	51100.052030	56713.721790	32193.693550
43560.000000	80186.665610	50792.347850	56464.986090	31512.129270
43620.000000	80287.064220	51140.052250	56713.711110	31997.989990
43680.000000	79160.755780	50702.412850	56531.673650	32387.356730
43740.000000	79683.712780	50405.944000	56631.489090	31456.556140
43800.000000	79471.514330	50983.458710	56702.824070	32329.722370
43860.000000	79508.411260	50664.288940	56544.126040	31824.873520
43920.000000	80488.002980	51285.020570	56824.828980	31381.489750
43980.000000	80131.926940	50728.986440	56164.706580	31398.393160
44040.000000	79570.034440	50781.787060	56684.918590	32091.162120
44100.000000	79361.171460	50271.633940	56673.797570	31552.306210
44160.000000	79706.161170	51221.280250	56364.022240	32055.924420
44220.000000	80848.741420	51470.116060	56690.810990	31590.838720
44280.000000	79762.772520	51605.196660	56235.439830	31910.935890
44340.000000	80166.035210	51400.497950	56332.090840	31064.045620
44400.000000	79734.556920	51141.182960	57000.160910	31529.735660
44460.000000	79898.648580	51586.446920	56697.608360	31598.393860
44520.000000	79496.198220	51315.509280	56775.529560	32202.804940
44580.000000	80514.586570	51094.567420	57143.598360	31641.494620
44640.000000	79004.549870	50843.160240	55915.376280	31934.056060
44700.000000	80178.424890	50552.865080	56832.927960	31301.911720
44760.000000	79574.618320	51126.384740	56697.061280	32067.129300
44820.000000	80360.919780	50619.695190	57214.013400	32130.182930
44880.000000	80984.803390	50808.560090	56660.876700	32033.634010
44940.000000	80185.427180	51263.452980	56848.796850	32393.075220
45000.000000	79424.079740	51428.139760	57070.260990	31551.660510
45060.000000	79836.461180	50531.900490	56779.721360	31582.182070
45120.000000	80127.436610	51039.647490	56388.572610	32353.096270
45180.000000	79901.845650	50895.199090	57142.880070	31853.639490
45240.000000	79796.639260	51085.058680	56546.871580	32158.030540
45300.000000	80348.256060	50670.924480	56779.668140	32504.134110
45360.000000	80205.640410	51465.534100	56299.265350	31302.438230
45420.000000	80512.016550	50961.276320	57260.236280	31763.541730
45480.000000	80021.152940	50692.140380	57150.326840	31978.281780
45540.000000	81194.022670	51265.569860	56531.433190	32130.172860
45600.000000	80709.128650	51199.820070	57426.431420	31940.628720
45660.000000	80207.042780	51859.535340	57329.724000	31824.696740
45720.000000	80294.990840	50916.615510	57116.525060	31564.994730
45780.000000	80230.043970	50977.804780	56569.314090	31977.738810
45840.000000	80544.422420	51401.299980	57750.974980	31970.895850
45900.000000	80331.937590	51811.407440	56755.383630	31944.830760
45960.000000	80869.132950	50611.260030	57622.116330	32118.235370
46020.000000	80063.883590	50447.678860	56883.717110	32219.336350
46080.000000	80643.195660	51694.695740	56496.503760	32222.372850
46140.000000	80210.725650	51572.641240	57116.132780	31888.989580
46200.000000	80496.279220	51284.759200	57495.959940	32109.889240
46260.000000	80547.313060	51111.456480	56950.962540	32171.214240
46320.000000	80342.546490	50709.231580	57345.306910	32447.353210
46380.000000	80669.181340	50589.015230	57692.908080	31987.247800
46440.000000	80090.430790	50528.000770	57411.623130	32064.594710
46500.000000	80959.095670	50946.174860	57050.662880	31684.644780
46560.000000	80864.884290	50973.953690	57321.922650	31973.282940
46620.000000	81169.183050	51420.625860	57366.197310	31791.520360
46680.000000	81713.528420	50736.796150	56996.573560	31681.323910
46740.000000	80845.516830	50857.839430	58070.068990	32155.468340
46800.000000	80036.233080	50561.316310	57161.972970	31983.632510
46860.000000	80594.801890	50599.210190	57261.710570	31760.535280
46920.000000	80251.096760	51363.085730	57448.933830	32069.408340
46980.000000	80592.616150	51052.765990	57631.229660	31664.649820
47040.000000	81253.693870	50889.471590	57366.016280	31743.672310
47100.000000	81141.841380	50940.447520	57149.559100	31878.465500
47160.000000	81300.829270	50801.282790	57445.747020	31726.756070
47220.000000	81459.699330	50989.585710	57373.338060	31552.336770
47280.000000	80552.160340	50692.053060	57353.429180	32055.220000
47340.000000	81006.408780	50989.952550	57050.107770	32422.395440
47400.000000	81394.607210	50915.886500	57560.620730	32177.202630
47460.000000	81401.450320	51170.405970	57717.716140	32365.385820
47520.000000	81147.047860	50777.748730	56878.956170	31748.830050
47580.000000	80906.680790	51357.336710	57197.588180	31854.070080
47640.000000	80963.986080	50972.679290	57072.222400	32073.074760
47700.000000	81123.241810	51621.486770	57386.307260	31780.891150
47760.000000	81323.163960	51634.655750	57018.122470	31580.480110
47820.000000	80403.396840	51549.811940	57449.404520	31950.530180
47880.000000	81510.979900	51117.462000	57155.060070	32149.199180
47940.000000	80516.561520	51785.123090	57319.623690	31544.843350
48000.000000	81416.839250	51277.459420	56979.050530	31966.354310
48060.000000	81068.612430	50612.707000	57182.961040	31878.744470
48120.000000	80573.850870	51348.144630	57236.159730	31769.004110
48180.000000	81833.711600	51469.227290	57244.854710	31482.658300
48240.000000	82018.293090	50681.781240	57390.756030	32088.815420
48300.000000	81200.680190	51691.268540	57441.215490	31900.241000
48360.000000	81461.771600	50402.972470	57909.259210	32544.682080
48420.000000	80887.263350	51217.308990	56824.207720	31620.111710
48480.000000	80877.392910	51063.600360	56633.916770	32198.990650
48540.000000	81222.570550	51627.759240	57284.823060	32286.816830
48600.000000	80819.952450	51060.857750	57146.209310	31747.703330
48660.000000	80978.482620	51339.192320	57854.702800	31770.540640
48720.000000	81435.396730	51407.749210	57963.513360	32125.187240
48780.000000	81513.681860	50570.501530	57510.265470	32432.909360
48840.000000	81746.658010	51019.731990	57372.377650	31975.181760
48900.000000	80895.795610	51227.791840	57597.654830	31969.069470
48960.000000	81488.488500	51227.419920	57584.842300	31771.088930
49020.000000	82176.665890	51065.489780	57490.366320	31887.171960
49080.000000	82125.937900	50917.764280	57603.746570	32231.633660
49140.000000	82252.338220	51278.548330	57420.658960	31653.204330
49200.000000	81526.753000	51231.334350	57357.986400	31693.242890
49260.000000	81206.041420	50904.278530	57569.286130	32217.630190
49320.000000	82056.625520	50691.477840	57563.974840	32083.065040
49380.000000	81155.112250	51004.057090	56820.178120	32104.333860
49440.000000	81771.599910	50711.340400	57415.258020	32025.229640
49500.000000	81743.095810	51206.791010	57625.475730	32237.096730
49560.000000	81098.733190	51505.801430	58038.179590	31682.450770
49620.000000	81853.514200	50658.030810	57568.383400	32171.146970
49680.000000	81715.406970	50612.444330	56767.718340	32479.856680
49740.000000	81720.482990	52004.466510	57218.531100	31654.830900
49800.000000	81547.413250	51526.493040	57644.697520	32172.936560
49860.000000	80693.233580	50295.012990	57319.968770	31578.930590
49920.000000	82697.738850	51403.044450	57454.043330	31722.936540
49980.000000	82706.943940	50915.562000	57374.920740	32188.262480
50040.000000	82211.843010	51048.280750	57705.628230	32096.021230
50100.000000	81795.703640	51288.707130	57293.415360	32186.736940
50160.000000	81749.349220	51340.152390	58028.865590	31792.223200
50220.000000	81377.687200	51294.116890	57536.309740	31345.685990
50280.000000	81834.847290	50628.715800	57531.781630	32583.589750
50340.000000	81393.432190	50739.321260	57389.228710	31516.899210
50400.000000	82003.557660	50919.210750	56958.124500	31761.107290
50460.000000	82332.949340	50517.186130	56755.555350	32020.128070
50520.000000	82564.959900	50977.844730	57309.176730	31912.588650
50580.000000	82170.998060	50853.073830	57100.699660	31809.917200
50640.000000	82161.850460	50971.779610	57066.144700	32031.837130
50700.000000	81435.116780	50942.435050	56892.948450	32035.312410
50760.000000	81654.516450	50558.093580	58146.154530	32088.160680
50820.000000	82053.169270	50791.750280	57890.293830	32178.215870
50880.000000	82121.676050	50808.803610	57214.950450	31817.099160
50940.000000	81613.769440	50319.142810	57804.069380	31798.037150
51000.000000	82647.069830	50787.851250	57364.856220	31902.072550
51060.000000	81869.174740	50152.125900	56567.257440	32151.824870
51120.000000	82310.430610	50734.593410	57360.001370	31919.466300
51180.000000	82085.989510	50488.030030	57378.981610	31818.880760
51240.000000	82396.677450	50976.267790	57560.939470	31869.765990
51300.000000	82326.094830	50472.279560	57500.427780	31341.613970
51360.000000	81869.072360	50814.289820	57755.293070	31497.807780
51420.000000	81777.564400	50355.387180	57425.699680	32584.817460
51480.000000	82409.310570	50850.125360	57179.342240	31877.732090
51540.000000	81384.229230	51092.193740	58060.852020	32015.669840
51600.000000	81952.233200	50653.803930	57618.352300	32163.935490
51660.000000	81617.986150	50629.576250	57543.162290	31835.221070
51720.000000	82414.669400	50511.097190	57365.729770	31516.634910
51780.000000	82529.110790	51247.392840	57448.637610	32450.926690
51840.000000	82295.339860	50107.435080	57952.149760	31616.148330
51900.000000	82052.750310	51239.625730	57856.057050	31719.912050
51960.000000	82015.186210	50844.952280	57655.966600	31795.680820
52020.000000	82906.082840	50712.582130	57623.049220	31915.752090
52080.000000	82249.474730	51259.512070	57721.233340	31925.152940
52140.000000	82171.822450	50164.198780	57492.471960	31211.303380
52200.000000	82332.731610	51428.405690	57089.016390	31959.630280
52260.000000	82485.050030	50777.987260	58047.268790	31833.203880
52320.000000	82262.759230	50550.437430	57381.961930	31835.976210
52380.000000	82851.885390	50951.407830	58011.292050	32336.445770
52440.000000	82476.331520	51182.521270	57368.328880	31850.113550
52500.000000	82297.110590	50729.354190	57334.201150	32065.493300
52560.000000	82140.035140	51435.141300	57477.143200	32048.528690
52620.000000	82896.203460	51065.280890	58924.862650	32040.493750
52680.000000	82395.741100	50503.869020	58315.503210	31686.533920
52740.000000	81945.742860	50405.863450	57277.582220	32298.802420
52800.000000	82253.426240	51068.049320	57823.643890	32178.343150
52860.000000	81892.826450	50502.178510	57960.077640	31854.679850
52920.000000	83117.125580	51028.594560	57968.011480	32137.896570
52980.000000	83078.162450	50538.539220	57685.750180	31721.379710
53040.000000	82153.342080	50760.382630	57641.825020	32206.917250
53100.000000	81865.545520	51122.050300	58033.548310	32025.940930
53160.000000	82892.503120	50654.445170	57695.344220	31512.859670
53220.000000	83313.472450	50803.421600	57860.352450	31794.713380
53280.000000	82739.065150	50840.760030	57153.751600	31798.800030
53340.000000	82386.774910	51341.451580	57083.201450	32208.818670
53400.000000	81969.781200	50408.169410	56997.298670	31590.943290
53460.000000	82804.691900	50679.658610	58095.879310	31945.194760
53520.000000	83158.440360	51515.351960	57771.858010	31743.677370
53580.000000	82757.154950	51046.069670	57424.325910	31269.093340
53640.000000	82846.677230	50747.883120	58104.943710	31885.149080
53700.000000	82456.829000	50918.808300	57545.445850	32246.155030
53760.000000	82108.326830	50990.835730	57183.698330	32480.289700
53820.000000	82618.986320	50803.674920	57860.312260	31710.677660
53880.000000	83532.531030	51524.185180	57792.540330	31997.289240
53940.000000	82771.084600	51303.124710	56969.496330	31822.728240
54000.000000	82829.775590	51346.859100	57150.562360	32308.815360
54060.000000	83139.369580	50715.887740	58001.373430	32091.701800
54120.000000	83154.272240	51203.015500	57699.715110	31867.952940
54180.000000	82469.916460	50694.061970	57723.390450	32074.919360
54240.000000	83897.062510	50915.237090	58812.747830	31910.892590
54300.000000	82481.005450	51324.248980	57899.185100	31655.708970
54360.000000	83436.733870	50544.529440	57937.859430	31656.369730
54420.000000	82622.374760	50689.918700	58083.092680	31795.079560
54480.000000	83347.795040	50638.443090	57304.713160	31676.084620
54540.000000	82488.438280	50922.298190	57445.820190	31974.521960
54600.000000	83682.336340	51044.574660	57407.560660	31918.770090
54660.000000	84248.525000	51165.441740	57724.015900	32055.472970
54720.000000	83300.240240	51141.958770	57920.173050	31464.295580
54780.000000	83140.091160	50255.821510	57715.939510	32389.885860
54840.000000	82387.126250	51474.771640	57584.833230	31570.605910
54900.000000	83689.425070	51171.734430	58169.670560	32018.449800
54960.000000	83153.791570	50808.298320	57830.198420	32101.825640
55020.000000	83271.470220	51181.199750	57193.816380	31525.527730
55080.000000	82727.725740	51979.646290	58153.958670	31697.000920
55140.000000	83407.565160	51014.025690	57561.718830	32027.406060
55200.000000	83775.968770	50560.215570	57626.372570	31570.348480
55260.000000	83193.242220	51095.317190	57281.267130	31874.497020
55320.000000	83431.272030	50890.928830	57335.436020	31126.802310
55380.000000	83000.033220	50902.976020	57834.838310	31475.575210
55440.000000	82999.798730	51406.356070	58262.115980	32239.637850
55500.000000	82570.350290	50925.611450	58328.076480	31931.198740
55560.000000	82656.722400	50641.607830	57941.413150	31729.282950
55620.000000	83539.761410	51033.407520	57985.122520	31871.238350
55680.000000	83642.088830	50258.950800	57732.137230	31789.307030
55740.000000	83154.306800	51360.083300	57583.232360	31825.547070
55800.000000	83460.456760	51109.485980	57408.089660	31876.539920
55860.000000	82726.373530	51531.430120	57931.702900	32124.828820
55920.000000	83218.626090	51421.573280	57288.671910	31615.391160
55980.000000	82657.197050	50786.139410	57673.965260	32031.115250
56040.000000	83440.698310	50836.187010	58051.036470	31853.302020
56100.000000	83088.288950	50876.206930	57949.793990	32010.427190
56160.000000	82596.638610	50814.045760	58059.023890	31874.073680
56220.000000	83417.213190	50306.582130	57657.954060	32112.682630
56280.000000	83824.691130	51108.151390	58157.066730	32302.749580
56340.000000	83905.170070	51124.487170	57598.922910	31944.048870
56400.000000	83473.969850	50990.931140	57891.238100	31493.147480
56460.000000	83080.039300	50631.152430	58224.955000	31911.789240
56520.000000	83170.370720	50539.363240	57464.836420	32278.481140
56580.000000	83272.624210	50961.593090	58531.104940	32141.588470
56640.000000	83705.470930	51177.899760	57912.318970	31966.558430
56700.000000	83153.649000	51162.719020	57632.079270	31690.015340
56760.000000	83522.640620	51099.457270	57434.967720	32202.161650
56820.000000	83772.051820	51106.654240	58290.977410	31976.842440
56880.000000	83513.008570	50413.299670	57267.417040	31787.797910
56940.000000	83173.098870	50705.597770	57835.868480	32115.700940
57000.000000	83297.828810	50757.282920	58623.006560	32033.064940
57060.000000	83124.406570	50656.021010	57669.709840	32031.341870
57120.000000	83543.915130	50541.554030	58762.640880	32015.685750
57180.000000	83974.779380	51616.824990	57960.826340	31905.815340
57240.000000	83985.296740	50880.603370	57730.345870	32287.361140
57300.000000	83606.213890	51391.461320	58127.936960	31740.339390
57360.000000	83302.505540	50879.283620	58039.975750	32268.316430
57420.000000	83388.115560	50669.077490	58531.825860	31885.602330
57480.000000	84058.812770	51335.762710	57538.200920	32070.028390
57540.000000	83827.815930	50770.101620	57955.356260	31832.462830
57600.000000	82778.314390	50899.036150	57846.467610	31722.861300
57660.000000	83939.334830	51178.575110	58625.681870	31773.099880
57720.000000	84509.400070	50516.871740	58461.554550	31700.158900
57780.000000	83740.188740	50359.114980	58034.307290	31604.755170
57840.000000	83612.218090	51286.811720	57762.842500	32198.526390
57900.000000	83776.727220	50985.219950	58141.040500	31933.394680
57960.000000	84475.591850	51253.939870	58317.834110	31658.164120
58020.000000	84240.838460	51024.255220	58784.228690	32546.316300
58080.000000	84088.611630	50770.117520	58304.628710	31877.676360
58140.000000	84055.955370	51417.707720	58437.580440	31626.616430
58200.000000	84019.344800	51027.066530	58463.971750	32230.989560
58260.000000	83838.665660	50672.649230	57766.235140	31785.524870
58320.000000	83837.846190	50459.113610	57985.918080	32021.043140
58380.000000	83811.631480	50629.920380	58167.431900	31794.771000
58440.000000	83630.013700	50616.992940	58193.669930	31656.219280
58500.000000	83903.168990	50994.736960	58037.620660	32017.715200
58560.000000	84537.567460	50851.657660	58497.004230	31941.391410
58620.000000	83395.522240	50783.981490	57847.849040	32382.943380
58680.000000	83749.850170	50905.586230	58310.804050	32430.188420
58740.000000	83812.236430	51106.923970	57837.858360	31742.248280
58800.000000	83556.361500	50809.065060	57657.985530	31934.988840
58860.000000	84781.575620	51500.619420	58114.007900	32340.003620
58920.000000	84166.389350	51131.996510	58200.932810	31838.467400
58980.000000	84079.863710	51406.798620	57682.560750	32355.129580
59040.000000	84049.044460	50794.803830	58444.769260	31638.543070
59100.000000	84888.078690	50946.418260	58088.984140	32324.305250
59160.000000	84465.691300	51078.406830	57997.954910	31853.366320
59220.000000	84346.962920	50322.546270	58265.700400	31433.716870
59280.000000	84405.088550	51399.635370	58641.493170	31658.818410
59340.000000	83682.230570	51047.095180	57819.885060	31676.876590
59400.000000	83560.983760	50870.734440	57760.625450	31931.294180
59460.000000	83520.855410	51554.053480	58257.262690	31396.824340
59520.000000	84119.457200	50338.906910	57815.195440	31790.808990
59580.000000	83691.847860	50338.277890	57253.822710	31833.842040
59640.000000	82955.937220	50478.629510	57112.933770	31823.862370
59700.000000	83729.470850	50897.166010	58179.329230	31799.703640
59760.000000	83442.139230	50895.102530	58088.428800	32198.412740
59820.000000	83635.506990	51288.377140	57921.858840	31833.048040
59880.000000	83695.696870	50497.716670	57621.573780	32127.068110
59940.000000	84336.747900	50484.660710	57885.321080	31937.043580
60000.000000	84289.616370	50726.543640	57767.947880	32062.977740
60474.600000	91735.108120	51959.213820	58133.779270	31873.852870
60518.600000	89171.868070	50395.775030	58540.686850	31771.786060
60562.600000	89863.987750	50912.692450	58495.437750	31800.074770
60606.600000	89817.948420	50487.279780	58453.049750	32038.705440
60650.600000	89747.246750	50523.838570	58854.909760	31980.166250
60694.600000	89391.202980	50602.224980	59547.952170	31682.723530
60738.600000	90174.824560	50877.944490	58473.359380	31596.435100
60782.600000	90182.690590	50854.960200	58997.494830	32202.176320
60826.600000	88896.973730	50660.962040	59304.176870	31709.799180
60870.600000	89778.921730	50875.016600	58857.171490	31642.493610
60914.600000	90474.297540	50944.683680	58915.538040	31679.646660
60958.600000	90292.222940	50874.415620	58822.309430	32264.452170
61002.600000	90047.786530	51167.811170	60052.557970	32060.259380
61046.600000	90329.690080	50302.447960	58694.685230	31964.123940
61090.600000	91470.616570	50943.802830	59338.657030	32389.399900
61134.600000	90562.626770	51608.537430	59445.999160	31615.800790
61178.600000	90841.709270	51226.679870	59618.733500	31958.473160
61222.600000	91314.791570	50954.508780	59700.833380	32012.009530
61266.600000	90906.094390	51296.849890	59100.256290	32023.798390
61310.600000	89990.806850	50506.640640	59830.712170	32275.781190
61354.600000	90167.709320	50926.059140	59554.692700	32272.600790
61398.600000	91055.707900	50608.638190	59555.265920	32198.046950
61442.600000	91556.364200	51246.725450	59525.489200	32412.016470
61486.600000	90974.255200	50507.627160	59873.749840	32430.687990
61530.600000	91066.730530	51242.344300	59666.954920	31961.155540
61574.600000	91329.405060	51237.876460	59484.233870	32127.210200
61620.000000	91713.529300	50491.978660	59973.959710	32611.211570
61680.000000	91379.145460	51035.387060	59809.135810	32138.730090
61740.000000	91089.751170	50641.423990	60082.122060	31924.290790
61800.000000	90276.853340	50915.275330	58863.396040	32118.904900
61860.000000	91942.042590	51033.321350	58976.025850	32094.695810
61920.000000	91236.504070	51090.436800	59749.229540	32197.964310
61980.000000	91102.041590	50748.594080	59820.993130	32292.988000
62040.000000	91746.203430	51400.536860	59462.160100	31840.944850
62100.000000	91170.612100	50939.007290	59314.562790	32187.823010
62160.000000	91416.490520	50827.572080	59760.421830	32722.369740
62220.000000	91846.917870	50694.419310	59929.230970	32079.139980
62280.000000	91240.937180	51372.322970	59469.026690	31797.319470
62340.000000	91815.861840	50982.734110	60186.018470	32325.294290
62400.000000	91278.529460	51244.107920	60188.692130	32001.144120
62460.000000	91497.816370	51519.380430	59762.042290	32153.870690
62520.000000	91790.179200	51038.847650	59708.359270	32625.087900
62580.000000	92508.531600	50881.589740	60496.845680	32739.309090
62640.000000	91951.389020	51438.844070	60600.952500	32425.627310
62700.000000	91151.178310	51512.626890	60119.580600	32716.083670
62760.000000	91886.968790	50662.374640	59792.499180	32897.280460
62820.000000	91966.857080	51562.877510	60398.619770	32606.782540
62880.000000	92355.118120	51493.827800	60027.446230	32366.307310
62940.000000	92115.361780	51111.818290	60464.010390	32632.321360
63000.000000	92189.820100	51128.973820	60135.181790	32903.800730
63060.000000	92478.395930	51705.554520	60270.855460	32554.841920
63120.000000	92639.412370	50733.008280	60230.639670	33294.884480
63180.000000	92178.783750	51196.216220	60744.101790	32337.777600
63240.000000	92155.456730	51705.388020	60036.252370	32639.707950
63300.000000	91996.849260	51061.734260	60944.974070	32415.628430
63360.000000	92404.823870	50896.684100	59955.574570	32773.778100
63420.000000	93409.065890	51467.296530	60769.669370	32244.925800
63480.000000	92358.275860	51599.758170	60308.585920	32310.187380
63540.000000	93236.217600	51436.400750	61271.134360	32886.175360
63600.000000	93508.142970	51164.996370	60607.744280	32577.698120
63660.000000	93148.849810	51095.910710	60730.910540	32760.157250
63720.000000	93136.087810	51232.554790	60559.497630	32964.643160
63780.000000	92913.577030	51409.650410	60376.431630	32687.073030
63840.000000	93206.981380	51127.939520	60706.863750	32800.514150
63900.000000	92991.181220	51422.322980	60583.310310	32446.866660
63960.000000	92343.317360	51234.829770	60540.385290	32686.007690
64020.000000	92562.700650	51610.797970	60331.861110	32471.514630
64080.000000	93125.486190	51365.069760	60380.363140	32571.598500
64140.000000	92483.857600	51675.994840	60509.877300	32719.735560
64200.000000	92707.932990	51382.180260	60638.171800	32849.081220
64260.000000	92602.436100	51650.078350	60091.810680	33073.093840
64320.000000	93678.804360	51737.617810	60084.031780	32822.465610
64380.000000	92623.685240	51062.842300	60322.772520	33276.326500
64440.000000	93129.889930	51224.610130	60790.437130	32915.132010
64500.000000	93122.846090	51662.457580	60763.452270	32693.079720
