0.000000	14340.643910	13316.799840	53416.755330	15031.593290
60.000000	14769.736280	13514.050480	52953.447220	15176.801350
120.000000	14235.835970	13503.262510	53107.812670	15468.802480
180.000000	14828.992370	13642.776580	52888.199120	15034.418600
240.000000	14676.662750	13488.553080	52872.396340	15324.543540
300.000000	14701.451210	13972.929860	53597.660470	15084.273710
592.400000	26896.003640	96291.437100	55421.340930	67546.492420
636.400000	29369.338280	101485.241200	57220.264560	83785.829020
680.400000	32075.630790	104057.392300	57765.592470	93839.522420
724.400000	34208.977670	105514.510800	60213.873870	101000.841600
768.400000	36269.314360	106122.546600	61441.631950	106141.797600
812.400000	38217.934970	106619.156300	62868.400710	109478.792200
856.400000	40281.582010	106799.774600	63696.911300	113940.397600
900.400000	41766.421800	108258.027900	65205.882430	114777.460700
944.400000	44393.619890	107927.214200	66648.736270	115144.814100
988.400000	45931.693700	107467.710200	67516.392890	115663.522100
1032.400000	47673.548270	108146.092600	68302.172910	117290.527500
1076.400000	49533.776510	107292.859900	69545.347680	117044.781000
1120.400000	50964.952680	108018.068700	70450.238030	117488.278000
1164.400000	52703.167570	107425.903500	71065.227590	118331.252000
1208.400000	53853.040100	107188.293200	72956.950010	118259.719200
1260.000000	56499.245940	107689.267800	73376.411330	118751.704700
1320.000000	57987.954940	108936.069500	74440.612960	118510.905900
1380.000000	59836.332820	107813.610500	75591.046470	118806.941300
1440.000000	61424.881110	108330.696500	76883.794600	118665.459400
1500.000000	63774.253330	109078.097200	77342.454470	118867.864600
1560.000000	64342.454630	108506.057600	78894.684730	119662.093200
1620.000000	66851.025720	108565.775700	80198.150180	119295.450100
1680.000000	68223.728550	108153.461800	80552.776700	119250.371800
1740.000000	70006.963310	108379.261200	80552.493640	119491.659200
1800.000000	71167.764990	109120.587600	82407.086430	120652.233800
1860.000000	73050.891420	108779.389300	82451.667920	119121.521900
1920.000000	73354.516710	109392.298900	83712.349320	119632.137400
1980.000000	75913.264700	109243.480300	84779.213920	120823.154400
2040.000000	76545.834150	109328.042900	84680.877310	120515.262700
2100.000000	77294.505460	109451.404300	84978.013460	120103.895200
2160.000000	78378.220160	109561.479200	86568.739210	119850.145500
2220.000000	78996.126090	109406.534700	86671.990730	120134.227100
2280.000000	80658.308920	108926.581600	87622.787830	120392.455900
2340.000000	81035.307000	109069.801000	88241.989610	119978.404000
2400.000000	82689.166240	109150.671700	89062.329520	121016.458700
2460.000000	84506.498030	108880.699100	89199.054040	121184.023300
2520.000000	83879.894950	108916.748000	89778.978090	120646.867800
2580.000000	84793.614730	109370.790900	90355.956580	120960.361500
2640.000000	85243.715370	108588.524500	90142.286810	119661.653400
2700.000000	86352.183480	109251.300300	91210.061850	120234.538600
2760.000000	87682.570570	109762.585900	91280.078970	121607.770900
2820.000000	87469.032050	108899.586000	92161.485190	120530.196200
2880.000000	88561.188210	110589.233800	91628.824970	121516.617300
2940.000000	89674.010570	110156.003300	91969.895680	120199.068900
3000.000000	89138.610250	109113.694400	93057.568880	120806.784500
3060.000000	89511.669600	108548.701500	92324.968160	119947.590700
3120.000000	91240.897590	108383.036200	93068.119400	121115.249500
3180.000000	91699.638390	109178.326000	92693.017900	121203.108200
3240.000000	91933.365590	109443.321100	93791.941660	119940.660500
3300.000000	91891.049670	110157.529000	95458.370800	120520.782000
3360.000000	92988.718040	109570.878100	93896.432750	121308.670200
3420.000000	93465.216620	109719.238500	94563.128720	121471.649900
3480.000000	93982.255670	108707.025600	94454.534250	121820.926100
3540.000000	93728.167860	108501.502900	95290.946540	120947.948600
3600.000000	94863.493730	109183.916600	95307.784960	121629.159200
3660.000000	95462.048930	109026.992200	95087.345280	120167.984800
3720.000000	95321.617610	109447.481700	95064.986700	120573.809300
3780.000000	96046.722740	109317.451100	95301.378060	120757.096000
3840.000000	96988.645840	108535.751300	96152.221070	121029.303900
3900.000000	96565.648200	109331.193700	96032.287740	121240.501000
3960.000000	96338.253160	109412.197400	95483.029050	120927.200600
4020.000000	97686.250920	109850.246000	96150.144030	120586.495700
4080.000000	97613.943260	108558.604500	96649.458900	121202.460500
4140.000000	98132.080480	109391.931100	96159.903200	121107.331700
4200.000000	98591.532510	108612.350400	96666.372350	121350.710700
4260.000000	97542.531730	108521.407300	96781.967730	120983.153100
4320.000000	99021.003420	109306.206200	97146.682290	121013.100900
4380.000000	99201.908860	108884.958400	97220.611770	121340.580300
4440.000000	99031.650660	108820.515400	97100.318820	121825.231800
4500.000000	99067.109130	109683.867400	96328.049460	121090.179400
4560.000000	98923.276480	108498.257100	97708.867400	122262.189500
4620.000000	99023.814280	109360.929200	97330.981790	120866.634700
4680.000000	99322.862800	108828.415800	97266.250290	121407.735600
4740.000000	99618.860370	109105.534600	97435.245120	121763.740700
4800.000000	100945.525500	109093.025800	98208.977290	121447.397200
4860.000000	100974.787900	109500.394900	97596.519240	122036.256700
4920.000000	100126.651000	109630.696100	98253.665310	121360.909900
4980.000000	100945.472300	109414.354600	98068.664720	121365.317100
5040.000000	101560.264000	109255.149000	97373.574340	121006.160200
5100.000000	101330.618800	108725.679600	97734.516260	121707.198200
5160.000000	100638.838900	108838.268200	98273.986870	122218.815800
5220.000000	102055.137200	108451.608500	98341.207420	121697.109100
5280.000000	101735.510400	108931.210700	98170.042290	121134.357800
5340.000000	100790.748800	109507.728200	97811.891900	120623.734500
5400.000000	101946.536000	108880.544100	98661.205710	120728.259400
5460.000000	102372.433300	109361.873200	97450.633360	120321.028500
5520.000000	102173.784400	109436.811300	98371.867640	121646.193100
5580.000000	101945.133600	109682.177400	99210.134550	121823.813800
5640.000000	101994.883900	109948.724000	99347.836670	122173.990800
5700.000000	102445.548000	109437.545600	98396.595010	121217.693100
5760.000000	102015.469500	108614.686900	99071.171910	121789.323700
5820.000000	102303.098600	109512.794000	98853.000170	121562.577400
5880.000000	103173.064000	109490.441500	98312.837520	121145.378800
5940.000000	102337.565100	108988.307600	99295.053610	121861.733700
6000.000000	102571.196800	108905.028000	98903.668460	121318.007100
6060.000000	102565.388500	108681.776400	98648.954680	121504.251500
6120.000000	103060.098600	109036.521800	99185.281500	121417.714000
6180.000000	102619.970700	109053.771500	98728.787120	121388.974100
6240.000000	102117.142000	109962.549200	98911.974250	121808.285100
6300.000000	102399.270900	108754.316300	98650.791730	121238.721600
6360.000000	103308.661300	109535.408400	98880.005950	122163.294500
6420.000000	103672.124800	109240.407100	99298.268500	122370.254600
6480.000000	103953.518100	109591.589700	98684.536160	120704.772000
6540.000000	103485.724000	108926.335400	99642.726910	121436.486700
6600.000000	103998.701900	109006.321100	99406.391240	122618.812500
6660.000000	104170.831800	109097.563200	99246.210510	121878.920200
6720.000000	103712.290200	109013.981200	99306.354160	122873.865700
6780.000000	103639.335200	109007.264500	99412.786110	121002.998200
6840.000000	104625.078900	109786.753000	99065.658900	121614.521600
6900.000000	104009.548400	108836.067600	99455.284430	122178.975900
6960.000000	103425.528900	109467.684400	99140.859330	121538.349700
7020.000000	104584.536700	108714.092200	98623.441620	121515.474700
7080.000000	104550.781100	108564.795400	98355.488330	121104.981400
7140.000000	104813.687900	109381.664900	98964.455120	121191.026800
7200.000000	104327.702900	109774.992000	99198.954700	121684.993500
7260.000000	103564.668900	108931.563500	99896.773980	121578.142700
7320.000000	104845.621700	108901.184200	98908.085720	121342.008300
7380.000000	104272.085600	109396.403100	99197.709780	122387.442900
7440.000000	104630.718100	109262.030700	98785.641170	122908.299200
7500.000000	104017.814800	109216.052000	98961.102260	122274.310400
7560.000000	103684.888000	108490.012200	99403.055420	122170.073100
7620.000000	104156.988200	109863.545500	98930.058730	121509.739700
7680.000000	104288.279200	108858.629500	98478.667360	120893.426800
7740.000000	105548.704500	109108.345500	98884.944490	122603.157200
7800.000000	105158.035300	108934.745100	98604.061290	121572.955700
7860.000000	104657.320600	109422.418200	98992.778500	120995.128200
7920.000000	104839.922400	109154.105800	99003.631420	120764.574800
7980.000000	104417.430500	109605.461700	100026.374000	121483.065000
8040.000000	104310.020500	109229.005800	99539.340140	121183.302600
8100.000000	104226.925000	109320.460700	98992.400540	121966.378600
8160.000000	104278.610700	109272.249300	98939.852750	121342.844200
8220.000000	104784.494700	108645.577500	99303.037810	121874.085500
8280.000000	104106.363900	109095.870200	98298.930950	121650.506900
8340.000000	104798.713300	108571.576700	99419.516710	121337.457300
8400.000000	103913.371200	109716.939500	99280.029270	121670.439600
8460.000000	104465.111400	108676.977500	99812.995110	123543.501200
8520.000000	105002.760500	109916.603100	99450.510810	121750.743200
8580.000000	104850.399200	109693.062000	99579.677570	121082.070900
8640.000000	104640.645300	109191.023900	99984.078650	121415.435100
8700.000000	103645.776600	108896.163200	99834.062140	122449.028100
8760.000000	105082.864600	109583.994400	98120.051630	121911.183600
8820.000000	105289.431900	109029.006800	99469.722410	120928.801200
8880.000000	104982.039600	108832.772500	99016.763970	121907.900500
8940.000000	104278.668300	108771.858700	98590.068200	122141.323600
9000.000000	104470.184200	109137.899700	98965.651250	121442.280800
9060.000000	104480.812700	108897.175400	99813.579450	120587.861300
9120.000000	104629.706300	109118.766400	99493.763900	121980.581000
9180.000000	103990.727100	108978.704100	99714.057760	121807.560900
9240.000000	105012.980800	108588.522600	100394.694100	122685.720200
9300.000000	104661.242100	108641.029800	99118.500970	121328.372900
9360.000000	106024.522700	108614.069100	99759.802530	121840.601300
9420.000000	104902.671000	109727.288300	98844.547710	121313.427800
9480.000000	104573.744300	108673.151900	99699.717410	122167.481400
9540.000000	105292.347400	108870.901800	99988.936330	121791.630500
9600.000000	105007.439100	109112.096100	100036.226600	121711.359300
9660.000000	105362.760700	109141.051900	99982.162000	121772.416800
9720.000000	105268.703500	109397.558400	99557.097200	120757.170400
9780.000000	106367.462400	109165.709700	100501.652300	121929.947500
9840.000000	104809.021700	109721.433000	99545.490790	122040.771400
9900.000000	104953.160400	109045.816200	100111.982600	122315.403100
9960.000000	105736.025700	109021.474200	99644.403430	121700.171200
10020.000000	105569.797500	109006.318200	100009.505900	121516.856900
10080.000000	105645.539000	108739.679800	99793.349940	121809.048800
10140.000000	105067.089200	108993.829400	100408.726200	122635.302000
10200.000000	105548.023300	108526.717500	98972.801470	122227.175500
10260.000000	105561.705000	108135.602500	99601.367160	121887.793500
10320.000000	106237.206900	109774.249700	99562.877640	121961.056600
10380.000000	105555.799000	109657.744700	99701.660760	121554.846400
10440.000000	105018.061700	108754.108000	100106.334300	121729.065400
10500.000000	105679.000500	109255.180400	99036.164650	121452.506600
10560.000000	104545.371000	109071.553600	99372.125670	121951.512100
10620.000000	104643.110700	109693.100100	99507.432310	121883.565700
10680.000000	104668.803500	108856.238400	99700.210540	122334.857700
10740.000000	105080.150600	109240.696900	98760.918740	121398.568000
10800.000000	105530.132100	109278.465200	99582.946450	121503.668700
10860.000000	105449.761200	109557.876300	100273.727600	121312.368900
10920.000000	105284.447900	108477.187800	99645.356500	121798.480200
10980.000000	104316.924700	108766.928500	99636.721760	122017.277700
11040.000000	105999.281800	109852.298100	98642.538460	122657.241100
11100.000000	105354.417900	109325.520300	98983.884370	122587.642200
11160.000000	105026.738100	109615.945300	100074.638400	121702.721700
11220.000000	105061.228400	108998.898900	99641.870150	122326.747100
11280.000000	105879.749100	107951.860700	99817.434710	121914.034100
11340.000000	105791.235500	108488.943000	99294.071200	122168.129900
11400.000000	104698.914500	109212.791500	100213.322100	122765.241500
11460.000000	105381.732300	108968.631300	99670.344140	121176.496100
11520.000000	105706.016300	108798.243500	99615.102510	122017.603100
11580.000000	105727.031200	109698.284100	99277.980150	122771.295400
11640.000000	105592.437900	108651.547400	99850.029370	122770.382900
11700.000000	106188.223400	108695.652200	99942.420580	121137.481700
11760.000000	106245.058300	109567.072700	100291.208700	122191.418100
11820.000000	105879.765800	109410.799400	98547.413250	121966.181200
11880.000000	105056.225600	108804.746000	100402.713900	121862.999900
11940.000000	105017.493600	108887.304000	99520.302150	121562.624100
12000.000000	105495.328400	110163.711900	101169.538100	121810.818700
12060.000000	105170.642200	109065.648500	99745.596290	122445.670400
12120.000000	105166.499200	109601.492000	99832.565590	122142.717200
12180.000000	104745.616100	109085.387100	99320.208180	121783.402500
12240.000000	105435.075400	109014.037700	99241.296700	121688.325200
12300.000000	105618.413000	109184.332700	100847.968900	121426.664800
12360.000000	104999.882000	108935.125100	100398.480000	121543.855600
12420.000000	105777.186500	108151.605700	100151.339600	121705.519500
12480.000000	106068.904100	109106.421100	99638.893670	122256.224800
12540.000000	105202.752500	108819.864200	99700.642040	121764.402000
12600.000000	105500.824300	108733.734100	99779.037290	122407.825800
12660.000000	105452.181300	108607.588900	99878.396560	121809.168100
12720.000000	105403.967200	109442.481900	99952.863320	122443.529800
12780.000000	104673.816400	109141.884400	98357.542430	122209.377900
12840.000000	105500.525400	109173.310600	99809.749330	121947.152000
12900.000000	105524.510200	109505.151100	100212.806000	121481.521700
12960.000000	105952.400000	109568.945200	99430.048010	122755.787700
13020.000000	105120.473400	109258.402600	99989.375180	122286.809600
13080.000000	105841.767300	109786.054500	100259.830400	121826.092100
13140.000000	105968.880600	108445.415600	99326.938650	122147.968700
13200.000000	105226.147900	109010.924100	100324.039000	122039.157000
13260.000000	105064.071400	109003.795600	100303.100900	121569.863000
13320.000000	105697.185700	110009.059800	100223.999700	122448.448200
13380.000000	105754.977300	109156.409900	100071.972500	121425.981600
13440.000000	105302.862700	109176.710000	100361.869300	122525.518200
13500.000000	106016.373700	108796.494200	99079.031890	121749.618600
13560.000000	106076.548400	109297.512400	100184.498200	122136.523700
13620.000000	105207.872800	108712.278000	100656.459500	123019.143000
13680.000000	105305.224400	109157.359100	100676.515600	122089.988100
13740.000000	106055.082200	109903.267100	100533.325500	121598.556000
13800.000000	104718.533600	109112.456700	99709.474540	121810.007500
13860.000000	106562.675700	109280.875100	100445.710800	121567.332000
13920.000000	106529.229600	109276.692700	100000.321100	123073.292500
13980.000000	105698.187600	110136.223500	98773.050690	122459.472200
14040.000000	105417.564500	109570.745400	99929.466040	122838.191300
14100.000000	106553.608800	110098.284700	100378.386000	122089.642500
14160.000000	106038.063900	109101.166100	101048.003400	122405.066800
14220.000000	105551.419900	109045.603000	100365.551900	121668.479500
14280.000000	105802.973700	108728.823100	99964.933700	121304.829800
14340.000000	106071.677400	108955.647100	100865.641700	122233.559300
14400.000000	106212.378300	109238.446900	100360.016000	122344.208000
14460.000000	105597.738900	109329.463600	100481.285900	122412.218000
14520.000000	107297.578400	109260.160100	99925.263110	122375.209800
14580.000000	106324.152100	108692.033300	100662.020200	122822.261300
14640.000000	106257.420800	109125.196200	99661.214220	122275.275700
14700.000000	104366.066600	109502.258000	99666.326330	122182.705900
14760.000000	104740.560500	109553.163700	99485.635030	121856.612200
14820.000000	105074.560500	108464.215400	100064.805300	120993.488700
14880.000000	105655.799100	108943.856200	100026.688400	122246.030000
14940.000000	105980.295500	108785.134100	99760.293920	121114.224700
15000.000000	106369.351200	109006.467600	99694.607300	121621.823000
15060.000000	105020.611600	108852.220400	99687.451740	122416.227900
15120.000000	105498.623400	108120.170500	100230.299700	122285.997500
15180.000000	105497.342100	108686.471600	99990.774990	121452.624300
15240.000000	105849.673200	109576.765400	99928.636610	122432.702800
15300.000000	105975.049800	109195.247500	100119.563300	122597.843400
15360.000000	105704.435100	109175.706000	99931.841270	121900.488300
15420.000000	105168.808000	108811.180100	99093.974180	122117.848700
15480.000000	105080.784600	108816.727600	99352.218930	122416.910400
15540.000000	106970.417900	108798.488200	100239.049100	122625.382900
15600.000000	105856.243400	109537.971000	100339.044100	121715.348800
15660.000000	105740.321900	109319.278300	99798.182370	121422.564100
15720.000000	106753.592200	109268.675700	100303.231200	121690.120400
15780.000000	106013.716500	109326.007100	100328.822100	121387.996300
15840.000000	106063.358000	108795.908000	100517.608500	122094.208300
15900.000000	105501.044900	109801.068000	100208.091900	122323.994700
15960.000000	106091.064300	109239.636900	99278.999890	120819.559300
16020.000000	105323.997100	108812.184700	100251.728700	121466.638600
16080.000000	105046.041700	108822.794700	100062.796000	122330.015400
16140.000000	106999.516800	109689.403700	100025.735700	122874.407000
16200.000000	106353.090500	109101.450400	99040.711750	121730.591100
16260.000000	105082.292800	108728.259400	99250.567890	122914.999900
16320.000000	105154.840000	109044.013600	100265.856000	121947.278500
16380.000000	105737.224200	109370.755700	100152.381600	122187.986000
16440.000000	105888.163900	109421.855700	101166.746200	121221.540100
16500.000000	106787.805700	110032.926300	100583.921800	123388.781300
16560.000000	106239.529200	109375.949400	100754.531700	121436.056500
16620.000000	105903.457600	109688.286900	99494.815770	121341.205400
16680.000000	105283.562200	108978.210700	100248.200600	121802.279800
16740.000000	105195.677800	109926.089300	100442.302300	122168.986100
16800.000000	105840.180100	108898.336800	101305.719500	121604.544600
16860.000000	106493.475400	110333.170200	99547.541980	122498.077200
16920.000000	105846.744100	110200.362900	100152.412800	121301.880600
16980.000000	106169.169100	109934.087300	100471.964200	121035.025200
17040.000000	105727.717500	109132.323700	100254.637800	122958.264100
17100.000000	105162.986000	109640.362000	99502.229140	122531.559000
17160.000000	106182.775700	109081.982200	99771.883870	121642.629500
17220.000000	106526.012800	109312.040400	100107.904300	122639.252300
17280.000000	105620.330500	109537.062900	99977.639630	121676.484900
17340.000000	104776.514600	109271.025800	100340.998200	122164.572600
17400.000000	105579.990600	109008.191000	99981.103540	122302.993700
17460.000000	105391.441500	109701.323200	100417.723500	122391.399600
17520.000000	106049.531000	108215.405000	99611.945430	122300.249300
17580.000000	106959.502600	108782.950600	100498.922000	123123.084100
17640.000000	106727.840500	109270.526800	100673.869800	123186.426000
17700.000000	105844.858500	108560.388800	99727.577060	122229.319500
17760.000000	105458.079900	108827.655400	99985.127700	121931.253700
17820.000000	105507.615200	109425.597200	99623.423220	122063.408300
17880.000000	105390.267600	109083.572900	100478.249100	123132.759000
17940.000000	106280.242200	109641.939000	99382.399100	123099.515500
18000.000000	106109.246400	109710.147500	100245.654400	122483.235800
18060.000000	106422.982000	109978.104500	100218.828700	122133.678500
18120.000000	105942.598700	110138.336500	100783.961300	123321.083500
18180.000000	106642.958500	109463.849000	100757.655900	122240.180700
18240.000000	105911.708800	109017.673100	100533.508100	123125.358600
18300.000000	106327.588000	109368.378800	100946.497800	122323.416000
18360.000000	106123.977800	109270.357400	99440.422510	122494.276800
18420.000000	106000.391400	108988.596400	100213.344700	122755.860100
18480.000000	106229.781700	108718.913900	99760.964190	122124.276200
18540.000000	105755.114800	108653.194300	100182.731100	122798.316500
18600.000000	106194.570500	109785.262800	100078.721000	122637.789100
18660.000000	106617.615500	109648.383200	99489.644660	122678.891500
18720.000000	105517.324300	109627.298200	99965.373320	122302.915400
18780.000000	106675.945400	108893.317000	100427.515200	122154.045900
18840.000000	106588.608800	109589.304000	100073.749500	122515.457700
18900.000000	105487.388400	109439.455600	99118.817150	122459.954200
18960.000000	108932.163200	110833.323700	100390.123100	123467.478900
19020.000000	105534.980500	109130.504700	100582.583400	122274.232600
19080.000000	106459.186000	108861.259900	100788.722100	122613.573500
19140.000000	106190.153100	109198.929600	100403.565400	122592.002600
19200.000000	105306.218600	109710.824000	100717.907400	122380.520600
19260.000000	106441.948200	109640.173300	100913.285500	122454.132100
19320.000000	106108.379500	109059.739500	101378.020600	122536.185400
19380.000000	105931.512100	108398.150300	99844.663630	122379.333700
19440.000000	105247.581700	108757.658700	99565.901310	121599.857300
19500.000000	106702.643000	110177.925800	99975.318900	122298.946200
19560.000000	105739.860600	109106.965200	99696.008310	122070.598500
19620.000000	107161.317700	109067.206400	100008.409100	122142.768900
19680.000000	105279.752300	109351.705900	100017.706800	122459.654300
19740.000000	105216.325300	109087.779800	100060.540900	121733.225800
19800.000000	106524.681600	108800.234300	100218.163100	122144.290500
19860.000000	106139.951300	109814.787500	99794.870080	121541.705800
19920.000000	106262.209600	108749.541700	100120.336600	122578.018400
19980.000000	105693.161600	109872.462600	100348.101100	122387.658100
20040.000000	106588.921600	107947.120500	100234.973400	122520.693300
20100.000000	105711.325300	108411.261900	99856.405070	121822.391000
20160.000000	105795.337100	108008.656900	99439.028930	122738.478300
20220.000000	106183.694800	108675.439100	99934.124660	122044.533900
20280.000000	105912.811300	109402.628600	100000.437700	121581.950300
20340.000000	106069.855800	109053.767900	100178.875900	122144.312600
20400.000000	105112.609000	109841.984000	100192.806300	121970.883900
20460.000000	105463.225700	109550.010000	99477.693830	121770.169100
20520.000000	105575.458500	108912.561500	99975.304720	122490.835300
20580.000000	106423.830900	108774.719500	99377.151340	122291.173900
20640.000000	106215.980500	109250.607800	100221.373600	122735.411500
20700.000000	106094.181000	109349.297200	99697.124930	121528.833300
20760.000000	106017.506900	110111.610900	100899.010400	123491.869500
20820.000000	106378.724400	108812.714500	99640.367950	122987.863000
20880.000000	106834.359000	109301.920200	100359.769800	122151.515100
20940.000000	106050.983700	109749.475400	100666.700500	121415.930500
21000.000000	105809.986600	109416.336700	100230.547600	121726.739700
21060.000000	105849.564400	108872.985800	99674.050830	122696.986800
21120.000000	105753.650200	109618.329900	100688.402500	122025.926400
21180.000000	105280.528100	109151.317000	100564.069100	122170.998400
21240.000000	105801.526800	108904.960800	100334.188200	122557.343600
21300.000000	106540.316800	108847.948000	100117.077800	123290.945700
21360.000000	105366.540600	109358.806300	100364.553600	121748.433200
21420.000000	105542.536300	108791.432000	99731.847770	121807.117500
21480.000000	105492.950100	108955.618900	100028.354000	122513.292900
21540.000000	106404.322400	109692.272700	99815.514830	122004.288600
21600.000000	105565.065100	108995.019400	99650.083220	122656.963500
21660.000000	105966.131400	109441.639800	100306.962000	122023.828500
21720.000000	106729.725100	109308.632000	99961.497910	122530.557200
21780.000000	105240.187700	109265.881200	100113.996900	122568.660300
21840.000000	105760.950100	109045.936100	98643.484790	122306.407600
21900.000000	106548.895000	109493.044100	100114.621300	122566.532800
21960.000000	106609.441700	109442.321800	100484.562000	122944.702400
22020.000000	106397.366700	108601.258000	99757.295240	122620.593700
22080.000000	106455.483700	109766.013200	100502.623100	122722.614400
22140.000000	106706.697800	109174.353400	100643.285100	121758.644100
22200.000000	106087.535800	108955.933900	100830.757300	122159.551100
22260.000000	106021.290000	108677.519200	100118.195000	122903.631600
22320.000000	106687.861400	107908.686800	100302.936100	122827.406900
22380.000000	107081.565000	109421.325100	99875.994830	123399.280200
22440.000000	106911.516400	109158.451800	100437.347200	123071.550000
22500.000000	106318.756600	110597.089100	99680.119260	121972.231900
22560.000000	105931.319100	110064.051200	99719.489850	121591.831600
22620.000000	105893.264600	109181.618700	100837.064000	123305.516200
22680.000000	106363.598100	109150.044500	100938.876100	122774.695000
22740.000000	106063.059600	109546.622300	100360.245600	122495.745400
22800.000000	106262.450300	109351.751800	100465.401900	121903.066400
22860.000000	107129.865900	108926.888000	100099.438000	122098.143400
22920.000000	105654.428200	109455.164600	99821.554960	122337.001600
22980.000000	106050.813000	108610.073700	100653.984400	122441.081400
23040.000000	105942.204200	110460.585500	100813.248600	122484.941200
23100.000000	105589.316900	109516.728100	100098.124000	122186.185200
23160.000000	106153.780900	109398.023600	100495.471500	122925.826900
23220.000000	106560.837500	109616.032000	101314.417500	122299.331300
23280.000000	106328.701600	109617.537400	100637.696300	123356.006500
23340.000000	106750.124500	109926.748700	100432.735600	122148.696400
23400.000000	106543.209100	109862.079600	100601.534700	123032.434000
23460.000000	106005.963400	109711.887200	100599.786700	122669.043500
23520.000000	106246.479600	109581.199400	100229.038100	121493.379600
23580.000000	105912.575500	109337.849800	100536.775900	122702.853600
23640.000000	105465.184500	108784.712500	100612.550000	122431.263500
23700.000000	106690.276700	109173.087700	99529.031270	122334.491500
23760.000000	107603.044600	110144.855000	100387.546100	122679.454500
23820.000000	105798.648300	109399.804500	100219.359300	122384.532900
23880.000000	106194.996900	109380.093100	99948.551640	122000.929300
23940.000000	105135.247700	109660.556700	100254.835800	122929.012100
24000.000000	106503.627100	109205.783600	99623.641810	121942.322000
24060.000000	105806.532900	110283.426400	100468.117100	123100.134400
24120.000000	106105.935000	110056.048000	100985.089800	122177.186800
24180.000000	106569.034900	109014.397600	100553.346300	123290.446100
24240.000000	106834.708400	108946.470700	100425.133400	122319.531600
24300.000000	106318.960100	110227.450400	99268.098480	122667.954300
24360.000000	106330.464100	109272.717700	100517.771000	122772.477300
24420.000000	106631.869300	109633.562400	100150.585300	122632.451100
24480.000000	105391.402800	109851.191300	100208.078300	122276.507500
24540.000000	106425.476800	108969.239900	100724.087800	121843.213000
24600.000000	106310.011700	108922.938900	101034.986200	123498.702800
24660.000000	105926.913900	109537.766100	100289.578900	123414.152700
24720.000000	106589.632000	109404.634800	100112.586300	122233.767700
24780.000000	106631.513100	109409.308300	99563.988440	122565.234200
24840.000000	106335.932500	109267.835400	99738.788370	122171.609800
24900.000000	106144.212900	108684.317500	100370.770400	121773.688900
24960.000000	106353.383200	110278.229500	101006.167600	122901.644300
25020.000000	106480.844800	109155.510900	101171.720600	123655.236000
25080.000000	106012.141400	109619.654400	100414.428500	122106.617100
25140.000000	106337.905700	109312.878700	100235.643100	122659.853700
25200.000000	106012.266300	109126.304500	100245.734600	122070.348800
25260.000000	106862.058700	108587.245500	100531.168900	122685.869300
25320.000000	107215.823800	109941.534700	100262.234900	122629.376800
25380.000000	106514.723100	109749.019800	99856.921720	122482.313500
25440.000000	105725.047500	109402.010800	100009.250900	121605.744000
25500.000000	107810.416800	109560.961000	99906.053940	122708.563500
25560.000000	107097.236200	109581.616900	100492.564400	123007.491200
25620.000000	106441.957800	108987.831300	100514.000100	122007.706200
25680.000000	106343.957600	109440.175300	99644.792900	122132.491900
25740.000000	105674.119000	109220.677600	100098.042400	123244.380700
25800.000000	106511.239800	108769.922700	99465.361690	121505.367700
25860.000000	106439.928100	109344.697600	99664.246760	122278.906900
25920.000000	106821.694300	108673.513400	100914.493100	123519.042900
25980.000000	106456.307400	108760.512800	100472.242500	122542.916000
26040.000000	105665.642600	109645.291600	100418.103900	122786.852300
26100.000000	106138.087900	109488.262400	100091.513300	121789.770300
26160.000000	106535.383400	109587.795900	100588.833000	121835.537600
26220.000000	106531.701100	109906.638800	100761.699200	122578.369200
26280.000000	106554.232000	109431.536600	100298.717700	122933.411000
26340.000000	106426.940300	109185.614900	100873.084600	122064.688200
26400.000000	107422.642000	108712.203400	99752.446720	121917.070200
26460.000000	106759.776000	109421.199500	100332.439700	122318.939500
26520.000000	106617.312600	109705.380600	100784.824700	122728.221700
26580.000000	106252.412700	108842.391700	99858.272740	122684.979100
26640.000000	106301.828100	108429.671400	100886.822900	122934.184500
26700.000000	106386.775900	109147.782200	100084.176400	121725.897600
26760.000000	106303.054800	109746.780700	100219.494600	122757.836600
26820.000000	106559.162700	109040.702300	100224.972400	122777.447600
26880.000000	106774.858900	110126.681300	100361.288700	122072.032800
26940.000000	105974.767800	108647.598000	99241.244360	122309.613000
27000.000000	106681.657500	109131.000800	100089.429800	123441.094200
27060.000000	106998.600300	109591.473400	100816.963000	121732.131700
27120.000000	105975.853400	109107.610900	100532.595800	122703.395900
27180.000000	106270.915900	109671.268200	100872.283500	121749.874100
27240.000000	106308.343400	109315.250700	100226.038600	122375.095700
27300.000000	106226.557700	108747.268300	100786.644100	121304.497900
27360.000000	106378.184600	109220.174700	100735.973400	123212.320400
27420.000000	106685.705900	109419.149900	100230.088300	122606.862200
27480.000000	106223.100000	109032.745300	99975.612790	122795.552500
27540.000000	106840.717300	109328.098500	100119.991000	122390.984700
27600.000000	106367.205500	109429.609100	100234.716500	122159.932100
27660.000000	106077.682000	109633.392400	100177.585200	122817.165400
27720.000000	107082.278900	109584.033400	99998.885190	122025.448400
27780.000000	106793.058200	109000.276400	101628.520200	123207.505200
27840.000000	106435.864200	110083.530000	100670.265600	122624.131900
27900.000000	106611.609200	110355.834000	100665.903000	122998.626300
27960.000000	106459.105200	109856.733700	101176.667400	123486.523700
28020.000000	106666.190400	109575.739900	99831.192410	122759.317200
28080.000000	107031.414600	110486.625900	100419.546100	123408.392300
28140.000000	107170.832500	109685.202600	100623.196000	122366.412100
28200.000000	107674.887500	109115.191500	100997.723300	122417.324200
28260.000000	106789.313200	109459.018500	100896.765100	122803.240000
28320.000000	107379.674400	109674.008300	100378.180000	123217.150400
28380.000000	106352.558100	109203.970900	100257.648600	122597.531100
28440.000000	106375.537600	110756.793700	100986.636300	122719.529000
28500.000000	106109.997800	109179.808300	101395.377600	123292.948000
28560.000000	106993.404700	109406.673600	99886.104010	122976.763300
28620.000000	107248.812700	109816.108200	99673.586990	122420.534200
28680.000000	106179.635300	109729.784300	99615.891420	123055.036000
28740.000000	107122.303000	108865.087900	100758.540600	123464.726600
28800.000000	106842.385300	109280.358000	100811.146800	122645.347500
28860.000000	107085.398800	109273.617700	100097.375700	122597.838600
28920.000000	106369.082800	109403.283300	100078.684700	122766.544400
28980.000000	106299.882100	109571.591400	100858.697200	122823.944700
29040.000000	106510.097300	109770.110900	101268.729600	122549.863600
29100.000000	106425.045200	109049.283400	101045.189400	121874.883400
29160.000000	106153.782400	108792.952100	100785.320300	122303.286600
29220.000000	107066.561500	108747.879400	100409.185500	124120.958500
29280.000000	106592.022700	109128.360100	99823.363320	123816.102500
29340.000000	105727.110300	109059.761700	99642.926740	122182.981700
29400.000000	106639.667500	109073.269500	99869.728310	122899.739700
29460.000000	106147.523300	110066.947900	100344.916600	121512.175100
29520.000000	106524.570900	108355.063100	100521.547100	121628.579500
29580.000000	106125.968100	108820.640800	101296.241300	122040.206300
29640.000000	106065.600000	108933.784600	99611.062800	122628.011300
29700.000000	106853.227200	108832.443100	99844.768360	122489.714900
29760.000000	106239.764400	109193.312600	100384.576800	122094.703800
29820.000000	106694.731800	108666.564700	100235.180100	122756.313900
29880.000000	107036.330800	108815.928100	100065.017600	121740.156000
29940.000000	105403.484900	108060.769100	99656.517980	123277.639800
30000.000000	106967.047100	109726.229100	99823.343050	121902.518400
30060.000000	106668.514900	109686.972800	100281.898600	122517.130500
30120.000000	107143.869600	110414.914600	100038.791500	122880.544100
30180.000000	106535.367200	108901.396000	101264.342500	123381.025400
30240.000000	106093.377100	108982.760100	100821.971700	122352.744100
30300.000000	107138.545900	109694.270100	100827.333800	122232.250200
30360.000000	106236.612400	109596.394300	100388.713600	122673.792700
30420.000000	106943.624400	108925.334700	100610.013100	122415.341500
30480.000000	105991.144500	109727.674900	100990.274300	122426.372200
30540.000000	107211.613000	109566.989800	99940.617910	121948.768500
30600.000000	107028.280600	109219.378200	99669.433860	121942.338500
30660.000000	106736.749100	109362.154500	100780.637600	122385.230300
30720.000000	105817.151600	108548.605200	101019.540400	120961.093800
30780.000000	106948.126000	109728.660100	100490.197500	122335.878500
30840.000000	107120.983100	108568.500000	100256.595400	122704.957700
30900.000000	106630.082900	109729.213400	100752.859300	122982.377900
30960.000000	106357.267600	110020.913700	100023.290900	122200.477300
31020.000000	105902.545600	109274.944900	100637.595400	122224.883300
31080.000000	106421.661200	109535.151900	100603.589600	122000.473300
31140.000000	106498.584200	109513.200000	100189.292300	121895.132900
31200.000000	106247.991800	109401.622100	100519.186100	122273.113300
31260.000000	105628.512700	109376.527500	100272.567000	122724.258200
31320.000000	105736.947900	110187.093700	99684.433020	123303.605400
31380.000000	106607.670500	108704.688100	100301.193400	122974.777900
31440.000000	106054.370200	109265.235200	100923.849500	123737.717300
31500.000000	106438.654100	109991.768100	99952.345800	121649.898000
31560.000000	106391.266800	109319.419800	100314.226300	122692.698900
31620.000000	107252.091900	109945.715200	100594.129800	122243.008100
31680.000000	106256.332400	109453.047600	100725.883400	121725.582400
31740.000000	106172.041400	109707.236900	100806.272400	121177.240800
31800.000000	107320.688000	109023.608900	101427.466200	123063.605100
31860.000000	106407.434100	109644.879200	100434.561200	122966.456100
31920.000000	107075.899700	109888.126400	101020.859700	122657.114900
31980.000000	107237.891200	109678.361500	99950.097150	122555.859700
32040.000000	107714.561400	108547.371700	100828.056900	123248.046600
32100.000000	107248.708700	109307.661200	100782.753000	123342.552800
32160.000000	106666.969000	109893.236000	100692.882700	122776.826400
32220.000000	107145.416600	109200.932700	100236.237700	122602.416400
32280.000000	105508.412200	109912.240300	100319.659900	123079.559500
32340.000000	107012.343900	110220.558700	100408.405800	123083.317500
32400.000000	106730.671000	109248.187500	100359.069400	122979.146600
32460.000000	106155.375200	109109.740400	100135.970100	122660.738000
32520.000000	106621.139000	109420.110600	101206.087800	123195.178600
32580.000000	106883.564800	109294.019000	100561.362700	122186.101100
32640.000000	106116.914500	108496.221100	99545.242530	122530.077700
32700.000000	106201.749000	108854.605300	101027.681900	122627.432100
32760.000000	107202.440400	109272.065200	100748.734200	122231.573500
32820.000000	106737.576700	108780.627900	100968.942700	123668.386300
32880.000000	106508.885200	109471.791400	100909.196900	123501.331000
32940.000000	106702.129200	109091.269500	101401.844700	122368.413500
33000.000000	106471.999000	109651.439700	100728.801800	122754.358700
33060.000000	107465.142400	110213.749400	100554.419300	122502.306300
33120.000000	107119.159500	109748.084200	101254.114700	122581.615100
33180.000000	106702.860300	109923.801100	100568.161600	123619.030800
33240.000000	107005.262400	110290.754700	100661.251900	122413.278400
33300.000000	107217.270800	109211.987400	100173.007600	122644.474900
33360.000000	106400.313700	108536.991800	100643.959500	122788.078100
33420.000000	107444.377500	110299.288900	102057.884200	122614.641700
33480.000000	107544.216800	109199.264600	101056.131200	123512.538100
33540.000000	107426.802100	109100.800800	99867.055800	123223.285100
33600.000000	107634.001600	109400.555100	100056.270300	122917.510600
33660.000000	106502.281400	108932.861700	99841.901020	122215.763700
33720.000000	106659.414700	110047.127300	100930.361800	122470.787000
33780.000000	106886.126200	109288.316400	100539.601400	123195.957700
33840.000000	106887.837900	109043.854600	100960.865500	122805.595000
33900.000000	107415.009500	109650.155100	100824.235200	122911.918700
33960.000000	106767.734000	109001.649200	100775.167500	122028.067800
34020.000000	106230.407200	108792.811300	100551.737500	122035.941100
34080.000000	106395.866600	110203.794700	101222.866800	122115.757000
34140.000000	106550.268600	109258.891700	100704.809600	122742.038900
34200.000000	107407.325000	109744.662400	101239.488500	122517.338900
34260.000000	108016.902600	108938.669400	101070.690400	123015.625800
34320.000000	107430.635600	108133.827700	100782.250600	122998.703900
34380.000000	108152.333700	109060.266800	100528.871900	124359.925100
34440.000000	106938.343200	109322.843400	101474.029100	122553.673600
34500.000000	107330.427500	109924.429200	101676.524800	122580.359800
34560.000000	106139.927000	109906.051500	100351.560800	123840.139800
34620.000000	106894.988900	109944.222400	101314.278000	122412.727900
34680.000000	107268.214800	110307.841900	100387.729400	122704.098200
34740.000000	107197.907500	109249.240500	101597.264800	122162.497200
34800.000000	106570.096600	109826.745600	100949.798100	122930.226800
34860.000000	106282.501200	109203.506600	101843.257300	122945.356700
34920.000000	107056.911000	109928.414900	100815.887400	122804.495500
34980.000000	106509.100700	110247.968900	100368.718600	122527.685000
35040.000000	107009.772800	110163.202200	100504.697700	122839.699700
35100.000000	107000.378300	110302.472600	100301.544800	122446.210700
35160.000000	108188.982800	109862.664700	100836.614000	123122.756600
35220.000000	107158.760200	108739.274100	101062.552600	123056.683500
35280.000000	107134.549000	108867.984600	100094.651600	122632.712800
35340.000000	107571.698600	110059.725400	100404.075200	123383.992600
35400.000000	106739.519600	109547.076900	101789.971100	122876.114900
35460.000000	107632.410600	108613.934800	100620.781000	122968.352700
35520.000000	107591.797100	109691.277600	100920.721400	123967.380800
35580.000000	107310.528500	110435.600200	100817.154000	123244.830500
35640.000000	108009.046300	109143.623400	101040.138300	123827.198700
35700.000000	106863.759800	109954.011500	101660.820000	122261.166700
35760.000000	106830.363600	109465.506900	101018.187300	122859.312700
35820.000000	107837.340400	109420.389500	100852.783800	124221.230500
35880.000000	107791.705000	108774.768700	100985.426700	123069.313600
35940.000000	107345.191300	109255.728700	101008.566600	122801.392400
36000.000000	106749.456500	109390.365800	101146.538000	122529.931200
36060.000000	107379.046300	109562.061900	100586.196000	123190.559100
36120.000000	107216.084100	110060.386700	100655.952100	122495.426000
36180.000000	106380.898400	109809.569100	101357.895400	122414.679800
36240.000000	107186.430700	109173.392900	100759.978100	123576.102500
36300.000000	106683.304000	109479.080500	99794.553510	123690.613300
36360.000000	106960.594900	109387.610500	101082.205700	123328.354900
36420.000000	107794.278900	108316.288800	100761.130300	123005.138100
36480.000000	106522.029000	109736.671100	101825.785900	123062.543700
36540.000000	107160.510000	110424.578800	100778.181600	122660.276900
36600.000000	107440.154200	109811.033300	100095.684400	122752.706800
36660.000000	107187.586300	110028.261600	100870.457800	123054.865600
36720.000000	105926.155700	109817.451700	100731.814700	123947.186700
36780.000000	107467.618700	109402.110400	101121.126400	123028.137800
36840.000000	106978.720300	109831.766700	100973.721900	123074.939900
36900.000000	106988.242600	109907.914200	100539.365900	122837.401100
36960.000000	107390.845800	109958.288500	100575.351500	122587.684700
37020.000000	106259.156300	109782.783600	100345.790100	123166.744500
37080.000000	107082.131400	110140.320500	101230.582600	122853.806500
37140.000000	107586.380800	109605.723900	101358.877000	123263.355000
37200.000000	108126.921600	109904.258400	100728.733400	123430.793500
37260.000000	106706.382300	110809.182400	100748.598900	123959.165400
37320.000000	107104.086700	110092.117100	101524.981400	122765.982300
37380.000000	107537.229700	110112.880300	101571.866700	122387.897300
37440.000000	107726.338100	109392.847800	101215.398600	122957.928300
37500.000000	107499.885800	110369.291000	101123.076800	123418.709600
37560.000000	107268.493900	110084.618400	100954.095800	122104.812600
37620.000000	106917.494200	110328.481000	100646.194800	122841.392800
37680.000000	107136.299900	109366.403100	101026.060900	123775.701000
37740.000000	106793.551100	109517.361300	100548.165200	123172.834900
37800.000000	106800.775100	109854.768700	101778.559500	122628.701900
37860.000000	108191.125900	109236.951600	101164.802700	122803.451900
37920.000000	107376.732800	109559.116400	100642.021900	122332.766100
37980.000000	106914.451300	109698.746700	101940.689700	123913.202600
38040.000000	106870.610800	110016.119700	101376.574800	123144.640900
38100.000000	107147.763500	110038.266400	100858.595300	123080.253800
38160.000000	107991.745200	108928.660500	101204.673900	123417.076200
38220.000000	107885.139500	108807.745800	101345.069800	122401.648400
38280.000000	107235.891800	108723.236000	100843.736500	122992.304400
38340.000000	107186.106400	109625.348300	100924.827100	123306.105800
38400.000000	107516.627200	110120.045200	100988.261500	123015.183600
38460.000000	106603.477600	110180.350000	101017.514100	123306.034400
38520.000000	107406.530300	110263.697500	100767.106600	123752.858400
38580.000000	107793.321700	110731.133300	100486.928700	123824.896900
38640.000000	107458.472400	110129.479600	101358.792500	122748.527500
38700.000000	106963.075100	109108.397100	101096.084700	122722.395500
38760.000000	107241.002400	109534.462600	100727.598100	123595.418500
38820.000000	106814.048500	110117.295200	100949.251300	123882.083600
38880.000000	107198.595300	109797.906300	101288.094900	123130.729300
38940.000000	107298.431900	110447.313800	101074.159700	123505.792000
39000.000000	107091.248400	109244.721100	100951.040300	122793.235400
39060.000000	106957.834100	109552.845600	101331.136900	123574.666800
39120.000000	107608.429700	109194.216400	100948.761300	123247.062200
39180.000000	107037.530800	108846.696100	101535.307500	123139.278400
39240.000000	107707.066800	109287.565200	101724.581200	122602.112700
39300.000000	106806.173000	109204.461300	100283.751800	123346.662100
39360.000000	107035.326000	109314.981400	100561.894600	122616.340300
39420.000000	107241.232800	110858.072000	101346.222100	123226.809900
39480.000000	107438.110500	110074.149900	100700.776100	123028.513900
39540.000000	106560.045400	110329.311000	102069.867100	123235.685600
39600.000000	107228.614600	109688.447100	100341.891200	122932.022000
39660.000000	106317.934800	109159.413800	100866.991500	123904.632100
39720.000000	107769.460100	110656.891900	100279.844700	123118.298500
39780.000000	107131.736200	109977.990800	101055.260200	122533.733300
39840.000000	107432.302900	109917.328400	99889.807120	122088.895300
39900.000000	106359.513500	109795.327300	101431.712900	123212.027700
39960.000000	107803.223500	109377.267300	100427.857100	122854.727400
40020.000000	106961.525400	110249.105800	101586.072600	123580.047700
40080.000000	106962.877700	109450.610400	100350.824400	122567.414200
40140.000000	107162.866400	109195.419500	101103.495000	121763.754500
40200.000000	107440.278800	109608.416000	100821.523400	123270.349000
40260.000000	107927.602000	109988.464600	101315.630300	123132.826000
40320.000000	107578.762200	109779.492300	100717.705100	122420.116300
40380.000000	107471.084800	109731.661700	101342.521800	123112.862000
40440.000000	108237.718000	110663.043000	101915.995100	122981.038700
40500.000000	107210.157600	109860.315500	101119.928000	122287.009400
40560.000000	107117.116700	109629.141300	101126.222100	123345.540600
40620.000000	106557.570800	109785.689600	101217.442100	123219.992600
40680.000000	107246.194900	109067.123000	101153.675700	123219.439500
40740.000000	107606.712500	109952.637500	102344.264400	123426.558700
40800.000000	107953.471300	109308.061500	100797.908000	123625.062900
40860.000000	108214.746000	109622.744800	101895.056500	123394.302100
40920.000000	107670.167500	110268.715500	100036.629000	123554.161900
40980.000000	107943.383100	110017.765500	100759.695300	122472.883100
41040.000000	108027.665100	109618.356700	100420.179900	123040.586000
41100.000000	107094.272600	110101.096800	100879.339000	123121.402900
41160.000000	107538.804700	109388.234000	100679.789700	123141.890900
41220.000000	107992.577000	109034.180800	101472.598700	123279.618800
41280.000000	107114.882900	109338.596500	100923.235500	124183.191000
41340.000000	107765.595800	109902.821600	100926.586400	122632.529200
41400.000000	107339.045500	109350.750400	100800.639400	123672.537700
41460.000000	108945.332000	110825.882100	101060.470700	123434.428000
41520.000000	107025.829800	110105.390200	101309.843000	123020.665800
41580.000000	107969.515100	109346.061400	101374.124200	123456.127000
41640.000000	107450.236100	109985.686600	100613.135200	123904.849300
41700.000000	106615.511100	109523.082700	101060.762000	123466.496700
41760.000000	106987.777400	110312.042700	100685.576000	124113.846200
41820.000000	107221.774000	109346.705700	100924.989400	123508.956300
41880.000000	107938.800400	110446.274700	101499.305600	123440.145700
41940.000000	107742.494100	109307.085800	101278.569200	122872.481300
42000.000000	107419.391600	109938.940500	101917.497500	122702.643700
42060.000000	108300.127900	109363.219600	100629.945900	122656.107200
42120.000000	108436.874900	109716.104300	101021.673100	122238.878400
42180.000000	107607.605600	110697.866700	101331.659900	123587.514200
42240.000000	107717.535800	112198.683500	103660.021300	124829.384600
42300.000000	108302.979600	109950.939400	101218.862100	123932.000000
42360.000000	107551.940600	109994.584000	101793.011100	122157.395000
42420.000000	107461.510300	109972.324700	100635.849800	124023.988900
42480.000000	106742.842200	109695.599100	101241.739400	124403.413000
42540.000000	107076.690800	109839.686500	101725.207300	123891.964100
42600.000000	107811.002800	109934.647800	100916.401700	123827.044700
42660.000000	107249.514000	109946.855500	101508.218400	123248.583300
42720.000000	108103.154000	109821.703800	100883.491400	123365.407400
42780.000000	107129.925300	109508.395100	101795.126200	123481.687300
42840.000000	107077.467500	109356.727400	101288.369200	123435.320700
42900.000000	106833.649000	109633.354500	101267.074600	124102.693200
42960.000000	107274.705400	109200.136100	101282.336200	122343.084800
43020.000000	107982.358600	109541.238600	100479.828600	122624.904500
43080.000000	107175.217600	109349.969700	100685.840200	122842.147400
43140.000000	107717.730900	109663.982900	100780.885900	122410.979500
43200.000000	106972.278000	109485.559200	101437.704900	123255.378800
43260.000000	107890.541600	109211.504600	100734.060300	122830.977800
43320.000000	107450.024100	109076.125400	101032.590500	122632.376800
43380.000000	107306.137800	109152.936600	100580.745500	123065.398600
43440.000000	107340.366100	108685.219600	101053.998700	123705.187600
43500.000000	108675.157400	109218.894900	100664.365000	123093.970700
43560.000000	107056.442600	109756.376200	101459.818800	123507.507500
43620.000000	107148.545800	109844.143600	101436.839600	122347.644300
43680.000000	107508.247600	109485.231000	100616.608600	122930.612600
43740.000000	107721.015800	109385.628600	101460.827800	123162.141800
43800.000000	108164.026900	109582.605500	100969.570900	122447.014700
43860.000000	108463.262300	110074.256100	101777.037700	122801.259200
43920.000000	106596.165800	109682.210300	100846.314700	123618.383100
43980.000000	107477.688700	110437.108200	101075.843000	123460.053200
44040.000000	107119.481200	109375.006200	101207.265600	122780.349700
44100.000000	107263.905900	109814.389500	101700.941700	123148.626300
44160.000000	107623.614600	109758.667400	100874.982400	123643.010500
44220.000000	107277.445700	109195.426300	100734.222400	123522.507100
44280.000000	107101.087300	108853.633300	102157.628400	123311.505500
44340.000000	106710.685100	109839.487500	101060.305500	123477.571300
44400.000000	107169.545400	110102.811400	100992.004000	123391.275300
44460.000000	107229.558100	109675.482600	101019.881900	121840.273300
44520.000000	106836.241200	109448.527700	101937.601400	122968.823000
44580.000000	107661.145500	109454.193600	100952.382900	123138.946200
44640.000000	107179.641100	109110.922900	100642.289600	122839.070900
44700.000000	107694.444000	109892.790800	101259.263700	122861.449500
44760.000000	106639.886900	109452.499600	101338.569000	122416.902700
44820.000000	107908.697200	109477.254900	100174.590700	123124.253900
44880.000000	108554.560500	108677.118000	100668.239900	122233.745300
44940.000000	107514.763500	110038.242100	102071.462300	124787.464800
45000.000000	107669.795700	110023.464300	101456.891800	122461.638200
45060.000000	108546.318200	110179.091300	101764.549700	122317.118800
45120.000000	107228.198500	108896.163500	101645.244300	122836.694600
45180.000000	107969.096400	109160.745400	101223.373300	122931.241300
45240.000000	108149.488200	110138.599200	101056.526300	122715.131100
45300.000000	108154.112400	109156.885700	101529.414400	122716.563800
45360.000000	106425.116600	109881.818400	101544.085500	122295.384800
45420.000000	107494.819900	111002.869800	100854.538000	123313.755300
45480.000000	107759.533400	109290.611100	101411.684400	122281.308200
45540.000000	106649.939800	109144.682000	101106.707700	122938.579900
45600.000000	106906.553600	110437.070800	101202.963500	123865.559900
45660.000000	107430.392000	109776.505500	101327.030200	123488.097900
45720.000000	107129.006200	110183.021700	101513.530500	122699.520900
45780.000000	107084.019800	109322.364300	101648.798000	122522.584500
45840.000000	107450.530000	108880.053700	101265.144200	122806.778900
45900.000000	107312.657700	109826.691400	100747.704900	123339.501100
45960.000000	106973.866300	110163.307600	99920.964890	123834.397900
46020.000000	107599.338400	109481.697400	101110.677100	123611.950100
46080.000000	107181.378800	110109.129300	101893.084600	123913.611900
46140.000000	107969.672200	109488.297400	100499.157200	122592.909500
46200.000000	107592.780200	108937.120000	101554.437400	123105.316100
46260.000000	107110.426400	109090.777900	101260.759400	123048.463900
46320.000000	108250.214300	109183.421300	100558.050000	123476.615500
46380.000000	107425.981900	109646.154300	101428.295200	122994.358500
46440.000000	107135.057100	110558.090000	102274.676200	123441.709900
46500.000000	107812.462100	109462.013400	101521.551400	122831.785200
46560.000000	107626.386200	110065.561600	100486.522800	123385.469300
46620.000000	107410.043300	110141.971000	100869.981300	123259.700200
46680.000000	108109.399900	109609.701200	102040.999400	122759.189000
46740.000000	107664.078900	109960.544000	101412.375600	123264.990700
46800.000000	107213.241900	109974.501200	101512.679600	123040.098700
46860.000000	107344.278100	109451.600000	101178.535600	122637.386600
46920.000000	107570.965800	109990.174300	101414.037400	123875.094900
46980.000000	107250.138400	109598.539300	101215.080000	123595.799400
47040.000000	106600.417100	110041.577500	101227.625700	123700.822500
47100.000000	107256.161800	109896.340300	101973.005400	122777.207700
47160.000000	109012.859300	109823.583900	101440.603300	123096.711800
47220.000000	107616.901600	109389.065400	101308.167400	123349.639800
47280.000000	107956.073500	109365.761900	100742.033300	123023.190000
47340.000000	108320.547800	109609.316300	102162.887500	123605.639500
47400.000000	107918.536000	109993.533700	101183.672400	123063.900700
47460.000000	107721.023100	109743.443400	101392.721000	122624.413900
47520.000000	107716.998200	110148.324200	102297.270300	123683.384300
47580.000000	107173.883400	110327.342500	101675.921900	123923.745400
47640.000000	107355.598600	109262.162600	101496.089300	123278.110000
47700.000000	107353.228600	109561.714200	101123.376800	122711.039500
47760.000000	107467.887600	109817.043000	101594.942000	123874.667500
47820.000000	107443.453900	109881.440200	101350.620300	122420.263700
47880.000000	108099.462700	109873.812400	100966.881800	123530.598500
47940.000000	108364.796100	110207.838200	101312.248800	123321.711100
48000.000000	107449.532100	109798.895300	102298.261000	123961.535800
48060.000000	107553.717400	109758.621100	101032.654400	123577.522300
48120.000000	108368.978800	109336.473700	100789.504400	124095.113400
48180.000000	108219.056800	109311.746400	101263.288600	123242.660200
48240.000000	108001.313400	110765.697500	102594.471600	123130.484900
48300.000000	106430.539100	109136.714100	101481.010300	122703.330200
48360.000000	107186.581800	110106.236000	101934.181300	122886.646700
48420.000000	107522.142800	109848.237900	101415.659900	122542.530900
48480.000000	107747.158000	109749.078500	101159.378800	123605.007500
48540.000000	108728.700700	109988.539500	100594.145800	123477.565700
48600.000000	108510.873600	109800.763000	101172.654200	123637.019900
48660.000000	107065.468700	109922.931200	101950.857200	123786.393100
48720.000000	108074.336000	108893.471800	101385.148800	122973.391700
48780.000000	107786.969300	109393.924500	101367.413200	123295.428100
48840.000000	106944.975000	110117.534800	101680.069300	122999.429800
48900.000000	107636.526900	110026.743600	102310.911500	123510.327700
48960.000000	107483.000100	110003.918200	101448.193100	122745.174200
49020.000000	107628.825900	109395.182300	101064.442200	122964.943100
49080.000000	107015.953400	110147.095700	101511.812700	122438.981700
49140.000000	107844.689900	109315.343100	101516.010800	122579.824400
49200.000000	106668.406100	109343.180900	101235.421600	124332.620600
49260.000000	108688.060300	108999.859300	101187.877200	123366.632600
49320.000000	107724.596900	109984.967800	100792.462400	122990.773400
49380.000000	107339.491200	110501.718200	101803.909600	123657.485600
49440.000000	107550.630900	110159.560100	102307.430000	123767.373800
49500.000000	107800.897800	110217.394700	100597.192900	123135.203600
49560.000000	107326.965000	110097.693100	101443.902700	123423.743400
49620.000000	107073.952100	109994.778200	101602.700300	123135.453700
49680.000000	107933.957800	109229.638400	101165.420500	122598.556700
49740.000000	108197.488000	109943.173800	101364.328500	123016.489100
49800.000000	107780.538700	110263.436600	100861.483500	123661.601600
49860.000000	108179.576300	109941.611800	100555.213000	122245.526100
49920.000000	107719.307800	110428.703500	100859.596200	123310.839700
49980.000000	107683.569200	110028.405300	101070.545700	122914.625400
50040.000000	108198.902000	109246.478600	100978.066600	123828.961100
50100.000000	107592.506800	109233.701900	101215.718200	122408.144200
50160.000000	107550.339000	109662.036900	101154.634500	122872.387100
50220.000000	107064.294100	109060.085400	101262.281200	122711.779600
50280.000000	107940.904500	109804.809600	101519.337000	122556.988500
50340.000000	108617.764700	109273.205500	100329.282900	122661.300500
50400.000000	107546.300400	109799.191500	101021.678600	123444.173700
50460.000000	107457.783800	110409.504900	101435.100700	122280.296100
50520.000000	106843.973200	109485.162900	101416.471800	123687.107900
50580.000000	108119.970200	109675.535500	100881.249900	122263.689200
50640.000000	107345.186800	109487.640600	100842.265100	123619.545100
50700.000000	106359.016500	109128.770600	100712.381000	122645.247200
50760.000000	107251.872700	109882.825400	101661.946300	122719.204900
50820.000000	107698.684300	109833.244300	101381.040900	122518.727200
50880.000000	108500.471100	108636.773500	101141.712400	123207.862200
50940.000000	107230.300800	109957.664900	101617.461600	123353.385100
51000.000000	107065.879300	110205.600400	101590.436100	123948.436900
51060.000000	108012.146700	108906.647000	101665.854500	123349.459800
51120.000000	107185.044300	108913.833800	100589.374400	123022.668800
51180.000000	107518.108600	108868.173100	101391.382600	123589.217800
51240.000000	108133.056100	108657.462100	101268.009000	122958.469200
51300.000000	107253.530200	109509.235100	101250.129100	123797.628500
51360.000000	107545.767200	110745.087900	101661.387700	122686.026900
51420.000000	107440.546300	110166.049900	101868.044900	124290.959000
51480.000000	106808.579500	109035.123100	100821.689100	123149.954900
51540.000000	107285.973300	110016.782200	100805.371900	122100.148800
51600.000000	107429.902300	109441.703700	100703.474200	122453.470200
51660.000000	107650.437400	109615.210000	101470.290700	122808.795500
51720.000000	108400.555000	108727.848500	101908.256900	122856.795000
51780.000000	107743.773500	109965.174100	101498.836400	122037.029000
51840.000000	107945.745600	109235.275300	101242.107300	123669.070400
51900.000000	106744.679200	110212.743000	101734.084700	123206.592700
51960.000000	108026.381200	108488.320400	100810.158200	123325.937000
52020.000000	106543.763700	109882.309300	100815.559000	122458.891200
52080.000000	107228.885100	109680.816700	101276.755100	123135.222300
52140.000000	107774.443200	110020.509100	101451.747300	121563.263900
52200.000000	106838.651800	108905.554500	100711.961400	123729.421400
52260.000000	107865.217900	109624.532600	101748.000500	123226.777500
52320.000000	107266.091100	109098.226600	101723.825800	122666.478000
52380.000000	107258.739800	110242.739100	100841.548800	122490.847800
52440.000000	107354.357400	109930.063800	101424.893000	122703.326400
52500.000000	107243.626700	110089.316400	101010.950100	122793.444300
52560.000000	107832.870200	109420.914400	100944.951900	123254.969000
52620.000000	107410.587800	110548.083800	101298.910400	123259.705700
52680.000000	106900.492300	109440.288600	101116.965500	122661.576500
52740.000000	108020.514700	110141.049300	101301.683700	123232.545300
52800.000000	108341.264200	110456.396000	101491.548400	122167.429300
52860.000000	109135.228800	108748.098300	101450.986700	123526.410900
52920.000000	107691.432100	110047.875600	101635.920500	124006.288000
52980.000000	107817.784800	109857.314000	102189.444800	122077.961100
53040.000000	107021.190400	109295.005100	101789.292000	122556.847900
53100.000000	107886.855600	109835.472200	101283.460800	123556.651100
53160.000000	108093.056000	109965.671000	101021.968500	123324.643900
53220.000000	107774.564300	110199.871500	102271.358700	123048.706500
53280.000000	108144.425900	109612.476900	101341.587300	123564.502500
53340.000000	107770.844000	110047.786800	101473.989400	123546.942400
53400.000000	107795.351800	109798.579100	101052.007500	123109.216500
53460.000000	108605.423200	109715.408800	101048.953900	122639.351900
53520.000000	106522.828200	109289.726700	102633.159800	123628.368300
53580.000000	107503.892500	110526.994700	101012.566400	122539.275700
53640.000000	108515.367900	110041.959000	101299.595500	123863.649300
53700.000000	108446.323300	109340.259500	101750.834200	123360.990900
53760.000000	108442.071700	109125.847800	100420.481200	123815.606900
53820.000000	107705.209900	109318.646600	101920.588300	122963.362300
53880.000000	106564.010300	109690.082600	101872.134100	124037.319100
53940.000000	106816.209500	109733.114400	101362.323300	123289.267900
54000.000000	107462.123600	109218.310200	101828.915700	122788.855700
54060.000000	107061.822900	109654.348000	101078.265800	123277.539700
54120.000000	107605.431000	108210.401700	101460.558300	122581.691400
54180.000000	107798.598800	109516.303300	100748.266600	122972.969200
54240.000000	108569.073500	109789.320200	101279.211700	123453.864700
54300.000000	107681.536000	110150.262800	101693.274800	123039.656800
54360.000000	108070.748800	110049.317200	101679.583800	123688.020600
54420.000000	107697.081100	108504.711400	100664.983900	123694.146600
54480.000000	107777.243000	109541.913400	101017.587100	123288.466500
54540.000000	107744.863400	109181.877700	100656.582500	123667.350900
54600.000000	107380.564200	110379.372000	101849.923100	123731.620900
54660.000000	108435.706800	110056.321600	101402.293500	122996.433600
54720.000000	108098.410000	108894.648300	101403.827600	122968.133800
54780.000000	107331.479800	109428.534100	101059.708800	122201.977200
54840.000000	107244.453800	109897.041800	102842.463100	123557.497700
54900.000000	107432.733900	109728.587300	102032.631900	122967.331800
54960.000000	107625.981300	109597.967000	102197.381100	123769.616800
55020.000000	108520.387700	108997.250600	101264.796000	123684.204700
55080.000000	108027.859700	110406.339600	100937.947000	123889.061200
55140.000000	107557.386600	110080.464600	100432.167300	124001.496100
55200.000000	107725.930500	109212.243500	101604.831300	123350.585300
55260.000000	108076.357100	110120.190000	101357.442100	123873.246000
55320.000000	107695.126700	109726.651200	101272.441100	123475.610100
55380.000000	108919.785400	109844.964700	101613.327900	123282.824200
55440.000000	108044.101100	109622.543700	101481.554500	123612.073600
55500.000000	107059.125800	108952.807000	101963.402800	125091.243700
55560.000000	107347.044700	110499.345600	101571.794300	123838.400000
55620.000000	107565.980900	109917.601000	102325.729000	122755.730200
55680.000000	109651.909500	110296.961700	100161.443300	122887.985000
55740.000000	107773.390700	109557.766400	101597.653700	123780.802100
55800.000000	107540.418900	109898.250900	101639.129300	124030.151600
55860.000000	107551.011900	110240.548100	102132.005600	123790.093600
55920.000000	108724.551000	109011.975500	101121.782200	123013.311600
55980.000000	108152.776100	109981.971300	101960.336900	123984.249100
56040.000000	107312.129600	108733.630000	101748.526200	123225.686200
56100.000000	108532.171800	110274.835500	101477.452900	123184.307300
56160.000000	108339.951800	109652.473100	101516.531500	123707.245400
56220.000000	108215.530100	110137.348000	101800.891000	123689.892900
56280.000000	108574.875300	109976.858900	101646.462600	122533.149800
56340.000000	108825.287100	111996.325500	102233.706100	123715.125100
56400.000000	108833.626400	110126.707400	100869.335100	124362.436200
56460.000000	107790.322400	109443.355900	101835.358200	124551.483600
56520.000000	107570.976800	109238.318200	101713.774200	124733.193300
56580.000000	107425.519100	110398.240300	101748.125400	122751.894600
56640.000000	107184.156300	109232.425300	101982.754600	124008.783500
56700.000000	108266.850900	110152.067900	101067.353600	124324.513800
56760.000000	108547.150600	109589.857700	101657.619500	123569.787600
56820.000000	107700.461900	109474.658600	101947.846600	123623.702100
56880.000000	107302.448700	109957.454300	102272.394800	123036.364300
56940.000000	108006.180400	109882.459600	101294.878900	123550.696400
57000.000000	107908.245300	109869.967700	101639.079600	123173.016400
57060.000000	107731.572900	109498.620500	102033.232300	123317.168900
57120.000000	107599.727700	109395.168400	102729.689800	123376.041300
57180.000000	108521.169700	109664.690000	101477.919700	123215.553700
57240.000000	107538.067100	110283.071300	101683.844800	122686.223800
57300.000000	107987.520800	109480.909000	102341.685900	123774.284100
57360.000000	108515.363800	109617.481800	101629.165400	123607.851300
57420.000000	107791.367000	110128.958500	101428.529500	123164.591700
57480.000000	107394.295500	109944.573300	101518.144200	123464.842400
57540.000000	107763.704100	109813.695800	100977.456000	124549.669100
57600.000000	107856.474000	109700.400800	101490.779700	123203.979800
57660.000000	108780.483700	110390.322900	101660.861800	122611.465600
57720.000000	107370.173000	110277.147300	101563.223400	123558.735900
57780.000000	108325.776900	109641.925700	102337.544100	123794.046200
57840.000000	107595.515100	109228.890400	101996.122500	123659.470400
57900.000000	107716.983400	109292.026700	102160.747500	122198.344700
57960.000000	107492.727100	109165.975100	101779.724600	123943.880000
58020.000000	108060.959900	109567.004400	101268.501900	124086.543300
58080.000000	107880.376100	110184.032700	100963.674300	123352.359100
58140.000000	108351.413500	110072.305000	102586.701500	123870.294400
58200.000000	106945.639600	108967.340200	101835.398900	123108.555500
58260.000000	108617.083300	109053.238700	101335.393600	122726.093500
58320.000000	108061.829700	109937.420800	101087.197700	123759.401000
58380.000000	107893.398100	109417.797500	101466.706900	123529.759800
58440.000000	107743.225400	110108.650000	100928.739300	123599.402500
58500.000000	107312.127300	110544.450600	101230.545400	123887.062600
58560.000000	108006.849300	109182.994700	100693.008700	122461.951500
58620.000000	108224.830800	109625.165200	100855.113400	122016.963000
58680.000000	108091.188600	109770.260600	101093.504500	123688.136400
58740.000000	107928.088300	110370.950800	101626.216000	122487.746500
58800.000000	108259.667500	109456.140900	101230.825700	123450.174000
58860.000000	107837.976300	109488.069600	101922.302300	122779.701300
58920.000000	108628.513300	109832.989900	101339.285400	123178.117000
58980.000000	107948.282300	110303.768300	101802.207300	123355.639400
59040.000000	108307.834300	110199.383700	101001.485000	124291.192600
59100.000000	108274.857400	109523.245000	101444.091700	123323.352700
59160.000000	108618.432500	110032.253400	101194.949500	123571.442900
59220.000000	107658.457500	110261.104000	102011.980300	123190.806100
59280.000000	108689.636500	110344.565400	102547.902200	123598.406500
59340.000000	107699.617600	110933.585900	101270.864200	123774.956400
59400.000000	107626.024600	110063.125900	101983.550700	123487.400000
59460.000000	107890.694400	110152.305300	102466.971100	123968.184300
59520.000000	107378.774000	110375.834000	101705.747000	123714.377900
59580.000000	107571.635200	109735.357900	101362.403500	123879.836700
59640.000000	108195.088800	109961.487500	102241.534700	124226.856200
59700.000000	109018.900200	109577.242500	101694.003100	123104.406500
59760.000000	108487.670700	110528.115200	102282.780500	124486.342800
59820.000000	107957.400700	109787.788500	101558.134400	124278.772400
59880.000000	107543.292600	109436.535100	101018.072100	124597.652800
59940.000000	108832.399600	110688.729000	101828.384200	122917.992100
60000.000000	107950.639800	109407.816900	100758.972500	123795.862300
60060.000000	108353.401700	109572.804900	102513.205000	123385.264300
60120.000000	107733.744500	109986.093300	101808.158500	123858.847300
60180.000000	107836.810600	109779.409300	102193.560100	124050.057700
60240.000000	108022.542900	110147.276000	101431.656400	123377.118100
60300.000000	108213.343000	110075.642700	101682.426200	123570.663200
60360.000000	109185.559000	109966.115600	101974.892600	122549.847100
60420.000000	108473.487500	110180.026400	101677.781400	123536.666900
60480.000000	108634.628100	109417.753000	101500.488900	123700.758400
60540.000000	109232.092200	110116.177700	101802.540100	123055.509300
60600.000000	108373.236000	109712.139100	100758.699400	123331.223600
60660.000000	106856.272600	109177.233700	101641.642100	122985.491800
60720.000000	108566.377100	109941.787800	101562.524700	123362.372800
60780.000000	107007.077600	109784.592800	101346.105300	123960.446700
60840.000000	108238.131000	109847.968800	101900.978700	123540.479700
60900.000000	108339.823400	109621.644600	101352.866000	122933.220200
60960.000000	108325.191300	109785.810200	102211.013100	122863.443300
61020.000000	107624.271000	109232.272300	101096.988700	123164.549900
61080.000000	108826.745600	109273.509700	102450.320700	123239.640500
61140.000000	108208.736900	109455.097800	101650.786200	124095.769800
61200.000000	108913.815900	109545.668600	102088.262600	122969.073200
61260.000000	108607.077400	109445.854900	101593.442200	123332.112800
61320.000000	108327.358500	109983.162000	101916.823500	122972.974900
61380.000000	107558.169700	110342.582500	102112.485300	123378.651900
61440.000000	107796.293000	109293.557400	101307.287800	122650.346600
61500.000000	108242.032700	110107.104700	101899.689000	123982.156100
61560.000000	108285.482800	109561.695400	101716.538900	123262.188100
61620.000000	107939.166700	108925.735800	101751.855200	123299.142300
61680.000000	107623.375700	108945.930600	102098.970900	123229.311800
61740.000000	108313.262900	110059.788000	101118.132800	123122.322600
61800.000000	107108.921700	109674.227500	101206.427300	124042.329100
61860.000000	108126.315900	109913.195800	101173.288100	122676.650700
61920.000000	107886.321500	109873.291500	101602.728600	122888.295800
61980.000000	107924.262100	109797.030000	101530.431000	122530.775300
62040.000000	108149.852500	108973.370600	101478.211500	123227.083500
62100.000000	107916.332200	109130.462600	101455.368000	124281.636800
62160.000000	108356.458000	110455.820900	101603.879100	122855.892200
62220.000000	108599.937800	109373.452700	100893.040400	123138.503100
62280.000000	107933.075000	109815.096200	101146.791100	124082.538300
62340.000000	108846.522700	109961.175900	101743.317300	122931.064800
62400.000000	108107.223600	110289.433400	101205.436600	123803.679500
62460.000000	108857.543600	109870.538500	101670.123800	122565.939000
62520.000000	108087.983600	109105.290600	101062.629300	123638.433900
62580.000000	107884.127100	109102.423300	101754.348200	123277.410100
62640.000000	107303.523700	110252.667800	101662.975600	123891.423800
62700.000000	108034.236000	109845.336300	101799.364400	123383.348700
62760.000000	108281.774400	109668.804400	101897.786300	123677.570000
62820.000000	107900.103500	110138.402200	102021.470200	122467.319700
62880.000000	107598.007400	109689.334500	101612.253900	123477.419600
62940.000000	108400.005400	108743.061300	101375.281700	122743.831100
63000.000000	108407.443300	109366.028300	101742.590500	123696.977600
63060.000000	107684.521200	110458.251400	101511.376700	126202.472700
63120.000000	107722.344300	109981.448800	102034.751100	123885.794700
63180.000000	107694.682200	109371.348600	101889.316900	123731.400000
63240.000000	108497.485000	110020.554300	101457.688400	123284.735800
63300.000000	107273.018500	109062.776500	101547.372500	124435.880000
63360.000000	108317.173700	109378.663700	101154.132200	123080.338100
63420.000000	108555.236400	110228.382700	101330.938800	123564.220000
63480.000000	108309.797100	109688.783700	101812.155800	124007.283300
63540.000000	107308.407400	110011.683000	102010.435700	123236.664500
63600.000000	107326.842900	109382.573200	101930.023800	122451.045500
63660.000000	107311.311300	109390.775200	102602.637100	122852.108900
63720.000000	108957.063700	109364.101200	101332.397800	123702.646600
63780.000000	108379.162400	109924.813800	101599.012100	124467.745700
63840.000000	108018.304700	109313.859400	101404.883300	123459.873400
63900.000000	108201.929700	109818.635500	101240.843200	122712.541300
63960.000000	107047.848700	109183.248900	102137.169200	123207.291200
64020.000000	108064.009700	108910.973600	101433.121500	122762.270500
64080.000000	107891.978100	109776.741400	101950.949000	123738.080400
64140.000000	108240.392000	109630.484000	101503.663800	123781.465000
64200.000000	108636.455000	109588.735900	100449.733900	123922.994000
64260.000000	108489.064600	108941.185700	100972.223300	122836.393100
64320.000000	108373.486800	109633.192000	101261.491900	123421.914000
64380.000000	109048.665200	109773.946500	102014.444300	124308.395100
64440.000000	108358.598900	110028.485000	101009.960000	123573.319900
64500.000000	108713.254100	110203.052100	101699.530000	123248.046600
64560.000000	107218.248800	108245.471600	101891.527000	123051.576900
64620.000000	107630.292400	110000.437400	102264.630900	123163.353100
64680.000000	108381.127100	110566.101600	102003.066500	123594.740800
64740.000000	108271.268300	109528.513200	101832.237100	123334.256900
64800.000000	108212.044500	110157.223700	101493.243800	123587.371600
64860.000000	107332.566600	110541.948200	101610.091000	123276.772800
64920.000000	107248.998800	108837.007700	101543.929100	122789.901700
64980.000000	108098.135300	108851.981900	102277.425600	122223.673000
65040.000000	108812.195300	109419.679300	101504.277400	123436.049700
65100.000000	108645.689400	109972.274600	101811.286800	123049.606200
65160.000000	107859.871200	109856.064300	102723.928200	123372.492400
65220.000000	107883.074500	110403.047500	100986.374300	123518.281300
65280.000000	108175.711100	109251.204000	102586.296700	123818.048100
65340.000000	108278.524200	109913.655700	100917.048700	123218.480600
65400.000000	107253.529200	110450.878400	102035.085700	122566.559100
65460.000000	108492.224900	110064.031200	101176.591900	123220.962000
65520.000000	108011.813100	109933.935400	102319.789800	123516.075500
65580.000000	107232.667100	110854.924100	102122.158200	123202.664900
65640.000000	109055.194100	109635.351700	102216.279500	123498.070900
65700.000000	108312.283000	109916.136700	102715.454500	122976.950600
65760.000000	108952.557300	109889.448500	101561.313300	123702.097200
65820.000000	108466.061400	110778.637800	101244.558000	123619.692200
65880.000000	108186.317400	110144.819400	101165.658400	124224.986000
65940.000000	108417.330400	109748.405400	102112.328200	123537.988000
66000.000000	107643.828100	110109.138600	102298.875000	123129.349800
66060.000000	107889.498500	109673.437800	101874.548600	123242.651100
66120.000000	108731.999300	110117.746200	101958.814200	123372.623400
66180.000000	108180.244300	109809.422500	102069.382000	123523.329100
66240.000000	108810.235200	110135.584900	101883.922000	123692.427800
66300.000000	109199.227700	109632.768400	102163.609800	122730.868100
66360.000000	108610.080800	109965.569600	101369.944100	124455.271100
66420.000000	107989.907100	110462.669000	102563.076500	123357.570000
66480.000000	107837.039800	109709.913600	100717.521300	122976.299400
66540.000000	108869.015800	109497.862200	100838.908400	124198.245800
66600.000000	107370.729200	110363.553000	101801.768200	123225.208500
66660.000000	108350.468900	108887.001000	102156.371800	124400.287300
66720.000000	108818.464200	110490.768200	102048.753300	123779.429600
66780.000000	108070.957300	109532.225000	101749.587000	123153.725300
66840.000000	108669.615100	110077.970900	101561.929500	123665.224500
66900.000000	108070.705200	110587.032600	102272.264800	123587.300100
66960.000000	108030.185600	109806.422500	102227.108500	123778.574800
67020.000000	109400.498800	111695.682500	102661.131200	123774.704900
67080.000000	108104.348400	109694.694000	101913.444800	123449.664800
67140.000000	108831.862000	109653.613200	102119.003500	123886.922600
67200.000000	108667.604100	110373.235900	101552.268900	123379.278500
67260.000000	108416.138600	110112.106500	102375.751100	124437.036200
67320.000000	107966.277400	110382.537600	102351.128800	123893.503600
67380.000000	108032.322600	110886.211000	101907.825300	123609.838100
67440.000000	108728.598100	109460.061000	101923.690000	123969.226800
67500.000000	108601.202800	110097.811900	101713.991400	124155.138200
67560.000000	109002.064000	109515.733700	101665.403100	123604.114600
67620.000000	108684.635400	110166.163400	101462.939500	122634.970600
67680.000000	108926.992000	110104.486000	101100.129600	123766.480100
67740.000000	108863.419800	109838.194900	102023.028000	123086.448300
67800.000000	107937.625000	109192.912200	101743.022600	123240.350700
67860.000000	108168.805700	109703.780700	102589.276500	123199.263200
67920.000000	108594.779700	110206.793600	100577.714200	123201.598900
67980.000000	109011.649200	109546.520300	101312.602300	122811.113600
68040.000000	108225.158900	109394.517500	101257.074500	123037.241400
68100.000000	108006.851500	110088.075900	101262.252200	123154.562800
68160.000000	108037.935800	109763.888200	101139.803800	122287.276200
68220.000000	108397.459200	109108.318100	102170.086700	123928.451600
68280.000000	108253.411100	109634.457000	102138.577300	123381.267100
68340.000000	108362.211400	110477.979200	101145.231400	123098.335200
68400.000000	108266.350700	109735.522000	101542.199200	123999.849800
68460.000000	108698.132000	110778.502600	102223.554200	122761.326900
68520.000000	108174.052100	110310.921000	102367.497000	123436.432500
68580.000000	107690.327800	109602.263000	101339.678700	123864.496600
68640.000000	108658.980100	110024.708000	101787.378300	123667.911900
68700.000000	108911.510900	110628.972600	100890.444600	123711.926800
68760.000000	107659.098500	110118.269900	101252.543800	122384.010600
68820.000000	107977.317000	110112.312900	101395.788000	123008.033200
68880.000000	108375.972400	110090.042700	101906.034600	123962.217600
68940.000000	108993.883800	109338.856700	101892.779400	122854.003000
69000.000000	108619.240500	109005.612400	101538.832100	122740.822100
69060.000000	107770.817100	109105.288300	102594.859000	122228.075800
69120.000000	107675.858300	109944.795800	102062.523000	123876.504800
69180.000000	107451.106000	109528.346300	101408.304500	123281.375100
69240.000000	109416.518600	109951.449200	101286.975400	123414.826100
69300.000000	109354.915000	109561.600700	101813.366300	122545.812500
69360.000000	107509.409100	110146.838000	101027.382300	123381.177200
69420.000000	108659.677100	110017.783300	101994.141700	123515.921100
69480.000000	108480.623000	109473.053700	102267.103100	123534.781600
69540.000000	108515.170400	110395.362600	101723.612500	123139.619400
69600.000000	108224.548100	109676.199600	102110.536600	122908.598600
69660.000000	107696.163700	109692.111400	100806.680700	123646.662400
69720.000000	108934.675500	110381.037700	101939.293500	122150.596900
69780.000000	107729.762400	109946.900000	101549.912600	122534.027800
69840.000000	108094.471300	109983.268300	101869.266900	122812.048500
69900.000000	108156.048500	109859.328300	102038.884100	123742.755000
69960.000000	107763.102600	110446.832600	101504.516700	124362.052800
70020.000000	108641.836400	110171.370400	101803.770600	123375.492500
70080.000000	109051.710600	109784.613500	101753.512300	123809.675800
70140.000000	107844.285700	110037.443000	101583.798300	123073.706600
70200.000000	107423.780100	109563.414400	101959.083100	122513.020000
70260.000000	107593.756800	109353.696000	101854.612100	123151.124900
70320.000000	108552.910300	108893.172200	102049.846900	123636.037300
70380.000000	108358.148700	111014.910600	101838.109100	122846.263000
70440.000000	108232.104700	109893.526100	101677.628000	123074.270600
70500.000000	108457.237800	110416.521500	102327.372600	122788.963200
70560.000000	107635.678000	110134.248500	102172.948100	123728.972700
70620.000000	108319.547800	109655.769100	102021.744800	123561.401100
70680.000000	107153.741000	110129.995800	101705.955000	122988.494700
70740.000000	108526.849700	110224.280500	101810.334600	123546.319800
70800.000000	108612.924500	109596.652800	101217.085700	123166.853800
70860.000000	107841.287100	109763.905800	101401.148900	123012.788300
70920.000000	108031.986000	108895.157000	101751.696100	123488.264100
70980.000000	109039.958800	110166.595800	103280.264200	123250.747500
71040.000000	107857.925400	108654.595100	101947.221600	123231.507300
71100.000000	109016.329300	109653.774600	102102.608400	123457.631000
71160.000000	108149.351100	110053.479400	102043.475800	124798.684500
71220.000000	108985.426300	110446.049300	101902.195300	122771.731200
71280.000000	108869.286000	109994.968700	102383.121100	123418.605200
71340.000000	108826.608700	109237.050700	102351.858200	124015.538300
71400.000000	108777.892800	109856.576100	101167.028900	122640.988400
71460.000000	107856.627300	109304.378800	101440.587500	123077.545500
71520.000000	108558.651800	110770.093400	101878.126000	122900.773200
71580.000000	107806.418800	110640.959300	101869.840900	123453.402600
71640.000000	109647.375300	108267.482500	101640.412000	123117.370600
71700.000000	108257.683600	109713.207600	102201.342400	123978.527200
71760.000000	107932.057200	110169.313500	102710.864000	122422.661200
71820.000000	108164.399100	109632.516300	101465.724300	123754.761500
71880.000000	108456.049500	109330.216600	101213.204700	123974.610500
71940.000000	107820.705100	109185.613200	102922.174600	123718.072900
72000.000000	107976.920800	109832.024100	101522.984300	123554.014100
72060.000000	108403.134800	110128.571600	101938.399500	123928.310200
72120.000000	107970.880700	110447.121800	101434.414000	124147.781000
72180.000000	107495.237800	109413.533300	100983.535600	123662.473500
72240.000000	107631.437100	110581.279100	101577.925000	123356.634000
72300.000000	108557.888200	110686.683300	101609.727900	123231.813200
72360.000000	107285.530400	110720.564100	101079.213400	123914.054300
72420.000000	108825.437300	109904.987200	101429.384100	123535.125800
72480.000000	108573.675100	109580.094400	102181.964800	122852.449000
72540.000000	107688.895900	110230.255000	102318.562600	123679.153500
72600.000000	108833.948600	110355.045400	102318.446300	124178.514200
72660.000000	109138.800600	110000.002000	101300.851500	122893.431500
72720.000000	108826.652100	110180.558600	102264.933200	123723.903100
72780.000000	108684.957500	109885.462100	101456.750600	123561.270500
72840.000000	108090.251800	109427.203100	102452.470100	123698.357000
72900.000000	108296.416000	108823.581200	101538.747400	123774.990000
72960.000000	108757.284600	110485.114500	102611.622400	123814.533700
73020.000000	108668.660900	109825.554200	101715.105600	124328.627200
73080.000000	109507.022700	109970.843700	101707.995100	123438.241600
73140.000000	108686.847400	110849.964000	102001.038600	123671.288100
73200.000000	107611.106400	109628.179300	101296.109000	122575.648100
73260.000000	108606.136700	109553.339500	102675.513200	124534.010600
73320.000000	108036.101500	110336.859400	102544.285200	123181.647300
73380.000000	107574.279500	109564.986800	102488.075800	123623.264600
73440.000000	108662.447700	110567.597000	101359.582300	123736.022600
73500.000000	109209.924400	110276.717700	101161.497200	122707.939900
73560.000000	107404.612300	110550.381700	102104.010600	122762.692200
73620.000000	108253.698500	109329.616900	102035.766500	123248.387000
73680.000000	108234.153400	110473.857000	103185.967200	123832.191000
73740.000000	108238.562600	110036.290500	101478.388900	123408.231100
73800.000000	108317.141900	109750.487100	102391.233900	123857.181300
73860.000000	107737.843000	110357.643400	102194.869600	124031.681100
73920.000000	108496.270400	109772.936900	101633.394600	123011.332100
73980.000000	108013.747600	111038.338200	101506.002400	123131.821500
74040.000000	108577.200100	109423.401100	102248.205700	122751.728800
74100.000000	108942.863600	109375.860300	101846.236200	123409.369500
74160.000000	108481.598400	110400.061800	101846.285600	122985.637100
74220.000000	108145.305300	110385.665000	101964.118800	123225.081600
74280.000000	108860.128600	111003.275400	101447.877400	124999.499200
74340.000000	109069.474100	110670.833200	101945.682200	123143.952100
74400.000000	109021.003800	109765.582000	101712.356400	123301.509800
74460.000000	108094.253200	110607.040200	101794.356100	123938.290900
74520.000000	107684.721400	109120.483700	101599.915700	123778.090400
74580.000000	108656.951200	109778.690300	102227.557300	123412.325400
74640.000000	108216.772100	110402.287900	102457.049000	123798.621800
74700.000000	109035.589600	110517.544900	100978.509500	123409.990600
74760.000000	108254.962300	110227.516800	102588.578100	123773.783700
74820.000000	108186.946100	109514.626100	102080.426500	122819.081000
74880.000000	109045.133700	110544.722200	101156.912000	123302.794800
74940.000000	108221.887100	109394.714900	101625.201100	123270.076100
75000.000000	108180.768400	109522.242400	101974.750700	124558.751600
75060.000000	108417.933800	110006.320400	102189.638500	123875.087700
75120.000000	108250.069000	109754.200700	101902.718500	123861.824100
75180.000000	108403.559400	109707.717700	101686.879200	122977.375600
75240.000000	108227.798400	110041.045300	101240.357700	123860.343700
75300.000000	108438.809900	109613.265800	101965.142800	122780.438000
75360.000000	108269.977000	110424.015900	102399.756400	122911.876500
75420.000000	108230.485700	109231.155800	101872.053100	123748.371500
75480.000000	107526.731600	109895.636000	102215.171500	123602.863200
75540.000000	109222.685400	110008.341600	101540.138700	123242.313800
75600.000000	107725.021100	110314.377300	101876.618900	123418.422200
75660.000000	108689.902700	109336.692700	102951.130000	123565.897400
75720.000000	108267.970200	109711.582200	101655.567800	123970.403000
75780.000000	107958.953500	109572.934300	102447.786000	123210.247800
75840.000000	108570.696900	109740.137600	101489.299500	123420.444300
75900.000000	109315.852100	111392.412900	102565.529700	123605.411500
75960.000000	108529.484500	109194.609200	102842.788600	124065.397800
76020.000000	108755.540300	110390.482800	101773.600300	123419.812500
76080.000000	109751.761200	109538.779200	101642.255600	123699.837000
76140.000000	108197.190700	110029.298700	101948.287700	123560.344900
76200.000000	108076.933300	110043.129200	101589.317300	123391.652700
76260.000000	108995.609000	109199.688400	102033.590400	123869.543500
76320.000000	108312.842700	109934.825100	102245.457100	123183.811800
76380.000000	109284.121800	109647.283700	100681.403500	122793.265800
76440.000000	108345.694900	109762.147800	101698.984400	124140.448000
76500.000000	108173.936200	110241.841300	102110.418900	123010.075400
76560.000000	108937.515700	109897.559300	102127.573000	123566.476600
76620.000000	108186.921900	109646.574800	102000.524900	123255.340400
76680.000000	107792.979500	110442.061700	102030.262200	123655.843100
76740.000000	108902.244500	109955.731100	101521.746800	123884.117300
76800.000000	109052.977000	109907.890700	101823.033300	123882.174900
76860.000000	108598.414500	109808.767900	102593.078000	123654.594000
76920.000000	109192.777600	108728.972800	102780.086600	123266.123000
76980.000000	107979.439500	110328.910600	102181.415900	122988.057000
77040.000000	108295.259000	110843.000900	102581.619700	123773.042400
77100.000000	108435.473700	109358.126100	102057.897300	123376.820000
77160.000000	107478.244200	110001.367300	101752.520400	123402.889000
77220.000000	108756.024400	110241.809400	101692.303400	123138.175600
77280.000000	108511.797200	109158.844000	101034.282500	123611.597200
77340.000000	107796.889500	110373.875700	102888.846200	123996.791000
77400.000000	108149.046200	110100.923900	103287.303200	124317.567100
77460.000000	109014.538000	109999.308900	101903.774700	124748.170000
77520.000000	108845.725500	110396.045800	100884.079900	122380.176000
77580.000000	108086.855800	110976.295300	102245.691700	123652.753000
77640.000000	108692.226100	110455.777300	102355.345200	123312.931800
77700.000000	107935.251000	110066.000300	102448.626900	123553.703400
77760.000000	108986.854100	110067.350500	102568.681000	124876.785700
77820.000000	109118.831600	110617.638800	102375.404300	124046.187500
77880.000000	108053.228400	110684.338700	102445.229000	124302.153900
77940.000000	108298.160200	109956.522700	102291.044100	123643.995600
78000.000000	107753.423600	109472.983300	101528.065900	123426.632600
78060.000000	108831.768400	110565.332100	102075.068400	123757.189100
78120.000000	108065.847800	109229.508600	101734.923600	123267.386800
78180.000000	109132.799900	109981.433600	102555.947700	122466.133100
78240.000000	108187.597800	110183.835300	101833.326100	122624.380500
78300.000000	108540.889900	109576.829400	101621.915500	123986.679900
78360.000000	109850.948000	110459.476600	102268.694200	124062.446500
78420.000000	108478.364600	109760.501100	102566.580300	122949.544900
78480.000000	108239.457400	109140.518400	101539.499800	123296.234900
78540.000000	108709.179200	110180.430900	103200.232100	123614.068400
78600.000000	108693.907200	110978.263700	102380.544600	122973.712800
78660.000000	108096.434700	109320.231900	102946.051900	123467.665600
78720.000000	108747.878000	110486.378400	101583.075400	123534.503400
78780.000000	107768.660400	109193.825700	101613.563600	123270.015100
78840.000000	109313.226700	109981.699900	102132.803700	123542.641000
78900.000000	108652.222000	109309.111500	103104.728700	123168.643700
78960.000000	108238.814900	109324.343100	102022.389100	122852.158400
79020.000000	108680.322400	109506.014500	102419.448100	123533.666800
79080.000000	108307.814300	108952.955100	101414.211600	123486.773800
79140.000000	108394.371000	110748.413800	101898.917400	124029.467300
79200.000000	108589.630600	109745.048300	102384.952600	122836.761400
79260.000000	108270.665900	109907.018500	102289.806100	123803.422100
79320.000000	108153.389800	109841.867200	101972.644700	122434.419200
79380.000000	108246.570000	110359.592000	101200.251400	123119.362100
79440.000000	109552.972900	109902.785500	102452.034300	123400.612300
79500.000000	107438.935600	110453.659900	102142.171800	123713.431200
79560.000000	108009.111400	111013.230000	102094.557600	123330.693000
79620.000000	109631.708500	110964.337600	102208.649700	123077.462300
79680.000000	108367.680300	109351.377900	102441.062400	123718.248300
79740.000000	108330.192000	110045.609200	101269.978500	123520.324200
79800.000000	108135.815600	109604.128800	102129.983000	123900.012500
79860.000000	108286.930900	109850.858600	102390.463400	123019.068800
79920.000000	109827.901500	109705.159700	102703.568800	123965.244900
79980.000000	109072.155600	109650.029900	101612.578300	123341.368400
80040.000000	108591.286400	109264.691800	101411.184900	123495.166100
80100.000000	108668.254600	110319.535200	103311.498600	123356.110700
80160.000000	109058.953700	109655.790400	102538.202800	124658.759800
80220.000000	109182.335400	109618.560500	102329.304700	123499.062800
80280.000000	108824.140000	110173.229000	102607.476700	123794.514400
80340.000000	108993.509600	110423.435700	101586.508100	123321.409700
80400.000000	109903.085200	109931.379500	101946.373000	123606.997900
80460.000000	108597.458500	110065.402400	101587.265100	123224.832600
80520.000000	109267.070900	109579.929400	102531.616200	123339.098600
80580.000000	108966.553400	109628.078100	101859.601200	123284.105900
80640.000000	108673.894200	109961.214600	101832.751200	123438.918600
80700.000000	108442.982900	109883.842400	101988.752900	123113.037700
80760.000000	108582.533000	110278.649400	101845.470700	123450.144200
80820.000000	109362.406200	110024.391300	101919.149900	123697.295200
80880.000000	109228.483600	110457.189400	102913.862600	123326.854900
80940.000000	108758.687400	110242.550000	102170.374400	124286.011000
81000.000000	108855.297100	109625.919600	102840.341800	124207.601000
81060.000000	108027.112800	110525.709300	102698.948800	124431.633000
81120.000000	108709.677800	110489.907300	102305.802600	123938.122300
81180.000000	107899.482100	109571.487600	103466.777200	124301.607500
81240.000000	108713.380200	110040.607400	103062.326200	124057.118600
81300.000000	108194.990400	110647.907200	102801.598800	123269.942900
81360.000000	108159.670700	110860.986700	102572.724100	123975.277900
81420.000000	109375.209400	109849.909500	101327.121900	123055.593900
81480.000000	109244.657800	109600.799200	102459.608100	123920.443700
81540.000000	108292.526100	110253.147700	102182.408000	123902.403600
81600.000000	108100.884300	110126.246600	101880.931000	123193.182300
81660.000000	108717.162100	110620.063000	101960.239000	123504.181400
81720.000000	108594.492100	109553.546200	101917.364400	123721.408900
81780.000000	107839.033600	109900.394900	101712.234300	123485.688300
81840.000000	108520.298600	109646.199900	103065.112200	124108.367700
81900.000000	108666.731900	109746.882100	102713.331600	124052.409300
81960.000000	109222.455700	109898.133000	101891.250500	123566.236200
82020.000000	108626.121300	110675.932200	101560.597400	123835.321200
82080.000000	108755.869600	110360.896300	102920.935000	124794.460500
82140.000000	107873.609300	108733.856300	101320.289900	123049.719000
82200.000000	108614.949300	109183.026200	102937.554000	123948.581600
82260.000000	109687.957900	110063.324900	101720.344500	123593.046800
82320.000000	108268.912600	110297.323800	101742.016500	123934.592200
82380.000000	108871.612100	110057.202900	102703.608700	124537.202800
82440.000000	109072.072900	109442.039200	101764.827700	124003.884400
82500.000000	108772.232700	110089.906800	102168.307600	124394.488800
82560.000000	108282.609800	109902.016800	101683.535000	123581.932300
82620.000000	108794.565100	109811.284600	101820.965300	124113.563400
82680.000000	108983.744600	110755.194300	100980.408100	123891.995800
82740.000000	108492.562800	109823.914900	101670.247200	123598.485700
82800.000000	109094.509800	110744.532400	102332.954600	123987.243700
82860.000000	108571.022800	110334.388400	102219.134300	125328.379200
82920.000000	108866.387100	110503.479600	102659.358700	123771.240100
82980.000000	109134.792900	110115.687300	102547.005200	121880.696400
83040.000000	108346.436600	110463.649300	102463.353900	124876.989700
83100.000000	109447.675800	110063.728300	102839.879300	124846.417500
83160.000000	108603.611600	109550.736200	102753.064000	123609.254700
83609.100000	109026.359100	115529.628200	101561.662000	122586.145700
83653.100000	108658.261700	115573.095300	101784.114100	123161.818300
83697.100000	108765.479800	114868.346200	101266.884500	122583.898200
83741.100000	108290.988500	115405.897700	101953.184300	122544.320500
83785.100000	108136.073400	115066.225300	101612.136100	122957.760600
83829.100000	108555.016600	115980.187000	100599.271600	122010.713600
83873.100000	109261.512700	114830.915400	102169.248500	123257.407300
83917.100000	108994.731100	114731.184300	101882.441700	122892.674800
83961.100000	108115.184900	115401.446200	101477.443100	122210.600700
84005.100000	108021.520600	115565.589200	101828.976900	122253.041800
84049.100000	108516.392000	115239.561400	101824.942300	124140.827200
84093.100000	108182.713600	115365.964700	101092.976400	122925.753900
84137.100000	109395.820000	115818.886800	102425.995500	123323.246200
84181.100000	108176.325800	115652.161400	101891.901400	122462.391600
84225.100000	110187.590100	115869.802800	101833.307200	123405.574200
84269.100000	109529.073300	115000.892600	101838.672000	123066.518000
84313.100000	108682.299200	115659.297400	101689.864800	123115.430600
84357.100000	109030.227000	114976.722400	102141.410800	123311.510100
84401.100000	109503.933800	115209.250000	101629.055100	123794.628100
84445.100000	109326.557800	115884.517600	101871.941200	122674.087200
84489.100000	109290.996600	114954.868300	102491.033600	123158.506400
84533.100000	108838.599800	115452.254500	101954.531800	123107.625000
84577.100000	109309.605400	116113.506000	101149.809100	122501.016900
84621.100000	109425.080500	115845.305700	102695.804900	123343.746800
84665.100000	108769.147300	116155.061100	102427.785100	123520.014100
84720.000000	109007.182600	116394.947600	102556.335700	122475.060200
84780.000000	109467.827900	115690.446700	102220.086200	123364.068600
84840.000000	109939.726100	115425.398700	102425.228600	123855.145100
84900.000000	109783.075300	116296.520400	102208.519200	123334.828600
84960.000000	109006.021400	116474.122300	103551.131200	122261.284600
85020.000000	109927.670100	116701.458200	102459.919400	122446.913600
85080.000000	110150.177300	115555.439800	102636.008200	122602.748400
85140.000000	109859.395900	115565.601500	103229.832800	123419.101400
85200.000000	110352.450700	115438.878900	102482.098000	123022.716100
85260.000000	110431.227700	115955.698600	102945.700100	124145.241200
85320.000000	109758.349500	115452.454400	102697.180500	123115.144700
85380.000000	110248.225100	116197.790800	102072.814200	123776.720600
85440.000000	110388.766700	115779.533400	102564.832700	123391.764800
85500.000000	110252.537000	115320.161700	102662.947500	123289.313800
85560.000000	109049.513400	115857.738500	103485.315300	123758.625500
85620.000000	111094.333800	115743.901600	102031.273100	123148.730400
85680.000000	109260.290800	116001.132600	102287.467600	123895.998800
85740.000000	109615.452900	116420.119400	102661.676000	123129.345700
85800.000000	110174.765200	115866.575500	102860.511500	122449.449800
85860.000000	109822.459100	116156.551700	102959.698700	122929.500600
85920.000000	110022.640400	115083.783800	101976.444300	122690.156700
85980.000000	110247.066300	115904.487100	102485.426600	122998.300800
86040.000000	110652.246000	115297.759200	102476.151900	123735.245500
86100.000000	110432.847500	116223.808800	102845.331700	123613.451800
86160.000000	110266.450000	116230.684500	102365.120700	123783.623200
86220.000000	110048.359500	116786.538500	103253.198000	123037.358600
86280.000000	111603.168900	116195.371700	102748.915500	122407.716300
86340.000000	109714.495700	116404.271300	102749.765400	124232.951000
86400.000000	110683.179100	115379.688100	103848.301600	124882.851500
